10.535 -3.67321e-06 1 -4.52391e-17 -2.71051e-20 -2.98407e-18 1 1 3.67321e-06 -1.19127e-16 0.00624945 2.6651e-17 0.16 0.0064 -0.0194 
10.535 3.67321e-06 -1 4.52391e-17 2.71051e-20 2.98407e-18 -1 1 3.67321e-06 -1.19127e-16 -0.00624945 -2.6651e-17 0.16 0.0064 -0.0194 
10.535 3.67321e-06 -1 4.52391e-17 -2.71051e-20 -2.98407e-18 1 -1 -3.67321e-06 1.19127e-16 -0.00624945 2.6651e-17 -0.16 0.0064 -0.0194 
10.535 -3.67321e-06 1 -4.52391e-17 2.71051e-20 2.98407e-18 -1 -1 -3.67321e-06 1.19127e-16 0.00624945 -2.6651e-17 -0.16 0.0064 -0.0194 
10.535 1.19127e-16 5.16264e-17 -1 3.67321e-06 -1 -2.79054e-18 -1 -3.67321e-06 1.19127e-16 -7.30142e-18 -0.00624945 -0.16 0.0064 -0.0194 
10.535 -1.19127e-16 -5.16264e-17 1 -3.67321e-06 1 2.79054e-18 -1 -3.67321e-06 1.19127e-16 7.30142e-18 0.00624945 -0.16 0.0064 -0.0194 
10.535 1.19127e-16 5.16264e-17 -1 -3.67321e-06 1 2.79054e-18 1 3.67321e-06 -1.19127e-16 -7.30142e-18 0.00624945 0.16 0.0064 -0.0194 
10.535 -1.19127e-16 -5.16264e-17 1 3.67321e-06 -1 -2.79054e-18 1 3.67321e-06 -1.19127e-16 7.30142e-18 -0.00624945 0.16 0.0064 -0.0194 
10.535 1.19127e-16 5.16264e-17 -1 1 3.67321e-06 0 3.67321e-06 -1 4.52391e-17 -7.30142e-18 0.16 -0.00624945 0.0064 -0.0194 
10.535 1.19127e-16 5.16264e-17 -1 -1 -3.67321e-06 0 -3.67321e-06 1 -4.52391e-17 -7.30142e-18 -0.16 0.00624945 0.0064 -0.0194 
10.535 -1.19127e-16 -5.16264e-17 1 -1 -3.67321e-06 0 3.67321e-06 -1 4.52391e-17 7.30142e-18 -0.16 -0.00624945 0.0064 -0.0194 
10.535 -1.19127e-16 -5.16264e-17 1 1 3.67321e-06 0 -3.67321e-06 1 -4.52391e-17 7.30142e-18 0.16 0.00624945 0.0064 -0.0194 
10.5349 -3.67321e-06 1 -4.52391e-17 -2.71051e-20 -2.98407e-18 1 1 3.67321e-06 -1.19127e-16 -5.50981e-07 3.59142e-19 0.16 0.0128 -0.0132 
10.5349 3.67321e-06 -1 4.52391e-17 2.71051e-20 2.98407e-18 -1 1 3.67321e-06 -1.19127e-16 5.50981e-07 -3.59142e-19 0.16 0.0128 -0.0132 
10.5349 3.67321e-06 -1 4.52391e-17 -2.71051e-20 -2.98407e-18 1 -1 -3.67321e-06 1.19127e-16 5.50981e-07 3.59142e-19 -0.16 0.0128 -0.0132 
10.5349 -3.67321e-06 1 -4.52391e-17 2.71051e-20 2.98407e-18 -1 -1 -3.67321e-06 1.19127e-16 -5.50981e-07 -3.59142e-19 -0.16 0.0128 -0.0132 
10.5349 1.19127e-16 5.16264e-17 -1 3.67321e-06 -1 -2.79054e-18 -1 -3.67321e-06 1.19127e-16 1.86923e-17 5.50981e-07 -0.16 0.0128 -0.0132 
10.5349 -1.19127e-16 -5.16264e-17 1 -3.67321e-06 1 2.79054e-18 -1 -3.67321e-06 1.19127e-16 -1.86923e-17 -5.50981e-07 -0.16 0.0128 -0.0132 
10.5349 1.19127e-16 5.16264e-17 -1 -3.67321e-06 1 2.79054e-18 1 3.67321e-06 -1.19127e-16 1.86923e-17 -5.50981e-07 0.16 0.0128 -0.0132 
10.5349 -1.19127e-16 -5.16264e-17 1 3.67321e-06 -1 -2.79054e-18 1 3.67321e-06 -1.19127e-16 -1.86923e-17 5.50981e-07 0.16 0.0128 -0.0132 
10.5349 1.19127e-16 5.16264e-17 -1 1 3.67321e-06 0 3.67321e-06 -1 4.52391e-17 1.86923e-17 0.16 5.50981e-07 0.0128 -0.0132 
10.5349 -1.19127e-16 -5.16264e-17 1 1 3.67321e-06 0 -3.67321e-06 1 -4.52391e-17 -1.86923e-17 0.16 -5.50981e-07 0.0128 -0.0132 
10.5349 1.19127e-16 5.16264e-17 -1 -1 -3.67321e-06 0 -3.67321e-06 1 -4.52391e-17 1.86923e-17 -0.16 -5.50981e-07 0.0128 -0.0132 
10.5349 -1.19127e-16 -5.16264e-17 1 -1 -3.67321e-06 0 3.67321e-06 -1 4.52391e-17 -1.86923e-17 -0.16 5.50981e-07 0.0128 -0.0132 
10.5349 3.67321e-06 -1 4.52391e-17 2.71051e-20 2.98407e-18 -1 1 3.67321e-06 -1.19127e-16 0.00625056 -1.84314e-18 0.16 0.0188 -0.0068 
10.5349 -3.67321e-06 1 -4.52391e-17 -2.71051e-20 -2.98407e-18 1 1 3.67321e-06 -1.19127e-16 -0.00625056 1.84314e-18 0.16 0.0188 -0.0068 
10.5349 3.67321e-06 -1 4.52391e-17 -2.71051e-20 -2.98407e-18 1 -1 -3.67321e-06 1.19127e-16 0.00625056 1.84314e-18 -0.16 0.0188 -0.0068 
10.5349 -3.67321e-06 1 -4.52391e-17 2.71051e-20 2.98407e-18 -1 -1 -3.67321e-06 1.19127e-16 -0.00625056 -1.84314e-18 -0.16 0.0188 -0.0068 
10.5349 1.19127e-16 5.16264e-17 -1 3.67321e-06 -1 -2.79054e-18 -1 -3.67321e-06 1.19127e-16 1.69508e-17 0.00625056 -0.16 0.0188 -0.0068 
10.5349 1.19127e-16 5.16264e-17 -1 -3.67321e-06 1 2.79054e-18 1 3.67321e-06 -1.19127e-16 1.69508e-17 -0.00625056 0.16 0.0188 -0.0068 
10.5349 -1.19127e-16 -5.16264e-17 1 -3.67321e-06 1 2.79054e-18 -1 -3.67321e-06 1.19127e-16 -1.69508e-17 -0.00625056 -0.16 0.0188 -0.0068 
10.5349 -1.19127e-16 -5.16264e-17 1 3.67321e-06 -1 -2.79054e-18 1 3.67321e-06 -1.19127e-16 -1.69508e-17 0.00625056 0.16 0.0188 -0.0068 
10.5349 -1.19127e-16 -5.16264e-17 1 -1 -3.67321e-06 0 3.67321e-06 -1 4.52391e-17 -1.69508e-17 -0.16 0.00625056 0.0188 -0.0068 
10.5349 1.19127e-16 5.16264e-17 -1 -1 -3.67321e-06 0 -3.67321e-06 1 -4.52391e-17 1.69508e-17 -0.16 -0.00625056 0.0188 -0.0068 
10.5349 1.19127e-16 5.16264e-17 -1 1 3.67321e-06 0 3.67321e-06 -1 4.52391e-17 1.69508e-17 0.16 0.00625056 0.0188 -0.0068 
10.5349 -1.19127e-16 -5.16264e-17 1 1 3.67321e-06 0 -3.67321e-06 1 -4.52391e-17 -1.69508e-17 0.16 -0.00625056 0.0188 -0.0068 
10.5349 1 3.67321e-06 -1.19127e-16 -3.67321e-06 1 2.79054e-18 -1.19127e-16 -5.16264e-17 1 0.16 0.00624945 7.30142e-18 0.0064 -0.0192 
10.5349 -1 -3.67321e-06 1.19127e-16 3.67321e-06 -1 -2.79054e-18 -1.19127e-16 -5.16264e-17 1 -0.16 -0.00624945 7.30142e-18 0.0064 -0.0192 
10.5349 -1 -3.67321e-06 1.19127e-16 -3.67321e-06 1 2.79054e-18 1.19127e-16 5.16264e-17 -1 -0.16 0.00624945 -7.30142e-18 0.0064 -0.0192 
10.5349 1 3.67321e-06 -1.19127e-16 3.67321e-06 -1 -2.79054e-18 1.19127e-16 5.16264e-17 -1 0.16 -0.00624945 -7.30142e-18 0.0064 -0.0192 
10.5349 1 3.67321e-06 -1.19127e-16 -2.71051e-20 -2.98407e-18 1 3.67321e-06 -1 4.52391e-17 0.16 2.6651e-17 -0.00624945 0.0064 -0.0192 
10.5349 -1 -3.67321e-06 1.19127e-16 2.71051e-20 2.98407e-18 -1 3.67321e-06 -1 4.52391e-17 -0.16 -2.6651e-17 -0.00624945 0.0064 -0.0192 
10.5349 1 3.67321e-06 -1.19127e-16 2.71051e-20 2.98407e-18 -1 -3.67321e-06 1 -4.52391e-17 0.16 -2.6651e-17 0.00624945 0.0064 -0.0192 
10.5349 -1 -3.67321e-06 1.19127e-16 -2.71051e-20 -2.98407e-18 1 -3.67321e-06 1 -4.52391e-17 -0.16 2.6651e-17 0.00624945 0.0064 -0.0192 
10.5349 -3.67321e-06 1 -4.52391e-17 1 3.67321e-06 0 1.19127e-16 5.16264e-17 -1 0.00624945 0.16 -7.30142e-18 0.0064 -0.0192 
10.5349 3.67321e-06 -1 4.52391e-17 -1 -3.67321e-06 0 1.19127e-16 5.16264e-17 -1 -0.00624945 -0.16 -7.30142e-18 0.0064 -0.0192 
10.5349 3.67321e-06 -1 4.52391e-17 1 3.67321e-06 0 -1.19127e-16 -5.16264e-17 1 -0.00624945 0.16 7.30142e-18 0.0064 -0.0192 
10.5349 -3.67321e-06 1 -4.52391e-17 -1 -3.67321e-06 0 -1.19127e-16 -5.16264e-17 1 0.00624945 -0.16 7.30142e-18 0.0064 -0.0192 
10.5349 -1 -3.67321e-06 1.19127e-16 3.67321e-06 -1 -2.79054e-18 -1.19127e-16 -5.16264e-17 1 -0.16 5.50981e-07 -1.86923e-17 0.0128 -0.0132 
10.5349 1 3.67321e-06 -1.19127e-16 -3.67321e-06 1 2.79054e-18 -1.19127e-16 -5.16264e-17 1 0.16 -5.50981e-07 -1.86923e-17 0.0128 -0.0132 
10.5349 1 3.67321e-06 -1.19127e-16 3.67321e-06 -1 -2.79054e-18 1.19127e-16 5.16264e-17 -1 0.16 5.50981e-07 1.86923e-17 0.0128 -0.0132 
10.5349 -1 -3.67321e-06 1.19127e-16 -3.67321e-06 1 2.79054e-18 1.19127e-16 5.16264e-17 -1 -0.16 -5.50981e-07 1.86923e-17 0.0128 -0.0132 
10.5349 -1 -3.67321e-06 1.19127e-16 -2.71051e-20 -2.98407e-18 1 -3.67321e-06 1 -4.52391e-17 -0.16 3.59142e-19 -5.50981e-07 0.0128 -0.0132 
10.5349 1 3.67321e-06 -1.19127e-16 2.71051e-20 2.98407e-18 -1 -3.67321e-06 1 -4.52391e-17 0.16 -3.59142e-19 -5.50981e-07 0.0128 -0.0132 
10.5349 -1 -3.67321e-06 1.19127e-16 2.71051e-20 2.98407e-18 -1 3.67321e-06 -1 4.52391e-17 -0.16 -3.59142e-19 5.50981e-07 0.0128 -0.0132 
10.5349 1 3.67321e-06 -1.19127e-16 -2.71051e-20 -2.98407e-18 1 3.67321e-06 -1 4.52391e-17 0.16 3.59142e-19 5.50981e-07 0.0128 -0.0132 
10.5349 3.67321e-06 -1 4.52391e-17 -1 -3.67321e-06 0 1.19127e-16 5.16264e-17 -1 5.50981e-07 -0.16 1.86923e-17 0.0128 -0.0132 
10.5349 3.67321e-06 -1 4.52391e-17 1 3.67321e-06 0 -1.19127e-16 -5.16264e-17 1 5.50981e-07 0.16 -1.86923e-17 0.0128 -0.0132 
10.5349 -3.67321e-06 1 -4.52391e-17 1 3.67321e-06 0 1.19127e-16 5.16264e-17 -1 -5.50981e-07 0.16 1.86923e-17 0.0128 -0.0132 
10.5349 -3.67321e-06 1 -4.52391e-17 -1 -3.67321e-06 0 -1.19127e-16 -5.16264e-17 1 -5.50981e-07 -0.16 -1.86923e-17 0.0128 -0.0132 
10.5349 1 3.67321e-06 -1.19127e-16 -3.67321e-06 1 2.79054e-18 -1.19127e-16 -5.16264e-17 1 0.16 -0.00625056 -1.69508e-17 0.0188 -0.0068 
10.5349 -1 -3.67321e-06 1.19127e-16 3.67321e-06 -1 -2.79054e-18 -1.19127e-16 -5.16264e-17 1 -0.16 0.00625056 -1.69508e-17 0.0188 -0.0068 
10.5349 -1 -3.67321e-06 1.19127e-16 -3.67321e-06 1 2.79054e-18 1.19127e-16 5.16264e-17 -1 -0.16 -0.00625056 1.69508e-17 0.0188 -0.0068 
10.5349 1 3.67321e-06 -1.19127e-16 3.67321e-06 -1 -2.79054e-18 1.19127e-16 5.16264e-17 -1 0.16 0.00625056 1.69508e-17 0.0188 -0.0068 
10.5349 -1 -3.67321e-06 1.19127e-16 2.71051e-20 2.98407e-18 -1 3.67321e-06 -1 4.52391e-17 -0.16 -1.84314e-18 0.00625056 0.0188 -0.0068 
10.5349 1 3.67321e-06 -1.19127e-16 -2.71051e-20 -2.98407e-18 1 3.67321e-06 -1 4.52391e-17 0.16 1.84314e-18 0.00625056 0.0188 -0.0068 
10.5349 -1 -3.67321e-06 1.19127e-16 -2.71051e-20 -2.98407e-18 1 -3.67321e-06 1 -4.52391e-17 -0.16 1.84314e-18 -0.00625056 0.0188 -0.0068 
10.5349 1 3.67321e-06 -1.19127e-16 2.71051e-20 2.98407e-18 -1 -3.67321e-06 1 -4.52391e-17 0.16 -1.84314e-18 -0.00625056 0.0188 -0.0068 
10.5349 -3.67321e-06 1 -4.52391e-17 1 3.67321e-06 0 1.19127e-16 5.16264e-17 -1 -0.00625056 0.16 1.69508e-17 0.0188 -0.0068 
10.5349 3.67321e-06 -1 4.52391e-17 1 3.67321e-06 0 -1.19127e-16 -5.16264e-17 1 0.00625056 0.16 -1.69508e-17 0.0188 -0.0068 
10.5349 -3.67321e-06 1 -4.52391e-17 -1 -3.67321e-06 0 -1.19127e-16 -5.16264e-17 1 -0.00625056 -0.16 -1.69508e-17 0.0188 -0.0068 
10.5349 3.67321e-06 -1 4.52391e-17 -1 -3.67321e-06 0 1.19127e-16 5.16264e-17 -1 0.00625056 -0.16 1.69508e-17 0.0188 -0.0068 
9.91682 1 3.67321e-06 -1.19127e-16 -2.71051e-20 -2.98407e-18 1 3.67321e-06 -1 4.52391e-17 0.16 -0.00625001 -0.00624945 0.0064 -0.0194 
9.91682 -1 -3.67321e-06 1.19127e-16 2.71051e-20 2.98407e-18 -1 3.67321e-06 -1 4.52391e-17 -0.16 0.00625001 -0.00624945 0.0064 -0.0194 
9.91682 1 3.67321e-06 -1.19127e-16 2.71051e-20 2.98407e-18 -1 -3.67321e-06 1 -4.52391e-17 0.16 0.00625001 0.00624945 0.0064 -0.0194 
9.91682 -1 -3.67321e-06 1.19127e-16 -2.71051e-20 -2.98407e-18 1 -3.67321e-06 1 -4.52391e-17 -0.16 -0.00625001 0.00624945 0.0064 -0.0194 
9.91682 1 3.67321e-06 -1.19127e-16 -3.67321e-06 1 2.79054e-18 -1.19127e-16 -5.16264e-17 1 0.16 0.00624945 -0.00625001 0.0064 -0.0194 
9.91682 -1 -3.67321e-06 1.19127e-16 3.67321e-06 -1 -2.79054e-18 -1.19127e-16 -5.16264e-17 1 -0.16 -0.00624945 -0.00625001 0.0064 -0.0194 
9.91682 1 3.67321e-06 -1.19127e-16 3.67321e-06 -1 -2.79054e-18 1.19127e-16 5.16264e-17 -1 0.16 -0.00624945 0.00625001 0.0064 -0.0194 
9.91682 -1 -3.67321e-06 1.19127e-16 -3.67321e-06 1 2.79054e-18 1.19127e-16 5.16264e-17 -1 -0.16 0.00624945 0.00625001 0.0064 -0.0194 
9.91682 3.67321e-06 -1 4.52391e-17 -1 -3.67321e-06 0 1.19127e-16 5.16264e-17 -1 -0.00624945 -0.16 0.00625001 0.0064 -0.0194 
9.91682 -3.67321e-06 1 -4.52391e-17 1 3.67321e-06 0 1.19127e-16 5.16264e-17 -1 0.00624945 0.16 0.00625001 0.0064 -0.0194 
9.91682 -3.67321e-06 1 -4.52391e-17 -1 -3.67321e-06 0 -1.19127e-16 -5.16264e-17 1 0.00624945 -0.16 -0.00625001 0.0064 -0.0194 
9.91682 3.67321e-06 -1 4.52391e-17 1 3.67321e-06 0 -1.19127e-16 -5.16264e-17 1 -0.00624945 0.16 -0.00625001 0.0064 -0.0194 
9.91682 1 3.67321e-06 -1.19127e-16 -2.71051e-20 -2.98407e-18 1 3.67321e-06 -1 4.52391e-17 0.16 -0.00625001 0.00625056 0.0188 -0.0068 
9.91682 1 3.67321e-06 -1.19127e-16 2.71051e-20 2.98407e-18 -1 -3.67321e-06 1 -4.52391e-17 0.16 0.00625001 -0.00625056 0.0188 -0.0068 
9.91682 -1 -3.67321e-06 1.19127e-16 2.71051e-20 2.98407e-18 -1 3.67321e-06 -1 4.52391e-17 -0.16 0.00625001 0.00625056 0.0188 -0.0068 
9.91682 -1 -3.67321e-06 1.19127e-16 -2.71051e-20 -2.98407e-18 1 -3.67321e-06 1 -4.52391e-17 -0.16 -0.00625001 -0.00625056 0.0188 -0.0068 
9.91682 1 3.67321e-06 -1.19127e-16 3.67321e-06 -1 -2.79054e-18 1.19127e-16 5.16264e-17 -1 0.16 0.00625056 0.00625001 0.0188 -0.0068 
9.91682 1 3.67321e-06 -1.19127e-16 -3.67321e-06 1 2.79054e-18 -1.19127e-16 -5.16264e-17 1 0.16 -0.00625056 -0.00625001 0.0188 -0.0068 
9.91682 -1 -3.67321e-06 1.19127e-16 -3.67321e-06 1 2.79054e-18 1.19127e-16 5.16264e-17 -1 -0.16 -0.00625056 0.00625001 0.0188 -0.0068 
9.91682 -1 -3.67321e-06 1.19127e-16 3.67321e-06 -1 -2.79054e-18 -1.19127e-16 -5.16264e-17 1 -0.16 0.00625056 -0.00625001 0.0188 -0.0068 
9.91682 3.67321e-06 -1 4.52391e-17 -1 -3.67321e-06 0 1.19127e-16 5.16264e-17 -1 0.00625056 -0.16 0.00625001 0.0188 -0.0068 
9.91682 -3.67321e-06 1 -4.52391e-17 -1 -3.67321e-06 0 -1.19127e-16 -5.16264e-17 1 -0.00625056 -0.16 -0.00625001 0.0188 -0.0068 
9.91682 3.67321e-06 -1 4.52391e-17 1 3.67321e-06 0 -1.19127e-16 -5.16264e-17 1 0.00625056 0.16 -0.00625001 0.0188 -0.0068 
9.91682 -3.67321e-06 1 -4.52391e-17 1 3.67321e-06 0 1.19127e-16 5.16264e-17 -1 -0.00625056 0.16 0.00625001 0.0188 -0.0068 
9.91682 -1 -3.67321e-06 1.19127e-16 -2.71051e-20 -2.98407e-18 1 -3.67321e-06 1 -4.52391e-17 -0.16 -0.00625001 -5.50981e-07 0.0128 -0.0132 
9.91682 1 3.67321e-06 -1.19127e-16 -2.71051e-20 -2.98407e-18 1 3.67321e-06 -1 4.52391e-17 0.16 -0.00625001 5.50981e-07 0.0128 -0.0132 
9.91682 1 3.67321e-06 -1.19127e-16 2.71051e-20 2.98407e-18 -1 -3.67321e-06 1 -4.52391e-17 0.16 0.00625001 -5.50981e-07 0.0128 -0.0132 
9.91682 -1 -3.67321e-06 1.19127e-16 2.71051e-20 2.98407e-18 -1 3.67321e-06 -1 4.52391e-17 -0.16 0.00625001 5.50981e-07 0.0128 -0.0132 
9.91682 1 3.67321e-06 -1.19127e-16 -3.67321e-06 1 2.79054e-18 -1.19127e-16 -5.16264e-17 1 0.16 -5.50981e-07 -0.00625001 0.0128 -0.0132 
9.91682 1 3.67321e-06 -1.19127e-16 3.67321e-06 -1 -2.79054e-18 1.19127e-16 5.16264e-17 -1 0.16 5.50981e-07 0.00625001 0.0128 -0.0132 
9.91682 -1 -3.67321e-06 1.19127e-16 -3.67321e-06 1 2.79054e-18 1.19127e-16 5.16264e-17 -1 -0.16 -5.50981e-07 0.00625001 0.0128 -0.0132 
9.91682 -1 -3.67321e-06 1.19127e-16 3.67321e-06 -1 -2.79054e-18 -1.19127e-16 -5.16264e-17 1 -0.16 5.50981e-07 -0.00625001 0.0128 -0.0132 
9.91682 3.67321e-06 -1 4.52391e-17 -1 -3.67321e-06 0 1.19127e-16 5.16264e-17 -1 5.50981e-07 -0.16 0.00625001 0.0128 -0.0132 
9.91682 3.67321e-06 -1 4.52391e-17 1 3.67321e-06 0 -1.19127e-16 -5.16264e-17 1 5.50981e-07 0.16 -0.00625001 0.0128 -0.0132 
9.91682 -3.67321e-06 1 -4.52391e-17 1 3.67321e-06 0 1.19127e-16 5.16264e-17 -1 -5.50981e-07 0.16 0.00625001 0.0128 -0.0132 
9.91682 -3.67321e-06 1 -4.52391e-17 -1 -3.67321e-06 0 -1.19127e-16 -5.16264e-17 1 -5.50981e-07 -0.16 -0.00625001 0.0128 -0.0132 
9.91681 1.19127e-16 5.16264e-17 -1 3.67321e-06 -1 -2.79054e-18 -1 -3.67321e-06 1.19127e-16 0.00625001 -0.00624945 -0.16 0.0064 -0.0194 
9.91681 1.19127e-16 5.16264e-17 -1 -3.67321e-06 1 2.79054e-18 1 3.67321e-06 -1.19127e-16 0.00625001 0.00624945 0.16 0.0064 -0.0194 
9.91681 -1.19127e-16 -5.16264e-17 1 3.67321e-06 -1 -2.79054e-18 1 3.67321e-06 -1.19127e-16 -0.00625001 -0.00624945 0.16 0.0064 -0.0194 
9.91681 -1.19127e-16 -5.16264e-17 1 -3.67321e-06 1 2.79054e-18 -1 -3.67321e-06 1.19127e-16 -0.00625001 0.00624945 -0.16 0.0064 -0.0194 
9.91681 -3.67321e-06 1 -4.52391e-17 -2.71051e-20 -2.98407e-18 1 1 3.67321e-06 -1.19127e-16 0.00624945 -0.00625001 0.16 0.0064 -0.0194 
9.91681 3.67321e-06 -1 4.52391e-17 -2.71051e-20 -2.98407e-18 1 -1 -3.67321e-06 1.19127e-16 -0.00624945 -0.00625001 -0.16 0.0064 -0.0194 
9.91681 3.67321e-06 -1 4.52391e-17 2.71051e-20 2.98407e-18 -1 1 3.67321e-06 -1.19127e-16 -0.00624945 0.00625001 0.16 0.0064 -0.0194 
9.91681 -3.67321e-06 1 -4.52391e-17 2.71051e-20 2.98407e-18 -1 -1 -3.67321e-06 1.19127e-16 0.00624945 0.00625001 -0.16 0.0064 -0.0194 
9.91681 1.19127e-16 5.16264e-17 -1 1 3.67321e-06 0 3.67321e-06 -1 4.52391e-17 0.00625001 0.16 -0.00624945 0.0064 -0.0194 
9.91681 -1.19127e-16 -5.16264e-17 1 1 3.67321e-06 0 -3.67321e-06 1 -4.52391e-17 -0.00625001 0.16 0.00624945 0.0064 -0.0194 
9.91681 -1.19127e-16 -5.16264e-17 1 -1 -3.67321e-06 0 3.67321e-06 -1 4.52391e-17 -0.00625001 -0.16 -0.00624945 0.0064 -0.0194 
9.91681 1.19127e-16 5.16264e-17 -1 -1 -3.67321e-06 0 -3.67321e-06 1 -4.52391e-17 0.00625001 -0.16 0.00624945 0.0064 -0.0194 
9.9168 1.19127e-16 5.16264e-17 -1 3.67321e-06 -1 -2.79054e-18 -1 -3.67321e-06 1.19127e-16 0.00625001 0.00625056 -0.16 0.0188 -0.0068 
9.9168 -1.19127e-16 -5.16264e-17 1 3.67321e-06 -1 -2.79054e-18 1 3.67321e-06 -1.19127e-16 -0.00625001 0.00625056 0.16 0.0188 -0.0068 
9.9168 1.19127e-16 5.16264e-17 -1 -3.67321e-06 1 2.79054e-18 1 3.67321e-06 -1.19127e-16 0.00625001 -0.00625056 0.16 0.0188 -0.0068 
9.9168 -1.19127e-16 -5.16264e-17 1 -3.67321e-06 1 2.79054e-18 -1 -3.67321e-06 1.19127e-16 -0.00625001 -0.00625056 -0.16 0.0188 -0.0068 
9.9168 -3.67321e-06 1 -4.52391e-17 -2.71051e-20 -2.98407e-18 1 1 3.67321e-06 -1.19127e-16 -0.00625056 -0.00625001 0.16 0.0188 -0.0068 
9.9168 3.67321e-06 -1 4.52391e-17 2.71051e-20 2.98407e-18 -1 1 3.67321e-06 -1.19127e-16 0.00625056 0.00625001 0.16 0.0188 -0.0068 
9.9168 3.67321e-06 -1 4.52391e-17 -2.71051e-20 -2.98407e-18 1 -1 -3.67321e-06 1.19127e-16 0.00625056 -0.00625001 -0.16 0.0188 -0.0068 
9.9168 -3.67321e-06 1 -4.52391e-17 2.71051e-20 2.98407e-18 -1 -1 -3.67321e-06 1.19127e-16 -0.00625056 0.00625001 -0.16 0.0188 -0.0068 
9.9168 -1.19127e-16 -5.16264e-17 1 -1 -3.67321e-06 0 3.67321e-06 -1 4.52391e-17 -0.00625001 -0.16 0.00625056 0.0188 -0.0068 
9.9168 1.19127e-16 5.16264e-17 -1 -1 -3.67321e-06 0 -3.67321e-06 1 -4.52391e-17 0.00625001 -0.16 -0.00625056 0.0188 -0.0068 
9.9168 -1.19127e-16 -5.16264e-17 1 1 3.67321e-06 0 -3.67321e-06 1 -4.52391e-17 -0.00625001 0.16 -0.00625056 0.0188 -0.0068 
9.9168 1.19127e-16 5.16264e-17 -1 1 3.67321e-06 0 3.67321e-06 -1 4.52391e-17 0.00625001 0.16 0.00625056 0.0188 -0.0068 
9.9168 -1.19127e-16 -5.16264e-17 1 3.67321e-06 -1 -2.79054e-18 1 3.67321e-06 -1.19127e-16 -0.00625001 5.50981e-07 0.16 0.0128 -0.0132 
9.9168 1.19127e-16 5.16264e-17 -1 3.67321e-06 -1 -2.79054e-18 -1 -3.67321e-06 1.19127e-16 0.00625001 5.50981e-07 -0.16 0.0128 -0.0132 
9.9168 1.19127e-16 5.16264e-17 -1 -3.67321e-06 1 2.79054e-18 1 3.67321e-06 -1.19127e-16 0.00625001 -5.50981e-07 0.16 0.0128 -0.0132 
9.9168 -1.19127e-16 -5.16264e-17 1 -3.67321e-06 1 2.79054e-18 -1 -3.67321e-06 1.19127e-16 -0.00625001 -5.50981e-07 -0.16 0.0128 -0.0132 
9.9168 -3.67321e-06 1 -4.52391e-17 2.71051e-20 2.98407e-18 -1 -1 -3.67321e-06 1.19127e-16 -5.50981e-07 0.00625001 -0.16 0.0128 -0.0132 
9.9168 -3.67321e-06 1 -4.52391e-17 -2.71051e-20 -2.98407e-18 1 1 3.67321e-06 -1.19127e-16 -5.50981e-07 -0.00625001 0.16 0.0128 -0.0132 
9.9168 3.67321e-06 -1 4.52391e-17 2.71051e-20 2.98407e-18 -1 1 3.67321e-06 -1.19127e-16 5.50981e-07 0.00625001 0.16 0.0128 -0.0132 
9.9168 3.67321e-06 -1 4.52391e-17 -2.71051e-20 -2.98407e-18 1 -1 -3.67321e-06 1.19127e-16 5.50981e-07 -0.00625001 -0.16 0.0128 -0.0132 
9.9168 1.19127e-16 5.16264e-17 -1 -1 -3.67321e-06 0 -3.67321e-06 1 -4.52391e-17 0.00625001 -0.16 -5.50981e-07 0.0128 -0.0132 
9.9168 -1.19127e-16 -5.16264e-17 1 1 3.67321e-06 0 -3.67321e-06 1 -4.52391e-17 -0.00625001 0.16 -5.50981e-07 0.0128 -0.0132 
9.9168 -1.19127e-16 -5.16264e-17 1 -1 -3.67321e-06 0 3.67321e-06 -1 4.52391e-17 -0.00625001 -0.16 5.50981e-07 0.0128 -0.0132 
9.9168 1.19127e-16 5.16264e-17 -1 1 3.67321e-06 0 3.67321e-06 -1 4.52391e-17 0.00625001 0.16 5.50981e-07 0.0128 -0.0132 
9.89906 -1 -3.67321e-06 1.19127e-16 -2.71051e-20 -2.98407e-18 1 -3.67321e-06 1 -4.52391e-17 -0.16 0.00625001 0.00624945 0.0064 -0.0192 
9.89906 -1 -3.67321e-06 1.19127e-16 2.71051e-20 2.98407e-18 -1 3.67321e-06 -1 4.52391e-17 -0.16 -0.00625001 -0.00624945 0.0064 -0.0192 
9.89906 1 3.67321e-06 -1.19127e-16 -2.71051e-20 -2.98407e-18 1 3.67321e-06 -1 4.52391e-17 0.16 0.00625001 -0.00624945 0.0064 -0.0192 
9.89906 1 3.67321e-06 -1.19127e-16 2.71051e-20 2.98407e-18 -1 -3.67321e-06 1 -4.52391e-17 0.16 -0.00625001 0.00624945 0.0064 -0.0192 
9.89906 1 3.67321e-06 -1.19127e-16 -3.67321e-06 1 2.79054e-18 -1.19127e-16 -5.16264e-17 1 0.16 0.00624945 0.00625001 0.0064 -0.0192 
9.89906 -1 -3.67321e-06 1.19127e-16 -3.67321e-06 1 2.79054e-18 1.19127e-16 5.16264e-17 -1 -0.16 0.00624945 -0.00625001 0.0064 -0.0192 
9.89906 -1 -3.67321e-06 1.19127e-16 3.67321e-06 -1 -2.79054e-18 -1.19127e-16 -5.16264e-17 1 -0.16 -0.00624945 0.00625001 0.0064 -0.0192 
9.89906 1 3.67321e-06 -1.19127e-16 3.67321e-06 -1 -2.79054e-18 1.19127e-16 5.16264e-17 -1 0.16 -0.00624945 -0.00625001 0.0064 -0.0192 
9.89906 3.67321e-06 -1 4.52391e-17 -1 -3.67321e-06 0 1.19127e-16 5.16264e-17 -1 -0.00624945 -0.16 -0.00625001 0.0064 -0.0192 
9.89906 3.67321e-06 -1 4.52391e-17 1 3.67321e-06 0 -1.19127e-16 -5.16264e-17 1 -0.00624945 0.16 0.00625001 0.0064 -0.0192 
9.89906 -3.67321e-06 1 -4.52391e-17 1 3.67321e-06 0 1.19127e-16 5.16264e-17 -1 0.00624945 0.16 -0.00625001 0.0064 -0.0192 
9.89906 -3.67321e-06 1 -4.52391e-17 -1 -3.67321e-06 0 -1.19127e-16 -5.16264e-17 1 0.00624945 -0.16 0.00625001 0.0064 -0.0192 
9.89906 -1 -3.67321e-06 1.19127e-16 2.71051e-20 2.98407e-18 -1 3.67321e-06 -1 4.52391e-17 -0.16 -0.00625001 5.50981e-07 0.0128 -0.0132 
9.89906 1 3.67321e-06 -1.19127e-16 2.71051e-20 2.98407e-18 -1 -3.67321e-06 1 -4.52391e-17 0.16 -0.00625001 -5.50981e-07 0.0128 -0.0132 
9.89906 -1 -3.67321e-06 1.19127e-16 -2.71051e-20 -2.98407e-18 1 -3.67321e-06 1 -4.52391e-17 -0.16 0.00625001 -5.50981e-07 0.0128 -0.0132 
9.89906 1 3.67321e-06 -1.19127e-16 -2.71051e-20 -2.98407e-18 1 3.67321e-06 -1 4.52391e-17 0.16 0.00625001 5.50981e-07 0.0128 -0.0132 
9.89906 -1 -3.67321e-06 1.19127e-16 -3.67321e-06 1 2.79054e-18 1.19127e-16 5.16264e-17 -1 -0.16 -5.50981e-07 -0.00625001 0.0128 -0.0132 
9.89906 1 3.67321e-06 -1.19127e-16 3.67321e-06 -1 -2.79054e-18 1.19127e-16 5.16264e-17 -1 0.16 5.50981e-07 -0.00625001 0.0128 -0.0132 
9.89906 -1 -3.67321e-06 1.19127e-16 3.67321e-06 -1 -2.79054e-18 -1.19127e-16 -5.16264e-17 1 -0.16 5.50981e-07 0.00625001 0.0128 -0.0132 
9.89906 1 3.67321e-06 -1.19127e-16 -3.67321e-06 1 2.79054e-18 -1.19127e-16 -5.16264e-17 1 0.16 -5.50981e-07 0.00625001 0.0128 -0.0132 
9.89905 -3.67321e-06 1 -4.52391e-17 -1 -3.67321e-06 0 -1.19127e-16 -5.16264e-17 1 -5.50981e-07 -0.16 0.00625001 0.0128 -0.0132 
9.89905 3.67321e-06 -1 4.52391e-17 1 3.67321e-06 0 -1.19127e-16 -5.16264e-17 1 5.50981e-07 0.16 0.00625001 0.0128 -0.0132 
9.89905 3.67321e-06 -1 4.52391e-17 -1 -3.67321e-06 0 1.19127e-16 5.16264e-17 -1 5.50981e-07 -0.16 -0.00625001 0.0128 -0.0132 
9.89905 -3.67321e-06 1 -4.52391e-17 1 3.67321e-06 0 1.19127e-16 5.16264e-17 -1 -5.50981e-07 0.16 -0.00625001 0.0128 -0.0132 
9.89905 1 3.67321e-06 -1.19127e-16 2.71051e-20 2.98407e-18 -1 -3.67321e-06 1 -4.52391e-17 0.16 -0.00625001 -0.00625056 0.0188 -0.0068 
9.89905 -1 -3.67321e-06 1.19127e-16 -2.71051e-20 -2.98407e-18 1 -3.67321e-06 1 -4.52391e-17 -0.16 0.00625001 -0.00625056 0.0188 -0.0068 
9.89905 1 3.67321e-06 -1.19127e-16 -2.71051e-20 -2.98407e-18 1 3.67321e-06 -1 4.52391e-17 0.16 0.00625001 0.00625056 0.0188 -0.0068 
9.89905 -1 -3.67321e-06 1.19127e-16 2.71051e-20 2.98407e-18 -1 3.67321e-06 -1 4.52391e-17 -0.16 -0.00625001 0.00625056 0.0188 -0.0068 
9.89905 1 3.67321e-06 -1.19127e-16 3.67321e-06 -1 -2.79054e-18 1.19127e-16 5.16264e-17 -1 0.16 0.00625056 -0.00625001 0.0188 -0.0068 
9.89905 -1 -3.67321e-06 1.19127e-16 -3.67321e-06 1 2.79054e-18 1.19127e-16 5.16264e-17 -1 -0.16 -0.00625056 -0.00625001 0.0188 -0.0068 
9.89905 -1 -3.67321e-06 1.19127e-16 3.67321e-06 -1 -2.79054e-18 -1.19127e-16 -5.16264e-17 1 -0.16 0.00625056 0.00625001 0.0188 -0.0068 
9.89905 1 3.67321e-06 -1.19127e-16 -3.67321e-06 1 2.79054e-18 -1.19127e-16 -5.16264e-17 1 0.16 -0.00625056 0.00625001 0.0188 -0.0068 
9.89905 -3.67321e-06 1 -4.52391e-17 1 3.67321e-06 0 1.19127e-16 5.16264e-17 -1 -0.00625056 0.16 -0.00625001 0.0188 -0.0068 
9.89905 3.67321e-06 -1 4.52391e-17 1 3.67321e-06 0 -1.19127e-16 -5.16264e-17 1 0.00625056 0.16 0.00625001 0.0188 -0.0068 
9.89905 -3.67321e-06 1 -4.52391e-17 -1 -3.67321e-06 0 -1.19127e-16 -5.16264e-17 1 -0.00625056 -0.16 0.00625001 0.0188 -0.0068 
9.89905 3.67321e-06 -1 4.52391e-17 -1 -3.67321e-06 0 1.19127e-16 5.16264e-17 -1 0.00625056 -0.16 -0.00625001 0.0188 -0.0068 
9.89905 3.67321e-06 -1 4.52391e-17 2.71051e-20 2.98407e-18 -1 1 3.67321e-06 -1.19127e-16 -0.00624945 -0.00625001 0.16 0.0064 -0.0192 
9.89905 -3.67321e-06 1 -4.52391e-17 2.71051e-20 2.98407e-18 -1 -1 -3.67321e-06 1.19127e-16 0.00624945 -0.00625001 -0.16 0.0064 -0.0192 
9.89905 3.67321e-06 -1 4.52391e-17 -2.71051e-20 -2.98407e-18 1 -1 -3.67321e-06 1.19127e-16 -0.00624945 0.00625001 -0.16 0.0064 -0.0192 
9.89905 -3.67321e-06 1 -4.52391e-17 -2.71051e-20 -2.98407e-18 1 1 3.67321e-06 -1.19127e-16 0.00624945 0.00625001 0.16 0.0064 -0.0192 
9.89905 -1.19127e-16 -5.16264e-17 1 3.67321e-06 -1 -2.79054e-18 1 3.67321e-06 -1.19127e-16 0.00625001 -0.00624945 0.16 0.0064 -0.0192 
9.89905 1.19127e-16 5.16264e-17 -1 3.67321e-06 -1 -2.79054e-18 -1 -3.67321e-06 1.19127e-16 -0.00625001 -0.00624945 -0.16 0.0064 -0.0192 
9.89905 -1.19127e-16 -5.16264e-17 1 -3.67321e-06 1 2.79054e-18 -1 -3.67321e-06 1.19127e-16 0.00625001 0.00624945 -0.16 0.0064 -0.0192 
9.89905 1.19127e-16 5.16264e-17 -1 -3.67321e-06 1 2.79054e-18 1 3.67321e-06 -1.19127e-16 -0.00625001 0.00624945 0.16 0.0064 -0.0192 
9.89905 1.19127e-16 5.16264e-17 -1 -1 -3.67321e-06 0 -3.67321e-06 1 -4.52391e-17 -0.00625001 -0.16 0.00624945 0.0064 -0.0192 
9.89905 -1.19127e-16 -5.16264e-17 1 -1 -3.67321e-06 0 3.67321e-06 -1 4.52391e-17 0.00625001 -0.16 -0.00624945 0.0064 -0.0192 
9.89905 1.19127e-16 5.16264e-17 -1 1 3.67321e-06 0 3.67321e-06 -1 4.52391e-17 -0.00625001 0.16 -0.00624945 0.0064 -0.0192 
9.89905 -1.19127e-16 -5.16264e-17 1 1 3.67321e-06 0 -3.67321e-06 1 -4.52391e-17 0.00625001 0.16 0.00624945 0.0064 -0.0192 
9.89905 3.67321e-06 -1 4.52391e-17 -2.71051e-20 -2.98407e-18 1 -1 -3.67321e-06 1.19127e-16 5.50981e-07 0.00625001 -0.16 0.0128 -0.0132 
9.89905 -3.67321e-06 1 -4.52391e-17 2.71051e-20 2.98407e-18 -1 -1 -3.67321e-06 1.19127e-16 -5.50981e-07 -0.00625001 -0.16 0.0128 -0.0132 
9.89905 -3.67321e-06 1 -4.52391e-17 -2.71051e-20 -2.98407e-18 1 1 3.67321e-06 -1.19127e-16 -5.50981e-07 0.00625001 0.16 0.0128 -0.0132 
9.89905 3.67321e-06 -1 4.52391e-17 2.71051e-20 2.98407e-18 -1 1 3.67321e-06 -1.19127e-16 5.50981e-07 -0.00625001 0.16 0.0128 -0.0132 
9.89905 1.19127e-16 5.16264e-17 -1 -3.67321e-06 1 2.79054e-18 1 3.67321e-06 -1.19127e-16 -0.00625001 -5.50981e-07 0.16 0.0128 -0.0132 
9.89905 1.19127e-16 5.16264e-17 -1 3.67321e-06 -1 -2.79054e-18 -1 -3.67321e-06 1.19127e-16 -0.00625001 5.50981e-07 -0.16 0.0128 -0.0132 
9.89905 -1.19127e-16 -5.16264e-17 1 -3.67321e-06 1 2.79054e-18 -1 -3.67321e-06 1.19127e-16 0.00625001 -5.50981e-07 -0.16 0.0128 -0.0132 
9.89905 -1.19127e-16 -5.16264e-17 1 3.67321e-06 -1 -2.79054e-18 1 3.67321e-06 -1.19127e-16 0.00625001 5.50981e-07 0.16 0.0128 -0.0132 
9.89905 -1.19127e-16 -5.16264e-17 1 1 3.67321e-06 0 -3.67321e-06 1 -4.52391e-17 0.00625001 0.16 -5.50981e-07 0.0128 -0.0132 
9.89905 1.19127e-16 5.16264e-17 -1 -1 -3.67321e-06 0 -3.67321e-06 1 -4.52391e-17 -0.00625001 -0.16 -5.50981e-07 0.0128 -0.0132 
9.89905 -1.19127e-16 -5.16264e-17 1 -1 -3.67321e-06 0 3.67321e-06 -1 4.52391e-17 0.00625001 -0.16 5.50981e-07 0.0128 -0.0132 
9.89905 1.19127e-16 5.16264e-17 -1 1 3.67321e-06 0 3.67321e-06 -1 4.52391e-17 -0.00625001 0.16 5.50981e-07 0.0128 -0.0132 
9.89905 3.67321e-06 -1 4.52391e-17 -2.71051e-20 -2.98407e-18 1 -1 -3.67321e-06 1.19127e-16 0.00625056 0.00625001 -0.16 0.0188 -0.0068 
9.89905 -3.67321e-06 1 -4.52391e-17 2.71051e-20 2.98407e-18 -1 -1 -3.67321e-06 1.19127e-16 -0.00625056 -0.00625001 -0.16 0.0188 -0.0068 
9.89905 -3.67321e-06 1 -4.52391e-17 -2.71051e-20 -2.98407e-18 1 1 3.67321e-06 -1.19127e-16 -0.00625056 0.00625001 0.16 0.0188 -0.0068 
9.89905 3.67321e-06 -1 4.52391e-17 2.71051e-20 2.98407e-18 -1 1 3.67321e-06 -1.19127e-16 0.00625056 -0.00625001 0.16 0.0188 -0.0068 
9.89905 -1.19127e-16 -5.16264e-17 1 3.67321e-06 -1 -2.79054e-18 1 3.67321e-06 -1.19127e-16 0.00625001 0.00625056 0.16 0.0188 -0.0068 
9.89905 1.19127e-16 5.16264e-17 -1 -3.67321e-06 1 2.79054e-18 1 3.67321e-06 -1.19127e-16 -0.00625001 -0.00625056 0.16 0.0188 -0.0068 
9.89905 1.19127e-16 5.16264e-17 -1 3.67321e-06 -1 -2.79054e-18 -1 -3.67321e-06 1.19127e-16 -0.00625001 0.00625056 -0.16 0.0188 -0.0068 
9.89905 -1.19127e-16 -5.16264e-17 1 -3.67321e-06 1 2.79054e-18 -1 -3.67321e-06 1.19127e-16 0.00625001 -0.00625056 -0.16 0.0188 -0.0068 
9.89905 1.19127e-16 5.16264e-17 -1 1 3.67321e-06 0 3.67321e-06 -1 4.52391e-17 -0.00625001 0.16 0.00625056 0.0188 -0.0068 
9.89905 -1.19127e-16 -5.16264e-17 1 -1 -3.67321e-06 0 3.67321e-06 -1 4.52391e-17 0.00625001 -0.16 0.00625056 0.0188 -0.0068 
9.89905 1.19127e-16 5.16264e-17 -1 -1 -3.67321e-06 0 -3.67321e-06 1 -4.52391e-17 -0.00625001 -0.16 -0.00625056 0.0188 -0.0068 
9.89905 -1.19127e-16 -5.16264e-17 1 1 3.67321e-06 0 -3.67321e-06 1 -4.52391e-17 0.00625001 0.16 -0.00625056 0.0188 -0.0068 
8.6918 -3.67321e-06 1 -4.52391e-17 -2.71051e-20 -2.98407e-18 1 1 3.67321e-06 -1.19127e-16 0.00624945 0.0125 0.16 0.0064 -0.0194 
8.6918 3.67321e-06 -1 4.52391e-17 -2.71051e-20 -2.98407e-18 1 -1 -3.67321e-06 1.19127e-16 -0.00624945 0.0125 -0.16 0.0064 -0.0194 
8.6918 3.67321e-06 -1 4.52391e-17 -2.71051e-20 -2.98407e-18 1 -1 -3.67321e-06 1.19127e-16 5.50981e-07 0.0125 -0.16 0.0128 -0.0132 
8.6918 -3.67321e-06 1 -4.52391e-17 -2.71051e-20 -2.98407e-18 1 1 3.67321e-06 -1.19127e-16 -5.50981e-07 0.0125 0.16 0.0128 -0.0132 
8.6918 -1.19127e-16 -5.16264e-17 1 -1 -3.67321e-06 0 3.67321e-06 -1 4.52391e-17 0.0125 -0.16 5.50981e-07 0.0128 -0.0132 
8.6918 -1.19127e-16 -5.16264e-17 1 1 3.67321e-06 0 -3.67321e-06 1 -4.52391e-17 0.0125 0.16 -5.50981e-07 0.0128 -0.0132 
8.69179 3.67321e-06 -1 4.52391e-17 -2.71051e-20 -2.98407e-18 1 -1 -3.67321e-06 1.19127e-16 0.00625056 0.0125 -0.16 0.0188 -0.0068 
8.69179 -3.67321e-06 1 -4.52391e-17 -2.71051e-20 -2.98407e-18 1 1 3.67321e-06 -1.19127e-16 -0.00625056 0.0125 0.16 0.0188 -0.0068 
8.69179 -1.19127e-16 -5.16264e-17 1 -1 -3.67321e-06 0 3.67321e-06 -1 4.52391e-17 0.0125 -0.16 -0.00624945 0.0064 -0.0194 
8.69179 -1.19127e-16 -5.16264e-17 1 1 3.67321e-06 0 -3.67321e-06 1 -4.52391e-17 0.0125 0.16 0.00624945 0.0064 -0.0194 
8.69179 -1.19127e-16 -5.16264e-17 1 -1 -3.67321e-06 0 3.67321e-06 -1 4.52391e-17 0.0125 -0.16 0.00625056 0.0188 -0.0068 
8.69179 -1.19127e-16 -5.16264e-17 1 1 3.67321e-06 0 -3.67321e-06 1 -4.52391e-17 0.0125 0.16 -0.00625056 0.0188 -0.0068 
8.64254 -1 -3.67321e-06 1.19127e-16 2.71051e-20 2.98407e-18 -1 3.67321e-06 -1 4.52391e-17 -0.16 0.0125 -0.00624945 0.0064 -0.0194 
8.64254 1 3.67321e-06 -1.19127e-16 -2.71051e-20 -2.98407e-18 1 3.67321e-06 -1 4.52391e-17 0.16 -0.0125 -0.00624945 0.0064 -0.0194 
8.64254 -1 -3.67321e-06 1.19127e-16 -2.71051e-20 -2.98407e-18 1 -3.67321e-06 1 -4.52391e-17 -0.16 -0.0125 0.00624945 0.0064 -0.0194 
8.64254 1 3.67321e-06 -1.19127e-16 2.71051e-20 2.98407e-18 -1 -3.67321e-06 1 -4.52391e-17 0.16 0.0125 0.00624945 0.0064 -0.0194 
8.64254 -1 -3.67321e-06 1.19127e-16 -3.67321e-06 1 2.79054e-18 1.19127e-16 5.16264e-17 -1 -0.16 0.00624945 0.0125 0.0064 -0.0194 
8.64254 1 3.67321e-06 -1.19127e-16 3.67321e-06 -1 -2.79054e-18 1.19127e-16 5.16264e-17 -1 0.16 -0.00624945 0.0125 0.0064 -0.0194 
8.64254 1 3.67321e-06 -1.19127e-16 -3.67321e-06 1 2.79054e-18 -1.19127e-16 -5.16264e-17 1 0.16 0.00624945 -0.0125 0.0064 -0.0194 
8.64254 -1 -3.67321e-06 1.19127e-16 3.67321e-06 -1 -2.79054e-18 -1.19127e-16 -5.16264e-17 1 -0.16 -0.00624945 -0.0125 0.0064 -0.0194 
8.64254 3.67321e-06 -1 4.52391e-17 -1 -3.67321e-06 0 1.19127e-16 5.16264e-17 -1 -0.00624945 -0.16 0.0125 0.0064 -0.0194 
8.64254 -3.67321e-06 1 -4.52391e-17 1 3.67321e-06 0 1.19127e-16 5.16264e-17 -1 0.00624945 0.16 0.0125 0.0064 -0.0194 
8.64254 3.67321e-06 -1 4.52391e-17 1 3.67321e-06 0 -1.19127e-16 -5.16264e-17 1 -0.00624945 0.16 -0.0125 0.0064 -0.0194 
8.64254 -3.67321e-06 1 -4.52391e-17 -1 -3.67321e-06 0 -1.19127e-16 -5.16264e-17 1 0.00624945 -0.16 -0.0125 0.0064 -0.0194 
8.64254 -1 -3.67321e-06 1.19127e-16 -2.71051e-20 -2.98407e-18 1 -3.67321e-06 1 -4.52391e-17 -0.16 -0.0125 -0.00625056 0.0188 -0.0068 
8.64254 1 3.67321e-06 -1.19127e-16 -2.71051e-20 -2.98407e-18 1 3.67321e-06 -1 4.52391e-17 0.16 -0.0125 0.00625056 0.0188 -0.0068 
8.64254 1 3.67321e-06 -1.19127e-16 2.71051e-20 2.98407e-18 -1 -3.67321e-06 1 -4.52391e-17 0.16 0.0125 -0.00625056 0.0188 -0.0068 
8.64254 -1 -3.67321e-06 1.19127e-16 2.71051e-20 2.98407e-18 -1 3.67321e-06 -1 4.52391e-17 -0.16 0.0125 0.00625056 0.0188 -0.0068 
8.64254 -1 -3.67321e-06 1.19127e-16 -3.67321e-06 1 2.79054e-18 1.19127e-16 5.16264e-17 -1 -0.16 -0.00625056 0.0125 0.0188 -0.0068 
8.64254 -1 -3.67321e-06 1.19127e-16 3.67321e-06 -1 -2.79054e-18 -1.19127e-16 -5.16264e-17 1 -0.16 0.00625056 -0.0125 0.0188 -0.0068 
8.64254 1 3.67321e-06 -1.19127e-16 3.67321e-06 -1 -2.79054e-18 1.19127e-16 5.16264e-17 -1 0.16 0.00625056 0.0125 0.0188 -0.0068 
8.64254 1 3.67321e-06 -1.19127e-16 -3.67321e-06 1 2.79054e-18 -1.19127e-16 -5.16264e-17 1 0.16 -0.00625056 -0.0125 0.0188 -0.0068 
8.64254 3.67321e-06 -1 4.52391e-17 -1 -3.67321e-06 0 1.19127e-16 5.16264e-17 -1 0.00625056 -0.16 0.0125 0.0188 -0.0068 
8.64254 3.67321e-06 -1 4.52391e-17 1 3.67321e-06 0 -1.19127e-16 -5.16264e-17 1 0.00625056 0.16 -0.0125 0.0188 -0.0068 
8.64254 -3.67321e-06 1 -4.52391e-17 1 3.67321e-06 0 1.19127e-16 5.16264e-17 -1 -0.00625056 0.16 0.0125 0.0188 -0.0068 
8.64254 -3.67321e-06 1 -4.52391e-17 -1 -3.67321e-06 0 -1.19127e-16 -5.16264e-17 1 -0.00625056 -0.16 -0.0125 0.0188 -0.0068 
8.64253 -1 -3.67321e-06 1.19127e-16 2.71051e-20 2.98407e-18 -1 3.67321e-06 -1 4.52391e-17 -0.16 0.0125 5.50981e-07 0.0128 -0.0132 
8.64253 1 3.67321e-06 -1.19127e-16 2.71051e-20 2.98407e-18 -1 -3.67321e-06 1 -4.52391e-17 0.16 0.0125 -5.50981e-07 0.0128 -0.0132 
8.64253 -1 -3.67321e-06 1.19127e-16 -2.71051e-20 -2.98407e-18 1 -3.67321e-06 1 -4.52391e-17 -0.16 -0.0125 -5.50981e-07 0.0128 -0.0132 
8.64253 1 3.67321e-06 -1.19127e-16 -2.71051e-20 -2.98407e-18 1 3.67321e-06 -1 4.52391e-17 0.16 -0.0125 5.50981e-07 0.0128 -0.0132 
8.64253 1 3.67321e-06 -1.19127e-16 3.67321e-06 -1 -2.79054e-18 1.19127e-16 5.16264e-17 -1 0.16 5.50981e-07 0.0125 0.0128 -0.0132 
8.64253 1 3.67321e-06 -1.19127e-16 -3.67321e-06 1 2.79054e-18 -1.19127e-16 -5.16264e-17 1 0.16 -5.50981e-07 -0.0125 0.0128 -0.0132 
8.64253 -1 -3.67321e-06 1.19127e-16 3.67321e-06 -1 -2.79054e-18 -1.19127e-16 -5.16264e-17 1 -0.16 5.50981e-07 -0.0125 0.0128 -0.0132 
8.64253 -1 -3.67321e-06 1.19127e-16 -3.67321e-06 1 2.79054e-18 1.19127e-16 5.16264e-17 -1 -0.16 -5.50981e-07 0.0125 0.0128 -0.0132 
8.64253 3.67321e-06 -1 4.52391e-17 1 3.67321e-06 0 -1.19127e-16 -5.16264e-17 1 5.50981e-07 0.16 -0.0125 0.0128 -0.0132 
8.64253 -3.67321e-06 1 -4.52391e-17 1 3.67321e-06 0 1.19127e-16 5.16264e-17 -1 -5.50981e-07 0.16 0.0125 0.0128 -0.0132 
8.64253 -3.67321e-06 1 -4.52391e-17 -1 -3.67321e-06 0 -1.19127e-16 -5.16264e-17 1 -5.50981e-07 -0.16 -0.0125 0.0128 -0.0132 
8.64253 3.67321e-06 -1 4.52391e-17 -1 -3.67321e-06 0 1.19127e-16 5.16264e-17 -1 5.50981e-07 -0.16 0.0125 0.0128 -0.0132 
8.64252 1.19127e-16 5.16264e-17 -1 3.67321e-06 -1 -2.79054e-18 -1 -3.67321e-06 1.19127e-16 0.0125 -0.00624945 -0.16 0.0064 -0.0194 
8.64252 -1.19127e-16 -5.16264e-17 1 -3.67321e-06 1 2.79054e-18 -1 -3.67321e-06 1.19127e-16 -0.0125 0.00624945 -0.16 0.0064 -0.0194 
8.64252 -1.19127e-16 -5.16264e-17 1 3.67321e-06 -1 -2.79054e-18 1 3.67321e-06 -1.19127e-16 -0.0125 -0.00624945 0.16 0.0064 -0.0194 
8.64252 1.19127e-16 5.16264e-17 -1 -3.67321e-06 1 2.79054e-18 1 3.67321e-06 -1.19127e-16 0.0125 0.00624945 0.16 0.0064 -0.0194 
8.64252 -3.67321e-06 1 -4.52391e-17 -2.71051e-20 -2.98407e-18 1 1 3.67321e-06 -1.19127e-16 0.00624945 -0.0125 0.16 0.0064 -0.0194 
8.64252 -3.67321e-06 1 -4.52391e-17 2.71051e-20 2.98407e-18 -1 -1 -3.67321e-06 1.19127e-16 0.00624945 0.0125 -0.16 0.0064 -0.0194 
8.64252 3.67321e-06 -1 4.52391e-17 -2.71051e-20 -2.98407e-18 1 -1 -3.67321e-06 1.19127e-16 -0.00624945 -0.0125 -0.16 0.0064 -0.0194 
8.64252 3.67321e-06 -1 4.52391e-17 2.71051e-20 2.98407e-18 -1 1 3.67321e-06 -1.19127e-16 -0.00624945 0.0125 0.16 0.0064 -0.0194 
8.64252 1.19127e-16 5.16264e-17 -1 -1 -3.67321e-06 0 -3.67321e-06 1 -4.52391e-17 0.0125 -0.16 0.00624945 0.0064 -0.0194 
8.64252 1.19127e-16 5.16264e-17 -1 1 3.67321e-06 0 3.67321e-06 -1 4.52391e-17 0.0125 0.16 -0.00624945 0.0064 -0.0194 
8.64252 -1.19127e-16 -5.16264e-17 1 -1 -3.67321e-06 0 3.67321e-06 -1 4.52391e-17 -0.0125 -0.16 -0.00624945 0.0064 -0.0194 
8.64252 -1.19127e-16 -5.16264e-17 1 1 3.67321e-06 0 -3.67321e-06 1 -4.52391e-17 -0.0125 0.16 0.00624945 0.0064 -0.0194 
8.64251 -1.19127e-16 -5.16264e-17 1 3.67321e-06 -1 -2.79054e-18 1 3.67321e-06 -1.19127e-16 -0.0125 0.00625056 0.16 0.0188 -0.0068 
8.64251 1.19127e-16 5.16264e-17 -1 3.67321e-06 -1 -2.79054e-18 -1 -3.67321e-06 1.19127e-16 0.0125 0.00625056 -0.16 0.0188 -0.0068 
8.64251 1.19127e-16 5.16264e-17 -1 -3.67321e-06 1 2.79054e-18 1 3.67321e-06 -1.19127e-16 0.0125 -0.00625056 0.16 0.0188 -0.0068 
8.64251 -1.19127e-16 -5.16264e-17 1 -3.67321e-06 1 2.79054e-18 -1 -3.67321e-06 1.19127e-16 -0.0125 -0.00625056 -0.16 0.0188 -0.0068 
8.64251 -3.67321e-06 1 -4.52391e-17 2.71051e-20 2.98407e-18 -1 -1 -3.67321e-06 1.19127e-16 -0.00625056 0.0125 -0.16 0.0188 -0.0068 
8.64251 3.67321e-06 -1 4.52391e-17 2.71051e-20 2.98407e-18 -1 1 3.67321e-06 -1.19127e-16 0.00625056 0.0125 0.16 0.0188 -0.0068 
8.64251 3.67321e-06 -1 4.52391e-17 -2.71051e-20 -2.98407e-18 1 -1 -3.67321e-06 1.19127e-16 0.00625056 -0.0125 -0.16 0.0188 -0.0068 
8.64251 -3.67321e-06 1 -4.52391e-17 -2.71051e-20 -2.98407e-18 1 1 3.67321e-06 -1.19127e-16 -0.00625056 -0.0125 0.16 0.0188 -0.0068 
8.64251 -1.19127e-16 -5.16264e-17 1 1 3.67321e-06 0 -3.67321e-06 1 -4.52391e-17 -0.0125 0.16 -0.00625056 0.0188 -0.0068 
8.64251 -1.19127e-16 -5.16264e-17 1 -1 -3.67321e-06 0 3.67321e-06 -1 4.52391e-17 -0.0125 -0.16 0.00625056 0.0188 -0.0068 
8.64251 1.19127e-16 5.16264e-17 -1 1 3.67321e-06 0 3.67321e-06 -1 4.52391e-17 0.0125 0.16 0.00625056 0.0188 -0.0068 
8.64251 1.19127e-16 5.16264e-17 -1 -1 -3.67321e-06 0 -3.67321e-06 1 -4.52391e-17 0.0125 -0.16 -0.00625056 0.0188 -0.0068 
8.64251 -1.19127e-16 -5.16264e-17 1 3.67321e-06 -1 -2.79054e-18 1 3.67321e-06 -1.19127e-16 -0.0125 5.50981e-07 0.16 0.0128 -0.0132 
8.64251 1.19127e-16 5.16264e-17 -1 -3.67321e-06 1 2.79054e-18 1 3.67321e-06 -1.19127e-16 0.0125 -5.50981e-07 0.16 0.0128 -0.0132 
8.64251 1.19127e-16 5.16264e-17 -1 3.67321e-06 -1 -2.79054e-18 -1 -3.67321e-06 1.19127e-16 0.0125 5.50981e-07 -0.16 0.0128 -0.0132 
8.64251 -1.19127e-16 -5.16264e-17 1 -3.67321e-06 1 2.79054e-18 -1 -3.67321e-06 1.19127e-16 -0.0125 -5.50981e-07 -0.16 0.0128 -0.0132 
8.64251 3.67321e-06 -1 4.52391e-17 2.71051e-20 2.98407e-18 -1 1 3.67321e-06 -1.19127e-16 5.50981e-07 0.0125 0.16 0.0128 -0.0132 
8.64251 -3.67321e-06 1 -4.52391e-17 2.71051e-20 2.98407e-18 -1 -1 -3.67321e-06 1.19127e-16 -5.50981e-07 0.0125 -0.16 0.0128 -0.0132 
8.64251 3.67321e-06 -1 4.52391e-17 -2.71051e-20 -2.98407e-18 1 -1 -3.67321e-06 1.19127e-16 5.50981e-07 -0.0125 -0.16 0.0128 -0.0132 
8.64251 -3.67321e-06 1 -4.52391e-17 -2.71051e-20 -2.98407e-18 1 1 3.67321e-06 -1.19127e-16 -5.50981e-07 -0.0125 0.16 0.0128 -0.0132 
8.64251 1.19127e-16 5.16264e-17 -1 1 3.67321e-06 0 3.67321e-06 -1 4.52391e-17 0.0125 0.16 5.50981e-07 0.0128 -0.0132 
8.64251 -1.19127e-16 -5.16264e-17 1 1 3.67321e-06 0 -3.67321e-06 1 -4.52391e-17 -0.0125 0.16 -5.50981e-07 0.0128 -0.0132 
8.64251 1.19127e-16 5.16264e-17 -1 -1 -3.67321e-06 0 -3.67321e-06 1 -4.52391e-17 0.0125 -0.16 -5.50981e-07 0.0128 -0.0132 
8.64251 -1.19127e-16 -5.16264e-17 1 -1 -3.67321e-06 0 3.67321e-06 -1 4.52391e-17 -0.0125 -0.16 5.50981e-07 0.0128 -0.0132 
7.01238 -1.19127e-16 -5.16264e-17 1 -3.67321e-06 1 2.79054e-18 -1 -3.67321e-06 1.19127e-16 -0.025 0.00624945 -0.16 0.0064 -0.0194 
7.01238 -1.19127e-16 -5.16264e-17 1 3.67321e-06 -1 -2.79054e-18 1 3.67321e-06 -1.19127e-16 -0.025 -0.00624945 0.16 0.0064 -0.0194 
7.01238 3.67321e-06 -1 4.52391e-17 2.71051e-20 2.98407e-18 -1 1 3.67321e-06 -1.19127e-16 -0.00624945 0.025 0.16 0.0064 -0.0194 
7.01238 3.67321e-06 -1 4.52391e-17 -2.71051e-20 -2.98407e-18 1 -1 -3.67321e-06 1.19127e-16 -0.00624945 -0.025 -0.16 0.0064 -0.0194 
7.01238 -1.19127e-16 -5.16264e-17 1 -3.67321e-06 1 2.79054e-18 -1 -3.67321e-06 1.19127e-16 -0.025 -5.50981e-07 -0.16 0.0124 -0.0132 
7.01238 -1.19127e-16 -5.16264e-17 1 3.67321e-06 -1 -2.79054e-18 1 3.67321e-06 -1.19127e-16 -0.025 5.50981e-07 0.16 0.0124 -0.0132 
7.01238 3.67321e-06 -1 4.52391e-17 2.71051e-20 2.98407e-18 -1 1 3.67321e-06 -1.19127e-16 5.50981e-07 0.025 0.16 0.0124 -0.0132 
7.01238 3.67321e-06 -1 4.52391e-17 -2.71051e-20 -2.98407e-18 1 -1 -3.67321e-06 1.19127e-16 5.50981e-07 -0.025 -0.16 0.0124 -0.0132 
7.01238 -1.19127e-16 -5.16264e-17 1 1 3.67321e-06 0 -3.67321e-06 1 -4.52391e-17 -0.025 0.16 -0.00625056 0.0188 -0.0068 
7.01238 -1.19127e-16 -5.16264e-17 1 -1 -3.67321e-06 0 3.67321e-06 -1 4.52391e-17 -0.025 -0.16 0.00625056 0.0188 -0.0068 
7.01237 -1.19127e-16 -5.16264e-17 1 1 3.67321e-06 0 -3.67321e-06 1 -4.52391e-17 -0.025 0.16 0.00624945 0.0064 -0.0194 
7.01237 -1.19127e-16 -5.16264e-17 1 -1 -3.67321e-06 0 3.67321e-06 -1 4.52391e-17 -0.025 -0.16 -0.00624945 0.0064 -0.0194 
7.01237 1.19127e-16 5.16264e-17 -1 1 3.67321e-06 0 3.67321e-06 -1 4.52391e-17 0.025 0.16 5.50981e-07 0.0124 -0.0132 
7.01237 1.19127e-16 5.16264e-17 -1 -1 -3.67321e-06 0 -3.67321e-06 1 -4.52391e-17 0.025 -0.16 -5.50981e-07 0.0124 -0.0132 
7.01237 -1.19127e-16 -5.16264e-17 1 1 3.67321e-06 0 -3.67321e-06 1 -4.52391e-17 -0.025 0.16 -5.50981e-07 0.0124 -0.0132 
7.01237 -1.19127e-16 -5.16264e-17 1 -1 -3.67321e-06 0 3.67321e-06 -1 4.52391e-17 -0.025 -0.16 5.50981e-07 0.0124 -0.0132 
7.01219 1 3.67321e-06 -1.19127e-16 -2.71051e-20 -2.98407e-18 1 3.67321e-06 -1 4.52391e-17 0.16 -0.025 -0.00624945 0.0064 -0.0194 
7.01219 1 3.67321e-06 -1.19127e-16 2.71051e-20 2.98407e-18 -1 -3.67321e-06 1 -4.52391e-17 0.16 0.025 0.00624945 0.0064 -0.0194 
7.01219 1 3.67321e-06 -1.19127e-16 3.67321e-06 -1 -2.79054e-18 1.19127e-16 5.16264e-17 -1 0.16 -0.00624945 0.025 0.0064 -0.0194 
7.01219 1 3.67321e-06 -1.19127e-16 -2.71051e-20 -2.98407e-18 1 3.67321e-06 -1 4.52391e-17 0.16 -0.025 5.50981e-07 0.0124 -0.0132 
7.01219 1 3.67321e-06 -1.19127e-16 2.71051e-20 2.98407e-18 -1 -3.67321e-06 1 -4.52391e-17 0.16 0.025 -5.50981e-07 0.0124 -0.0132 
7.01219 1 3.67321e-06 -1.19127e-16 3.67321e-06 -1 -2.79054e-18 1.19127e-16 5.16264e-17 -1 0.16 5.50981e-07 0.025 0.0124 -0.0132 
7.01219 3.67321e-06 -1 4.52391e-17 -1 -3.67321e-06 0 1.19127e-16 5.16264e-17 -1 0.00625056 -0.16 0.025 0.0188 -0.0068 
7.01219 -3.67321e-06 1 -4.52391e-17 1 3.67321e-06 0 1.19127e-16 5.16264e-17 -1 -0.00625056 0.16 0.025 0.0188 -0.0068 
7.01219 3.67321e-06 -1 4.52391e-17 1 3.67321e-06 0 -1.19127e-16 -5.16264e-17 1 0.00625056 0.16 -0.025 0.0188 -0.0068 
7.01218 3.67321e-06 -1 4.52391e-17 1 3.67321e-06 0 -1.19127e-16 -5.16264e-17 1 -0.00624945 0.16 -0.025 0.0064 -0.0194 
7.01218 -3.67321e-06 1 -4.52391e-17 1 3.67321e-06 0 1.19127e-16 5.16264e-17 -1 0.00624945 0.16 0.025 0.0064 -0.0194 
7.01218 3.67321e-06 -1 4.52391e-17 -1 -3.67321e-06 0 1.19127e-16 5.16264e-17 -1 -0.00624945 -0.16 0.025 0.0064 -0.0194 
7.01218 3.67321e-06 -1 4.52391e-17 -1 -3.67321e-06 0 1.19127e-16 5.16264e-17 -1 5.50981e-07 -0.16 0.025 0.0124 -0.0132 
7.01218 -3.67321e-06 1 -4.52391e-17 -1 -3.67321e-06 0 -1.19127e-16 -5.16264e-17 1 -5.50981e-07 -0.16 -0.025 0.0124 -0.0132 
7.01218 -3.67321e-06 1 -4.52391e-17 1 3.67321e-06 0 1.19127e-16 5.16264e-17 -1 -5.50981e-07 0.16 0.025 0.0124 -0.0132 
7.01218 3.67321e-06 -1 4.52391e-17 1 3.67321e-06 0 -1.19127e-16 -5.16264e-17 1 5.50981e-07 0.16 -0.025 0.0124 -0.0132 
6.83866 1 3.67321e-06 -1.19127e-16 2.71051e-20 2.98407e-18 -1 -3.67321e-06 1 -4.52391e-17 0.16 0.01875 -0.00625056 0.0188 -0.0068 
6.83866 -1 -3.67321e-06 1.19127e-16 -2.71051e-20 -2.98407e-18 1 -3.67321e-06 1 -4.52391e-17 -0.16 -0.01875 -0.00625056 0.0188 -0.0068 
6.83866 -1 -3.67321e-06 1.19127e-16 2.71051e-20 2.98407e-18 -1 3.67321e-06 -1 4.52391e-17 -0.16 0.01875 0.00625056 0.0188 -0.0068 
6.83866 1 3.67321e-06 -1.19127e-16 -2.71051e-20 -2.98407e-18 1 3.67321e-06 -1 4.52391e-17 0.16 -0.01875 0.00625056 0.0188 -0.0068 
6.83866 -1 -3.67321e-06 1.19127e-16 -3.67321e-06 1 2.79054e-18 1.19127e-16 5.16264e-17 -1 -0.16 -0.00625056 0.01875 0.0188 -0.0068 
6.83866 1 3.67321e-06 -1.19127e-16 -3.67321e-06 1 2.79054e-18 -1.19127e-16 -5.16264e-17 1 0.16 -0.00625056 -0.01875 0.0188 -0.0068 
6.83866 1 3.67321e-06 -1.19127e-16 3.67321e-06 -1 -2.79054e-18 1.19127e-16 5.16264e-17 -1 0.16 0.00625056 0.01875 0.0188 -0.0068 
6.83866 -1 -3.67321e-06 1.19127e-16 3.67321e-06 -1 -2.79054e-18 -1.19127e-16 -5.16264e-17 1 -0.16 0.00625056 -0.01875 0.0188 -0.0068 
6.83863 3.67321e-06 -1 4.52391e-17 1 3.67321e-06 0 -1.19127e-16 -5.16264e-17 1 0.00625056 0.16 -0.01875 0.0188 -0.0068 
6.83863 3.67321e-06 -1 4.52391e-17 -1 -3.67321e-06 0 1.19127e-16 5.16264e-17 -1 0.00625056 -0.16 0.01875 0.0188 -0.0068 
6.83863 -3.67321e-06 1 -4.52391e-17 1 3.67321e-06 0 1.19127e-16 5.16264e-17 -1 -0.00625056 0.16 0.01875 0.0188 -0.0068 
6.83862 1 3.67321e-06 -1.19127e-16 -2.71051e-20 -2.98407e-18 1 3.67321e-06 -1 4.52391e-17 0.16 -0.01875 -0.00624945 0.0064 -0.0194 
6.83862 1 3.67321e-06 -1.19127e-16 2.71051e-20 2.98407e-18 -1 -3.67321e-06 1 -4.52391e-17 0.16 0.01875 0.00624945 0.0064 -0.0194 
6.83862 1 3.67321e-06 -1.19127e-16 3.67321e-06 -1 -2.79054e-18 1.19127e-16 5.16264e-17 -1 0.16 -0.00624945 0.01875 0.0064 -0.0194 
6.83861 1 3.67321e-06 -1.19127e-16 -2.71051e-20 -2.98407e-18 1 3.67321e-06 -1 4.52391e-17 0.16 -0.01875 5.50981e-07 0.0124 -0.0132 
6.83861 1 3.67321e-06 -1.19127e-16 2.71051e-20 2.98407e-18 -1 -3.67321e-06 1 -4.52391e-17 0.16 0.01875 -5.50981e-07 0.0124 -0.0132 
6.83861 1 3.67321e-06 -1.19127e-16 3.67321e-06 -1 -2.79054e-18 1.19127e-16 5.16264e-17 -1 0.16 5.50981e-07 0.01875 0.0124 -0.0132 
6.83859 3.67321e-06 -1 4.52391e-17 1 3.67321e-06 0 -1.19127e-16 -5.16264e-17 1 -0.00624945 0.16 -0.01875 0.0064 -0.0194 
6.83859 3.67321e-06 -1 4.52391e-17 -1 -3.67321e-06 0 1.19127e-16 5.16264e-17 -1 -0.00624945 -0.16 0.01875 0.0064 -0.0194 
6.83859 -3.67321e-06 1 -4.52391e-17 1 3.67321e-06 0 1.19127e-16 5.16264e-17 -1 0.00624945 0.16 0.01875 0.0064 -0.0194 
6.83858 3.67321e-06 -1 4.52391e-17 -1 -3.67321e-06 0 1.19127e-16 5.16264e-17 -1 5.50981e-07 -0.16 0.01875 0.0124 -0.0132 
6.83858 -3.67321e-06 1 -4.52391e-17 1 3.67321e-06 0 1.19127e-16 5.16264e-17 -1 -5.50981e-07 0.16 0.01875 0.0124 -0.0132 
6.83858 3.67321e-06 -1 4.52391e-17 1 3.67321e-06 0 -1.19127e-16 -5.16264e-17 1 5.50981e-07 0.16 -0.01875 0.0124 -0.0132 
6.82629 1.19127e-16 5.16264e-17 -1 3.67321e-06 -1 -2.79054e-18 -1 -3.67321e-06 1.19127e-16 0.01875 0.00625056 -0.16 0.0188 -0.0068 
6.82629 -1.19127e-16 -5.16264e-17 1 -3.67321e-06 1 2.79054e-18 -1 -3.67321e-06 1.19127e-16 -0.01875 -0.00625056 -0.16 0.0188 -0.0068 
6.82629 -1.19127e-16 -5.16264e-17 1 3.67321e-06 -1 -2.79054e-18 1 3.67321e-06 -1.19127e-16 -0.01875 0.00625056 0.16 0.0188 -0.0068 
6.82629 1.19127e-16 5.16264e-17 -1 -3.67321e-06 1 2.79054e-18 1 3.67321e-06 -1.19127e-16 0.01875 -0.00625056 0.16 0.0188 -0.0068 
6.82629 3.67321e-06 -1 4.52391e-17 -2.71051e-20 -2.98407e-18 1 -1 -3.67321e-06 1.19127e-16 0.00625056 -0.01875 -0.16 0.0188 -0.0068 
6.82629 -3.67321e-06 1 -4.52391e-17 -2.71051e-20 -2.98407e-18 1 1 3.67321e-06 -1.19127e-16 -0.00625056 -0.01875 0.16 0.0188 -0.0068 
6.82629 -3.67321e-06 1 -4.52391e-17 2.71051e-20 2.98407e-18 -1 -1 -3.67321e-06 1.19127e-16 -0.00625056 0.01875 -0.16 0.0188 -0.0068 
6.82629 3.67321e-06 -1 4.52391e-17 2.71051e-20 2.98407e-18 -1 1 3.67321e-06 -1.19127e-16 0.00625056 0.01875 0.16 0.0188 -0.0068 
6.82625 -1.19127e-16 -5.16264e-17 1 1 3.67321e-06 0 -3.67321e-06 1 -4.52391e-17 -0.01875 0.16 -0.00625056 0.0188 -0.0068 
6.82625 -1.19127e-16 -5.16264e-17 1 -1 -3.67321e-06 0 3.67321e-06 -1 4.52391e-17 -0.01875 -0.16 0.00625056 0.0188 -0.0068 
6.82623 -1.19127e-16 -5.16264e-17 1 3.67321e-06 -1 -2.79054e-18 1 3.67321e-06 -1.19127e-16 -0.01875 -0.00624945 0.16 0.0064 -0.0194 
6.82623 -1.19127e-16 -5.16264e-17 1 -3.67321e-06 1 2.79054e-18 -1 -3.67321e-06 1.19127e-16 -0.01875 0.00624945 -0.16 0.0064 -0.0194 
6.82623 3.67321e-06 -1 4.52391e-17 -2.71051e-20 -2.98407e-18 1 -1 -3.67321e-06 1.19127e-16 -0.00624945 -0.01875 -0.16 0.0064 -0.0194 
6.82623 3.67321e-06 -1 4.52391e-17 2.71051e-20 2.98407e-18 -1 1 3.67321e-06 -1.19127e-16 -0.00624945 0.01875 0.16 0.0064 -0.0194 
6.8262 -1.19127e-16 -5.16264e-17 1 1 3.67321e-06 0 -3.67321e-06 1 -4.52391e-17 -0.01875 0.16 0.00624945 0.0064 -0.0194 
6.8262 -1.19127e-16 -5.16264e-17 1 -1 -3.67321e-06 0 3.67321e-06 -1 4.52391e-17 -0.01875 -0.16 -0.00624945 0.0064 -0.0194 
6.8262 -1.19127e-16 -5.16264e-17 1 -3.67321e-06 1 2.79054e-18 -1 -3.67321e-06 1.19127e-16 -0.01875 -5.50981e-07 -0.16 0.0124 -0.0132 
6.8262 -1.19127e-16 -5.16264e-17 1 3.67321e-06 -1 -2.79054e-18 1 3.67321e-06 -1.19127e-16 -0.01875 5.50981e-07 0.16 0.0124 -0.0132 
6.8262 3.67321e-06 -1 4.52391e-17 2.71051e-20 2.98407e-18 -1 1 3.67321e-06 -1.19127e-16 5.50981e-07 0.01875 0.16 0.0124 -0.0132 
6.8262 3.67321e-06 -1 4.52391e-17 -2.71051e-20 -2.98407e-18 1 -1 -3.67321e-06 1.19127e-16 5.50981e-07 -0.01875 -0.16 0.0124 -0.0132 
6.82616 -1.19127e-16 -5.16264e-17 1 1 3.67321e-06 0 -3.67321e-06 1 -4.52391e-17 -0.01875 0.16 -5.50981e-07 0.0124 -0.0132 
6.82616 -1.19127e-16 -5.16264e-17 1 -1 -3.67321e-06 0 3.67321e-06 -1 4.52391e-17 -0.01875 -0.16 5.50981e-07 0.0124 -0.0132 
5.20937 -1.19127e-16 -5.16264e-17 1 1 3.67321e-06 0 -3.67321e-06 1 -4.52391e-17 -0.03125 0.16 -0.00625056 0.0188 -0.0068 
5.20937 -1.19127e-16 -5.16264e-17 1 -1 -3.67321e-06 0 3.67321e-06 -1 4.52391e-17 -0.03125 -0.16 0.00625056 0.0188 -0.0068 
5.20935 3.67321e-06 -1 4.52391e-17 2.71051e-20 2.98407e-18 -1 1 3.67321e-06 -1.19127e-16 5.50981e-07 0.03125 0.16 0.0124 -0.0132 
5.20935 -3.67321e-06 1 -4.52391e-17 -2.71051e-20 -2.98407e-18 1 1 3.67321e-06 -1.19127e-16 -5.50981e-07 -0.03125 0.16 0.0124 -0.0132 
5.20935 -3.67321e-06 1 -4.52391e-17 2.71051e-20 2.98407e-18 -1 -1 -3.67321e-06 1.19127e-16 -5.50981e-07 0.03125 -0.16 0.0124 -0.0132 
5.20935 3.67321e-06 -1 4.52391e-17 -2.71051e-20 -2.98407e-18 1 -1 -3.67321e-06 1.19127e-16 5.50981e-07 -0.03125 -0.16 0.0124 -0.0132 
5.20935 -1.19127e-16 -5.16264e-17 1 -3.67321e-06 1 2.79054e-18 -1 -3.67321e-06 1.19127e-16 -0.03125 -5.50981e-07 -0.16 0.0124 -0.0132 
5.20935 1.19127e-16 5.16264e-17 -1 3.67321e-06 -1 -2.79054e-18 -1 -3.67321e-06 1.19127e-16 0.03125 5.50981e-07 -0.16 0.0124 -0.0132 
5.20935 -1.19127e-16 -5.16264e-17 1 3.67321e-06 -1 -2.79054e-18 1 3.67321e-06 -1.19127e-16 -0.03125 5.50981e-07 0.16 0.0124 -0.0132 
5.20935 1.19127e-16 5.16264e-17 -1 -3.67321e-06 1 2.79054e-18 1 3.67321e-06 -1.19127e-16 0.03125 -5.50981e-07 0.16 0.0124 -0.0132 
5.20934 -1.19127e-16 -5.16264e-17 1 -3.67321e-06 1 2.79054e-18 -1 -3.67321e-06 1.19127e-16 -0.03125 0.00624945 -0.16 0.0064 -0.0194 
5.20934 -1.19127e-16 -5.16264e-17 1 3.67321e-06 -1 -2.79054e-18 1 3.67321e-06 -1.19127e-16 -0.03125 -0.00624945 0.16 0.0064 -0.0194 
5.20933 -1.19127e-16 -5.16264e-17 1 1 3.67321e-06 0 -3.67321e-06 1 -4.52391e-17 -0.03125 0.16 -5.50981e-07 0.0124 -0.0132 
5.20933 -1.19127e-16 -5.16264e-17 1 -1 -3.67321e-06 0 3.67321e-06 -1 4.52391e-17 -0.03125 -0.16 5.50981e-07 0.0124 -0.0132 
5.20933 1.19127e-16 5.16264e-17 -1 -1 -3.67321e-06 0 -3.67321e-06 1 -4.52391e-17 0.03125 -0.16 -5.50981e-07 0.0124 -0.0132 
5.20933 1.19127e-16 5.16264e-17 -1 1 3.67321e-06 0 3.67321e-06 -1 4.52391e-17 0.03125 0.16 5.50981e-07 0.0124 -0.0132 
5.19804 1 3.67321e-06 -1.19127e-16 3.67321e-06 -1 -2.79054e-18 1.19127e-16 5.16264e-17 -1 0.16 -0.00624945 0.03125 0.0064 -0.0194 
5.19804 1 3.67321e-06 -1.19127e-16 2.71051e-20 2.98407e-18 -1 -3.67321e-06 1 -4.52391e-17 0.16 0.03125 0.00624945 0.0064 -0.0194 
5.19804 1 3.67321e-06 -1.19127e-16 -2.71051e-20 -2.98407e-18 1 3.67321e-06 -1 4.52391e-17 0.16 -0.03125 -0.00624945 0.0064 -0.0194 
5.19804 3.67321e-06 -1 4.52391e-17 1 3.67321e-06 0 -1.19127e-16 -5.16264e-17 1 0.00625056 0.16 -0.03125 0.0188 -0.0068 
5.19804 3.67321e-06 -1 4.52391e-17 -1 -3.67321e-06 0 1.19127e-16 5.16264e-17 -1 0.00625056 -0.16 0.03125 0.0188 -0.0068 
5.19804 -3.67321e-06 1 -4.52391e-17 1 3.67321e-06 0 1.19127e-16 5.16264e-17 -1 -0.00625056 0.16 0.03125 0.0188 -0.0068 
5.19804 -1 -3.67321e-06 1.19127e-16 -3.67321e-06 1 2.79054e-18 1.19127e-16 5.16264e-17 -1 -0.16 -5.50981e-07 0.03125 0.0124 -0.0132 
5.19804 1 3.67321e-06 -1.19127e-16 -3.67321e-06 1 2.79054e-18 -1.19127e-16 -5.16264e-17 1 0.16 -5.50981e-07 -0.03125 0.0124 -0.0132 
5.19804 -1 -3.67321e-06 1.19127e-16 3.67321e-06 -1 -2.79054e-18 -1.19127e-16 -5.16264e-17 1 -0.16 5.50981e-07 -0.03125 0.0124 -0.0132 
5.19804 1 3.67321e-06 -1.19127e-16 3.67321e-06 -1 -2.79054e-18 1.19127e-16 5.16264e-17 -1 0.16 5.50981e-07 0.03125 0.0124 -0.0132 
5.19804 1 3.67321e-06 -1.19127e-16 2.71051e-20 2.98407e-18 -1 -3.67321e-06 1 -4.52391e-17 0.16 0.03125 -5.50981e-07 0.0124 -0.0132 
5.19804 1 3.67321e-06 -1.19127e-16 -2.71051e-20 -2.98407e-18 1 3.67321e-06 -1 4.52391e-17 0.16 -0.03125 5.50981e-07 0.0124 -0.0132 
5.19804 -1 -3.67321e-06 1.19127e-16 2.71051e-20 2.98407e-18 -1 3.67321e-06 -1 4.52391e-17 -0.16 0.03125 5.50981e-07 0.0124 -0.0132 
5.19804 -1 -3.67321e-06 1.19127e-16 -2.71051e-20 -2.98407e-18 1 -3.67321e-06 1 -4.52391e-17 -0.16 -0.03125 -5.50981e-07 0.0124 -0.0132 
5.19802 -3.67321e-06 1 -4.52391e-17 -1 -3.67321e-06 0 -1.19127e-16 -5.16264e-17 1 0.00624945 -0.16 -0.03125 0.0064 -0.0194 
5.19802 3.67321e-06 -1 4.52391e-17 1 3.67321e-06 0 -1.19127e-16 -5.16264e-17 1 -0.00624945 0.16 -0.03125 0.0064 -0.0194 
5.19802 3.67321e-06 -1 4.52391e-17 -1 -3.67321e-06 0 1.19127e-16 5.16264e-17 -1 -0.00624945 -0.16 0.03125 0.0064 -0.0194 
5.19802 -3.67321e-06 1 -4.52391e-17 1 3.67321e-06 0 1.19127e-16 5.16264e-17 -1 0.00624945 0.16 0.03125 0.0064 -0.0194 
5.19802 -3.67321e-06 1 -4.52391e-17 -1 -3.67321e-06 0 -1.19127e-16 -5.16264e-17 1 -5.50981e-07 -0.16 -0.03125 0.0124 -0.0132 
5.19802 3.67321e-06 -1 4.52391e-17 -1 -3.67321e-06 0 1.19127e-16 5.16264e-17 -1 5.50981e-07 -0.16 0.03125 0.0124 -0.0132 
5.19802 3.67321e-06 -1 4.52391e-17 1 3.67321e-06 0 -1.19127e-16 -5.16264e-17 1 5.50981e-07 0.16 -0.03125 0.0124 -0.0132 
5.19802 -3.67321e-06 1 -4.52391e-17 1 3.67321e-06 0 1.19127e-16 5.16264e-17 -1 -5.50981e-07 0.16 0.03125 0.0124 -0.0132 
4.68724 -1.19127e-16 -5.16264e-17 1 -3.67321e-06 1 2.79054e-18 -1 -3.67321e-06 1.19127e-16 0.025 -0.00625056 -0.16 0.0188 -0.0068 
4.68724 3.67321e-06 -1 4.52391e-17 -2.71051e-20 -2.98407e-18 1 -1 -3.67321e-06 1.19127e-16 0.00625056 0.025 -0.16 0.0188 -0.0068 
4.68723 -1.19127e-16 -5.16264e-17 1 -3.67321e-06 1 2.79054e-18 -1 -3.67321e-06 1.19127e-16 0.025 -5.50981e-07 -0.16 0.0124 -0.0128 
4.68723 -1.19127e-16 -5.16264e-17 1 3.67321e-06 -1 -2.79054e-18 1 3.67321e-06 -1.19127e-16 0.025 5.50981e-07 0.16 0.0124 -0.0128 
4.68723 3.67321e-06 -1 4.52391e-17 2.71051e-20 2.98407e-18 -1 1 3.67321e-06 -1.19127e-16 5.50981e-07 -0.025 0.16 0.0124 -0.0128 
4.68723 3.67321e-06 -1 4.52391e-17 -2.71051e-20 -2.98407e-18 1 -1 -3.67321e-06 1.19127e-16 5.50981e-07 0.025 -0.16 0.0124 -0.0128 
4.68723 -1.19127e-16 -5.16264e-17 1 -1 -3.67321e-06 0 3.67321e-06 -1 4.52391e-17 0.025 -0.16 0.00625056 0.0188 -0.0068 
4.68723 -1.19127e-16 -5.16264e-17 1 1 3.67321e-06 0 -3.67321e-06 1 -4.52391e-17 0.025 0.16 -0.00625056 0.0188 -0.0068 
4.68722 -1.19127e-16 -5.16264e-17 1 -3.67321e-06 1 2.79054e-18 -1 -3.67321e-06 1.19127e-16 0.025 0.00624945 -0.16 0.0064 -0.0192 
4.68722 3.67321e-06 -1 4.52391e-17 -2.71051e-20 -2.98407e-18 1 -1 -3.67321e-06 1.19127e-16 -0.00624945 0.025 -0.16 0.0064 -0.0192 
4.68721 -1.19127e-16 -5.16264e-17 1 1 3.67321e-06 0 -3.67321e-06 1 -4.52391e-17 0.025 0.16 0.00624945 0.0064 -0.0192 
4.68721 -1.19127e-16 -5.16264e-17 1 -1 -3.67321e-06 0 3.67321e-06 -1 4.52391e-17 0.025 -0.16 -0.00624945 0.0064 -0.0192 
4.68506 3.67321e-06 -1 4.52391e-17 -2.71051e-20 -2.98407e-18 1 -1 -3.67321e-06 1.19127e-16 0.00625056 0.01875 -0.16 0.0188 -0.0068 
4.68506 -1.19127e-16 -5.16264e-17 1 -3.67321e-06 1 2.79054e-18 -1 -3.67321e-06 1.19127e-16 0.01875 -0.00625056 -0.16 0.0188 -0.0068 
4.68505 -1.19127e-16 -5.16264e-17 1 1 3.67321e-06 0 -3.67321e-06 1 -4.52391e-17 0.01875 0.16 -0.00625056 0.0188 -0.0068 
4.68505 -1.19127e-16 -5.16264e-17 1 -1 -3.67321e-06 0 3.67321e-06 -1 4.52391e-17 0.01875 -0.16 0.00625056 0.0188 -0.0068 
4.68504 3.67321e-06 -1 4.52391e-17 -2.71051e-20 -2.98407e-18 1 -1 -3.67321e-06 1.19127e-16 5.50981e-07 0.01875 -0.16 0.0124 -0.0128 
4.68504 -1.19127e-16 -5.16264e-17 1 -3.67321e-06 1 2.79054e-18 -1 -3.67321e-06 1.19127e-16 0.01875 -5.50981e-07 -0.16 0.0124 -0.0128 
4.68504 3.67321e-06 -1 4.52391e-17 -2.71051e-20 -2.98407e-18 1 -1 -3.67321e-06 1.19127e-16 -0.00624945 0.01875 -0.16 0.0064 -0.0192 
4.68504 -1.19127e-16 -5.16264e-17 1 -3.67321e-06 1 2.79054e-18 -1 -3.67321e-06 1.19127e-16 0.01875 0.00624945 -0.16 0.0064 -0.0192 
4.68431 -1.19127e-16 -5.16264e-17 1 -3.67321e-06 1 2.79054e-18 -1 -3.67321e-06 1.19127e-16 0.03125 -0.00625056 -0.16 0.0188 -0.0068 
4.68431 3.67321e-06 -1 4.52391e-17 -2.71051e-20 -2.98407e-18 1 -1 -3.67321e-06 1.19127e-16 0.00625056 0.03125 -0.16 0.0188 -0.0068 
4.68429 -1.19127e-16 -5.16264e-17 1 -1 -3.67321e-06 0 3.67321e-06 -1 4.52391e-17 0.03125 -0.16 0.00625056 0.0188 -0.0068 
4.68429 -1.19127e-16 -5.16264e-17 1 1 3.67321e-06 0 -3.67321e-06 1 -4.52391e-17 0.03125 0.16 -0.00625056 0.0188 -0.0068 
4.68428 -1.19127e-16 -5.16264e-17 1 -3.67321e-06 1 2.79054e-18 -1 -3.67321e-06 1.19127e-16 0.03125 0.00624945 -0.16 0.0062 -0.0192 
4.68428 -1.19127e-16 -5.16264e-17 1 3.67321e-06 -1 -2.79054e-18 1 3.67321e-06 -1.19127e-16 0.03125 -0.00624945 0.16 0.0062 -0.0192 
4.68428 3.67321e-06 -1 4.52391e-17 -2.71051e-20 -2.98407e-18 1 -1 -3.67321e-06 1.19127e-16 -0.00624945 0.03125 -0.16 0.0062 -0.0192 
4.68428 3.67321e-06 -1 4.52391e-17 2.71051e-20 2.98407e-18 -1 1 3.67321e-06 -1.19127e-16 -0.00624945 -0.03125 0.16 0.0062 -0.0192 
