7.01239 0 0 1 -3.67321e-06 1 0 -1 -3.67321e-06 5.55112e-17 -0.025 -0.00625056 -0.16 0.0188 -0.0068 
7.01239 0 0 1 3.67321e-06 -1 0 1 3.67321e-06 -5.55112e-17 -0.025 0.00625056 0.16 0.0188 -0.0068 
7.01239 3.67321e-06 -1 -5.55112e-17 5.55112e-17 5.55112e-17 -1 1 3.67321e-06 -5.55112e-17 0.00625056 0.025 0.16 0.0188 -0.0068 
7.01239 3.67321e-06 -1 -5.55112e-17 -5.55112e-17 -5.55112e-17 1 -1 -3.67321e-06 5.55112e-17 0.00625056 -0.025 -0.16 0.0188 -0.0068 
7.01238 0 0 1 -3.67321e-06 1 0 -1 -3.67321e-06 5.55112e-17 -0.025 -5.50981e-07 -0.16 0.0124 -0.0132 
7.01238 0 0 1 3.67321e-06 -1 0 1 3.67321e-06 -5.55112e-17 -0.025 5.50981e-07 0.16 0.0124 -0.0132 
7.01238 3.67321e-06 -1 -5.55112e-17 5.55112e-17 5.55112e-17 -1 1 3.67321e-06 -5.55112e-17 5.50981e-07 0.025 0.16 0.0124 -0.0132 
7.01238 3.67321e-06 -1 -5.55112e-17 -5.55112e-17 -5.55112e-17 1 -1 -3.67321e-06 5.55112e-17 5.50981e-07 -0.025 -0.16 0.0124 -0.0132 
7.01238 0 0 1 1 3.67321e-06 -5.55112e-17 -3.67321e-06 1 5.55112e-17 -0.025 0.16 -5.50981e-07 0.0124 -0.0132 
7.01238 0 0 1 -1 -3.67321e-06 5.55112e-17 3.67321e-06 -1 -5.55112e-17 -0.025 -0.16 5.50981e-07 0.0124 -0.0132 
7.01237 0 0 1 -1 -3.67321e-06 5.55112e-17 3.67321e-06 -1 -5.55112e-17 -0.025 -0.16 0.00625056 0.0188 -0.0068 
7.01237 0 0 1 1 3.67321e-06 -5.55112e-17 -3.67321e-06 1 5.55112e-17 -0.025 0.16 -0.00625056 0.0188 -0.0068 
7.01237 0 0 1 3.67321e-06 -1 0 1 3.67321e-06 -5.55112e-17 -0.025 -0.00624945 0.16 0.0064 -0.0194 
7.01237 0 0 1 -3.67321e-06 1 0 -1 -3.67321e-06 5.55112e-17 -0.025 0.00624945 -0.16 0.0064 -0.0194 
7.01237 3.67321e-06 -1 -5.55112e-17 5.55112e-17 5.55112e-17 -1 1 3.67321e-06 -5.55112e-17 -0.00624945 0.025 0.16 0.0064 -0.0194 
7.01237 3.67321e-06 -1 -5.55112e-17 -5.55112e-17 -5.55112e-17 1 -1 -3.67321e-06 5.55112e-17 -0.00624945 -0.025 -0.16 0.0064 -0.0194 
7.01237 0 0 1 -1 -3.67321e-06 5.55112e-17 3.67321e-06 -1 -5.55112e-17 -0.025 -0.16 -0.00624945 0.0064 -0.0194 
7.01237 0 0 -1 -1 -3.67321e-06 5.55112e-17 -3.67321e-06 1 5.55112e-17 0.025 -0.16 0.00624945 0.0064 -0.0194 
7.01237 0 0 1 1 3.67321e-06 -5.55112e-17 -3.67321e-06 1 5.55112e-17 -0.025 0.16 0.00624945 0.0064 -0.0194 
7.01237 0 0 -1 1 3.67321e-06 -5.55112e-17 3.67321e-06 -1 -5.55112e-17 0.025 0.16 -0.00624945 0.0064 -0.0194 
7.0122 1 3.67321e-06 -5.55112e-17 -5.55112e-17 -5.55112e-17 1 3.67321e-06 -1 -5.55112e-17 0.16 -0.025 0.00625056 0.0188 -0.0068 
7.0122 1 3.67321e-06 -5.55112e-17 5.55112e-17 5.55112e-17 -1 -3.67321e-06 1 5.55112e-17 0.16 0.025 -0.00625056 0.0188 -0.0068 
7.0122 1 3.67321e-06 -5.55112e-17 3.67321e-06 -1 0 0 0 -1 0.16 0.00625056 0.025 0.0188 -0.0068 
7.0122 1 3.67321e-06 -5.55112e-17 5.55112e-17 5.55112e-17 -1 -3.67321e-06 1 5.55112e-17 0.16 0.025 -5.50981e-07 0.0124 -0.0132 
7.0122 1 3.67321e-06 -5.55112e-17 -5.55112e-17 -5.55112e-17 1 3.67321e-06 -1 -5.55112e-17 0.16 -0.025 5.50981e-07 0.0124 -0.0132 
7.0122 1 3.67321e-06 -5.55112e-17 3.67321e-06 -1 0 0 0 -1 0.16 5.50981e-07 0.025 0.0124 -0.0132 
7.01219 3.67321e-06 -1 -5.55112e-17 -1 -3.67321e-06 5.55112e-17 0 0 -1 5.50981e-07 -0.16 0.025 0.0124 -0.0132 
7.01219 -3.67321e-06 1 5.55112e-17 1 3.67321e-06 -5.55112e-17 0 0 -1 -5.50981e-07 0.16 0.025 0.0124 -0.0132 
7.01219 3.67321e-06 -1 -5.55112e-17 1 3.67321e-06 -5.55112e-17 0 0 1 5.50981e-07 0.16 -0.025 0.0124 -0.0132 
7.01218 -3.67321e-06 1 5.55112e-17 1 3.67321e-06 -5.55112e-17 0 0 -1 -0.00625056 0.16 0.025 0.0188 -0.0068 
7.01218 3.67321e-06 -1 -5.55112e-17 1 3.67321e-06 -5.55112e-17 0 0 1 0.00625056 0.16 -0.025 0.0188 -0.0068 
7.01218 3.67321e-06 -1 -5.55112e-17 -1 -3.67321e-06 5.55112e-17 0 0 -1 0.00625056 -0.16 0.025 0.0188 -0.0068 
7.01218 1 3.67321e-06 -5.55112e-17 -5.55112e-17 -5.55112e-17 1 3.67321e-06 -1 -5.55112e-17 0.16 -0.025 -0.00624945 0.0064 -0.0194 
7.01218 1 3.67321e-06 -5.55112e-17 5.55112e-17 5.55112e-17 -1 -3.67321e-06 1 5.55112e-17 0.16 0.025 0.00624945 0.0064 -0.0194 
7.01218 1 3.67321e-06 -5.55112e-17 3.67321e-06 -1 0 0 0 -1 0.16 -0.00624945 0.025 0.0064 -0.0194 
7.01218 3.67321e-06 -1 -5.55112e-17 1 3.67321e-06 -5.55112e-17 0 0 1 -0.00624945 0.16 -0.025 0.0064 -0.0194 
7.01218 3.67321e-06 -1 -5.55112e-17 -1 -3.67321e-06 5.55112e-17 0 0 -1 -0.00624945 -0.16 0.025 0.0064 -0.0194 
7.01218 -3.67321e-06 1 5.55112e-17 1 3.67321e-06 -5.55112e-17 0 0 -1 0.00624945 0.16 0.025 0.0064 -0.0194 
6.8387 1 3.67321e-06 -5.55112e-17 5.55112e-17 5.55112e-17 -1 -3.67321e-06 1 5.55112e-17 0.16 0.01875 -0.00625056 0.0188 -0.0068 
6.8387 1 3.67321e-06 -5.55112e-17 -5.55112e-17 -5.55112e-17 1 3.67321e-06 -1 -5.55112e-17 0.16 -0.01875 0.00625056 0.0188 -0.0068 
6.8387 1 3.67321e-06 -5.55112e-17 3.67321e-06 -1 0 0 0 -1 0.16 0.00625056 0.01875 0.0188 -0.0068 
6.83868 3.67321e-06 -1 -5.55112e-17 -1 -3.67321e-06 5.55112e-17 0 0 -1 0.00625056 -0.16 0.01875 0.0188 -0.0068 
6.83868 -3.67321e-06 1 5.55112e-17 1 3.67321e-06 -5.55112e-17 0 0 -1 -0.00625056 0.16 0.01875 0.0188 -0.0068 
6.83868 3.67321e-06 -1 -5.55112e-17 1 3.67321e-06 -5.55112e-17 0 0 1 0.00625056 0.16 -0.01875 0.0188 -0.0068 
6.83864 1 3.67321e-06 -5.55112e-17 -5.55112e-17 -5.55112e-17 1 3.67321e-06 -1 -5.55112e-17 0.16 -0.01875 -0.00624945 0.0064 -0.0194 
6.83864 1 3.67321e-06 -5.55112e-17 5.55112e-17 5.55112e-17 -1 -3.67321e-06 1 5.55112e-17 0.16 0.01875 0.00624945 0.0064 -0.0194 
6.83864 1 3.67321e-06 -5.55112e-17 3.67321e-06 -1 0 0 0 -1 0.16 -0.00624945 0.01875 0.0064 -0.0194 
6.83857 -3.67321e-06 1 5.55112e-17 1 3.67321e-06 -5.55112e-17 0 0 -1 0.00624945 0.16 0.01875 0.0064 -0.0194 
6.83857 3.67321e-06 -1 -5.55112e-17 1 3.67321e-06 -5.55112e-17 0 0 1 -0.00624945 0.16 -0.01875 0.0064 -0.0194 
6.83857 3.67321e-06 -1 -5.55112e-17 -1 -3.67321e-06 5.55112e-17 0 0 -1 -0.00624945 -0.16 0.01875 0.0064 -0.0194 
6.83857 1 3.67321e-06 -5.55112e-17 5.55112e-17 5.55112e-17 -1 -3.67321e-06 1 5.55112e-17 0.16 0.01875 -5.50981e-07 0.0124 -0.0132 
6.83857 1 3.67321e-06 -5.55112e-17 -5.55112e-17 -5.55112e-17 1 3.67321e-06 -1 -5.55112e-17 0.16 -0.01875 5.50981e-07 0.0124 -0.0132 
6.83857 1 3.67321e-06 -5.55112e-17 3.67321e-06 -1 0 0 0 -1 0.16 5.50981e-07 0.01875 0.0124 -0.0132 
6.83854 -3.67321e-06 1 5.55112e-17 1 3.67321e-06 -5.55112e-17 0 0 -1 -5.50981e-07 0.16 0.01875 0.0124 -0.0132 
6.83854 3.67321e-06 -1 -5.55112e-17 1 3.67321e-06 -5.55112e-17 0 0 1 5.50981e-07 0.16 -0.01875 0.0124 -0.0132 
6.83854 3.67321e-06 -1 -5.55112e-17 -1 -3.67321e-06 5.55112e-17 0 0 -1 5.50981e-07 -0.16 0.01875 0.0124 -0.0132 
6.82633 0 0 1 -3.67321e-06 1 0 -1 -3.67321e-06 5.55112e-17 -0.01875 -0.00625056 -0.16 0.0188 -0.0068 
6.82633 0 0 1 3.67321e-06 -1 0 1 3.67321e-06 -5.55112e-17 -0.01875 0.00625056 0.16 0.0188 -0.0068 
6.82633 3.67321e-06 -1 -5.55112e-17 5.55112e-17 5.55112e-17 -1 1 3.67321e-06 -5.55112e-17 0.00625056 0.01875 0.16 0.0188 -0.0068 
6.82633 3.67321e-06 -1 -5.55112e-17 -5.55112e-17 -5.55112e-17 1 -1 -3.67321e-06 5.55112e-17 0.00625056 -0.01875 -0.16 0.0188 -0.0068 
6.8263 0 0 1 -1 -3.67321e-06 5.55112e-17 3.67321e-06 -1 -5.55112e-17 -0.01875 -0.16 0.00625056 0.0188 -0.0068 
6.8263 0 0 1 1 3.67321e-06 -5.55112e-17 -3.67321e-06 1 5.55112e-17 -0.01875 0.16 -0.00625056 0.0188 -0.0068 
6.82612 0 0 1 3.67321e-06 -1 0 1 3.67321e-06 -5.55112e-17 -0.01875 5.50981e-07 0.16 0.0124 -0.0132 
6.82612 0 0 1 -3.67321e-06 1 0 -1 -3.67321e-06 5.55112e-17 -0.01875 -5.50981e-07 -0.16 0.0124 -0.0132 
6.82612 3.67321e-06 -1 -5.55112e-17 -5.55112e-17 -5.55112e-17 1 -1 -3.67321e-06 5.55112e-17 5.50981e-07 -0.01875 -0.16 0.0124 -0.0132 
6.82612 3.67321e-06 -1 -5.55112e-17 5.55112e-17 5.55112e-17 -1 1 3.67321e-06 -5.55112e-17 5.50981e-07 0.01875 0.16 0.0124 -0.0132 
6.8261 0 0 1 1 3.67321e-06 -5.55112e-17 -3.67321e-06 1 5.55112e-17 -0.01875 0.16 -5.50981e-07 0.0124 -0.0132 
6.8261 0 0 1 -1 -3.67321e-06 5.55112e-17 3.67321e-06 -1 -5.55112e-17 -0.01875 -0.16 5.50981e-07 0.0124 -0.0132 
6.82609 0 0 1 1 3.67321e-06 -5.55112e-17 -3.67321e-06 1 5.55112e-17 -0.01875 0.16 0.00624945 0.0064 -0.0194 
6.82609 0 0 1 -1 -3.67321e-06 5.55112e-17 3.67321e-06 -1 -5.55112e-17 -0.01875 -0.16 -0.00624945 0.0064 -0.0194 
5.20939 3.67321e-06 -1 -5.55112e-17 -5.55112e-17 -5.55112e-17 1 -1 -3.67321e-06 5.55112e-17 -0.00624945 -0.03125 -0.16 0.0064 -0.0194 
5.20939 3.67321e-06 -1 -5.55112e-17 5.55112e-17 5.55112e-17 -1 1 3.67321e-06 -5.55112e-17 -0.00624945 0.03125 0.16 0.0064 -0.0194 
5.20939 0 0 1 3.67321e-06 -1 0 1 3.67321e-06 -5.55112e-17 -0.03125 -0.00624945 0.16 0.0064 -0.0194 
5.20939 0 0 1 -3.67321e-06 1 0 -1 -3.67321e-06 5.55112e-17 -0.03125 0.00624945 -0.16 0.0064 -0.0194 
5.20936 0 0 1 1 3.67321e-06 -5.55112e-17 -3.67321e-06 1 5.55112e-17 -0.03125 0.16 0.00624945 0.0064 -0.0194 
5.20936 0 0 1 -1 -3.67321e-06 5.55112e-17 3.67321e-06 -1 -5.55112e-17 -0.03125 -0.16 -0.00624945 0.0064 -0.0194 
5.20934 3.67321e-06 -1 -5.55112e-17 5.55112e-17 5.55112e-17 -1 1 3.67321e-06 -5.55112e-17 5.50981e-07 0.03125 0.16 0.0124 -0.0132 
5.20934 -3.67321e-06 1 5.55112e-17 -5.55112e-17 -5.55112e-17 1 1 3.67321e-06 -5.55112e-17 -5.50981e-07 -0.03125 0.16 0.0124 -0.0132 
5.20934 3.67321e-06 -1 -5.55112e-17 -5.55112e-17 -5.55112e-17 1 -1 -3.67321e-06 5.55112e-17 5.50981e-07 -0.03125 -0.16 0.0124 -0.0132 
5.20934 -3.67321e-06 1 5.55112e-17 5.55112e-17 5.55112e-17 -1 -1 -3.67321e-06 5.55112e-17 -5.50981e-07 0.03125 -0.16 0.0124 -0.0132 
5.20934 0 0 -1 3.67321e-06 -1 0 -1 -3.67321e-06 5.55112e-17 0.03125 5.50981e-07 -0.16 0.0124 -0.0132 
5.20934 0 0 1 -3.67321e-06 1 0 -1 -3.67321e-06 5.55112e-17 -0.03125 -5.50981e-07 -0.16 0.0124 -0.0132 
5.20934 0 0 -1 -3.67321e-06 1 0 1 3.67321e-06 -5.55112e-17 0.03125 -5.50981e-07 0.16 0.0124 -0.0132 
5.20934 0 0 1 3.67321e-06 -1 0 1 3.67321e-06 -5.55112e-17 -0.03125 5.50981e-07 0.16 0.0124 -0.0132 
5.19807 1 3.67321e-06 -5.55112e-17 3.67321e-06 -1 0 0 0 -1 0.16 -0.00624945 0.03125 0.0064 -0.0194 
5.19807 1 3.67321e-06 -5.55112e-17 -5.55112e-17 -5.55112e-17 1 3.67321e-06 -1 -5.55112e-17 0.16 -0.03125 -0.00624945 0.0064 -0.0194 
5.19807 1 3.67321e-06 -5.55112e-17 5.55112e-17 5.55112e-17 -1 -3.67321e-06 1 5.55112e-17 0.16 0.03125 0.00624945 0.0064 -0.0194 
5.19806 3.67321e-06 -1 -5.55112e-17 1 3.67321e-06 -5.55112e-17 0 0 1 0.00625056 0.16 -0.03125 0.0188 -0.0068 
5.19806 3.67321e-06 -1 -5.55112e-17 -1 -3.67321e-06 5.55112e-17 0 0 -1 0.00625056 -0.16 0.03125 0.0188 -0.0068 
5.19806 -3.67321e-06 1 5.55112e-17 1 3.67321e-06 -5.55112e-17 0 0 -1 -0.00625056 0.16 0.03125 0.0188 -0.0068 
5.19802 -3.67321e-06 1 5.55112e-17 1 3.67321e-06 -5.55112e-17 0 0 -1 0.00624945 0.16 0.03125 0.0064 -0.0194 
5.19802 -3.67321e-06 1 5.55112e-17 -1 -3.67321e-06 5.55112e-17 0 0 1 0.00624945 -0.16 -0.03125 0.0064 -0.0194 
5.19802 3.67321e-06 -1 -5.55112e-17 -1 -3.67321e-06 5.55112e-17 0 0 -1 -0.00624945 -0.16 0.03125 0.0064 -0.0194 
5.19802 3.67321e-06 -1 -5.55112e-17 1 3.67321e-06 -5.55112e-17 0 0 1 -0.00624945 0.16 -0.03125 0.0064 -0.0194 
5.19802 1 3.67321e-06 -5.55112e-17 -3.67321e-06 1 0 0 0 1 0.16 -5.50981e-07 -0.03125 0.0124 -0.0132 
5.19802 -1 -3.67321e-06 5.55112e-17 3.67321e-06 -1 0 0 0 1 -0.16 5.50981e-07 -0.03125 0.0124 -0.0132 
5.19802 -1 -3.67321e-06 5.55112e-17 -3.67321e-06 1 0 0 0 -1 -0.16 -5.50981e-07 0.03125 0.0124 -0.0132 
5.19802 1 3.67321e-06 -5.55112e-17 3.67321e-06 -1 0 0 0 -1 0.16 5.50981e-07 0.03125 0.0124 -0.0132 
5.19802 1 3.67321e-06 -5.55112e-17 5.55112e-17 5.55112e-17 -1 -3.67321e-06 1 5.55112e-17 0.16 0.03125 -5.50981e-07 0.0124 -0.0132 
5.19802 1 3.67321e-06 -5.55112e-17 -5.55112e-17 -5.55112e-17 1 3.67321e-06 -1 -5.55112e-17 0.16 -0.03125 5.50981e-07 0.0124 -0.0132 
5.19802 -1 -3.67321e-06 5.55112e-17 -5.55112e-17 -5.55112e-17 1 -3.67321e-06 1 5.55112e-17 -0.16 -0.03125 -5.50981e-07 0.0124 -0.0132 
5.19802 -1 -3.67321e-06 5.55112e-17 5.55112e-17 5.55112e-17 -1 3.67321e-06 -1 -5.55112e-17 -0.16 0.03125 5.50981e-07 0.0124 -0.0132 
5.16186 3.67321e-06 -1 -5.55112e-17 -5.55112e-17 -5.55112e-17 1 -1 -3.67321e-06 5.55112e-17 -0.00624945 -0.0125 -0.16 0.0064 -0.0194 
5.16186 3.67321e-06 -1 -5.55112e-17 5.55112e-17 5.55112e-17 -1 1 3.67321e-06 -5.55112e-17 -0.00624945 0.0125 0.16 0.0064 -0.0194 
5.16186 0 0 1 -3.67321e-06 1 0 -1 -3.67321e-06 5.55112e-17 -0.0125 0.00624945 -0.16 0.0064 -0.0194 
5.16186 0 0 1 3.67321e-06 -1 0 1 3.67321e-06 -5.55112e-17 -0.0125 -0.00624945 0.16 0.0064 -0.0194 
5.16185 0 0 1 -1 -3.67321e-06 5.55112e-17 3.67321e-06 -1 -5.55112e-17 -0.0125 -0.16 -0.00624945 0.0064 -0.0194 
5.16185 0 0 1 1 3.67321e-06 -5.55112e-17 -3.67321e-06 1 5.55112e-17 -0.0125 0.16 0.00624945 0.0064 -0.0194 
5.16181 3.67321e-06 -1 -5.55112e-17 -5.55112e-17 -5.55112e-17 1 -1 -3.67321e-06 5.55112e-17 5.50981e-07 -0.0125 -0.16 0.0124 -0.0132 
5.16181 3.67321e-06 -1 -5.55112e-17 5.55112e-17 5.55112e-17 -1 1 3.67321e-06 -5.55112e-17 5.50981e-07 0.0125 0.16 0.0124 -0.0132 
5.16181 0 0 1 -3.67321e-06 1 0 -1 -3.67321e-06 5.55112e-17 -0.0125 -5.50981e-07 -0.16 0.0124 -0.0132 
5.16181 0 0 1 3.67321e-06 -1 0 1 3.67321e-06 -5.55112e-17 -0.0125 5.50981e-07 0.16 0.0124 -0.0132 
5.16178 3.67321e-06 -1 -5.55112e-17 5.55112e-17 5.55112e-17 -1 1 3.67321e-06 -5.55112e-17 0.00625056 0.0125 0.16 0.0188 -0.0068 
5.16178 3.67321e-06 -1 -5.55112e-17 -5.55112e-17 -5.55112e-17 1 -1 -3.67321e-06 5.55112e-17 0.00625056 -0.0125 -0.16 0.0188 -0.0068 
5.16178 0 0 1 -3.67321e-06 1 0 -1 -3.67321e-06 5.55112e-17 -0.0125 -0.00625056 -0.16 0.0188 -0.0068 
5.16178 0 0 1 3.67321e-06 -1 0 1 3.67321e-06 -5.55112e-17 -0.0125 0.00625056 0.16 0.0188 -0.0068 
5.16177 0 0 1 -1 -3.67321e-06 5.55112e-17 3.67321e-06 -1 -5.55112e-17 -0.0125 -0.16 5.50981e-07 0.0124 -0.0132 
5.16177 0 0 1 1 3.67321e-06 -5.55112e-17 -3.67321e-06 1 5.55112e-17 -0.0125 0.16 -5.50981e-07 0.0124 -0.0132 
5.1446 1 3.67321e-06 -5.55112e-17 3.67321e-06 -1 0 0 0 -1 0.16 -0.00624945 0.0125 0.0064 -0.0194 
5.1446 1 3.67321e-06 -5.55112e-17 5.55112e-17 5.55112e-17 -1 -3.67321e-06 1 5.55112e-17 0.16 0.0125 0.00624945 0.0064 -0.0194 
5.1446 1 3.67321e-06 -5.55112e-17 -5.55112e-17 -5.55112e-17 1 3.67321e-06 -1 -5.55112e-17 0.16 -0.0125 -0.00624945 0.0064 -0.0194 
5.14459 3.67321e-06 -1 -5.55112e-17 -1 -3.67321e-06 5.55112e-17 0 0 -1 -0.00624945 -0.16 0.0125 0.0064 -0.0194 
5.14459 3.67321e-06 -1 -5.55112e-17 1 3.67321e-06 -5.55112e-17 0 0 1 -0.00624945 0.16 -0.0125 0.0064 -0.0194 
5.14459 -3.67321e-06 1 5.55112e-17 1 3.67321e-06 -5.55112e-17 0 0 -1 0.00624945 0.16 0.0125 0.0064 -0.0194 
5.14451 1 3.67321e-06 -5.55112e-17 3.67321e-06 -1 0 0 0 -1 0.16 5.50981e-07 0.0125 0.0124 -0.0132 
5.14451 1 3.67321e-06 -5.55112e-17 -5.55112e-17 -5.55112e-17 1 3.67321e-06 -1 -5.55112e-17 0.16 -0.0125 5.50981e-07 0.0124 -0.0132 
5.14451 1 3.67321e-06 -5.55112e-17 5.55112e-17 5.55112e-17 -1 -3.67321e-06 1 5.55112e-17 0.16 0.0125 -5.50981e-07 0.0124 -0.0132 
5.14446 3.67321e-06 -1 -5.55112e-17 -1 -3.67321e-06 5.55112e-17 0 0 -1 5.50981e-07 -0.16 0.0125 0.0124 -0.0132 
5.14446 3.67321e-06 -1 -5.55112e-17 1 3.67321e-06 -5.55112e-17 0 0 1 5.50981e-07 0.16 -0.0125 0.0124 -0.0132 
5.14446 -3.67321e-06 1 5.55112e-17 1 3.67321e-06 -5.55112e-17 0 0 -1 -5.50981e-07 0.16 0.0125 0.0124 -0.0132 
5.14442 1 3.67321e-06 -5.55112e-17 3.67321e-06 -1 0 0 0 -1 0.16 0.00625056 0.0125 0.0188 -0.0068 
5.14442 1 3.67321e-06 -5.55112e-17 -5.55112e-17 -5.55112e-17 1 3.67321e-06 -1 -5.55112e-17 0.16 -0.0125 0.00625056 0.0188 -0.0068 
5.14442 1 3.67321e-06 -5.55112e-17 5.55112e-17 5.55112e-17 -1 -3.67321e-06 1 5.55112e-17 0.16 0.0125 -0.00625056 0.0188 -0.0068 
4.68731 0 0 1 -3.67321e-06 1 0 -1 -3.67321e-06 5.55112e-17 0.025 -0.00625056 -0.16 0.0188 -0.0068 
4.68731 3.67321e-06 -1 -5.55112e-17 -5.55112e-17 -5.55112e-17 1 -1 -3.67321e-06 5.55112e-17 0.00625056 0.025 -0.16 0.0188 -0.0068 
4.68727 0 0 1 1 3.67321e-06 -5.55112e-17 -3.67321e-06 1 5.55112e-17 0.025 0.16 -0.00625056 0.0188 -0.0068 
4.68727 0 0 1 -1 -3.67321e-06 5.55112e-17 3.67321e-06 -1 -5.55112e-17 0.025 -0.16 0.00625056 0.0188 -0.0068 
4.68722 0 0 1 -3.67321e-06 1 0 -1 -3.67321e-06 5.55112e-17 0.025 -5.50981e-07 -0.16 0.0124 -0.0128 
4.68722 3.67321e-06 -1 -5.55112e-17 -5.55112e-17 -5.55112e-17 1 -1 -3.67321e-06 5.55112e-17 5.50981e-07 0.025 -0.16 0.0124 -0.0128 
4.6872 0 0 1 -3.67321e-06 1 0 -1 -3.67321e-06 5.55112e-17 0.025 0.00624945 -0.16 0.0064 -0.0192 
4.6872 3.67321e-06 -1 -5.55112e-17 -5.55112e-17 -5.55112e-17 1 -1 -3.67321e-06 5.55112e-17 -0.00624945 0.025 -0.16 0.0064 -0.0192 
4.68719 0 0 1 1 3.67321e-06 -5.55112e-17 -3.67321e-06 1 5.55112e-17 0.025 0.16 0.00624945 0.0064 -0.0192 
4.68719 0 0 1 -1 -3.67321e-06 5.55112e-17 3.67321e-06 -1 -5.55112e-17 0.025 -0.16 -0.00624945 0.0064 -0.0192 
4.6851 3.67321e-06 -1 -5.55112e-17 -5.55112e-17 -5.55112e-17 1 -1 -3.67321e-06 5.55112e-17 0.00625056 0.01875 -0.16 0.0188 -0.0068 
4.6851 0 0 1 -3.67321e-06 1 0 -1 -3.67321e-06 5.55112e-17 0.01875 -0.00625056 -0.16 0.0188 -0.0068 
4.68507 3.67321e-06 -1 -5.55112e-17 -5.55112e-17 -5.55112e-17 1 -1 -3.67321e-06 5.55112e-17 -0.00624945 0.01875 -0.16 0.0064 -0.0192 
4.68507 0 0 1 -3.67321e-06 1 0 -1 -3.67321e-06 5.55112e-17 0.01875 0.00624945 -0.16 0.0064 -0.0192 
4.68506 0 0 1 -1 -3.67321e-06 5.55112e-17 3.67321e-06 -1 -5.55112e-17 0.01875 -0.16 0.00625056 0.0188 -0.0068 
4.68506 0 0 1 1 3.67321e-06 -5.55112e-17 -3.67321e-06 1 5.55112e-17 0.01875 0.16 -0.00625056 0.0188 -0.0068 
4.68505 0 0 1 -1 -3.67321e-06 5.55112e-17 3.67321e-06 -1 -5.55112e-17 0.01875 -0.16 -0.00624945 0.0064 -0.0192 
4.68505 0 0 1 1 3.67321e-06 -5.55112e-17 -3.67321e-06 1 5.55112e-17 0.01875 0.16 0.00624945 0.0064 -0.0192 
4.68503 3.67321e-06 -1 -5.55112e-17 -5.55112e-17 -5.55112e-17 1 -1 -3.67321e-06 5.55112e-17 5.50981e-07 0.01875 -0.16 0.0124 -0.0128 
4.68503 0 0 1 -3.67321e-06 1 0 -1 -3.67321e-06 5.55112e-17 0.01875 -5.50981e-07 -0.16 0.0124 -0.0128 
4.68501 0 0 1 -1 -3.67321e-06 5.55112e-17 3.67321e-06 -1 -5.55112e-17 0.01875 -0.16 5.50981e-07 0.0124 -0.0128 
4.68501 0 0 1 1 3.67321e-06 -5.55112e-17 -3.67321e-06 1 5.55112e-17 0.01875 0.16 -5.50981e-07 0.0124 -0.0128 
4.68433 0 0 1 3.67321e-06 -1 0 1 3.67321e-06 -5.55112e-17 0.03125 0.00625056 0.16 0.0188 -0.0068 
4.68433 0 0 1 -3.67321e-06 1 0 -1 -3.67321e-06 5.55112e-17 0.03125 -0.00625056 -0.16 0.0188 -0.0068 
4.68433 3.67321e-06 -1 -5.55112e-17 -5.55112e-17 -5.55112e-17 1 -1 -3.67321e-06 5.55112e-17 0.00625056 0.03125 -0.16 0.0188 -0.0068 
4.68433 3.67321e-06 -1 -5.55112e-17 5.55112e-17 5.55112e-17 -1 1 3.67321e-06 -5.55112e-17 0.00625056 -0.03125 0.16 0.0188 -0.0068 
4.68432 0 0 1 1 3.67321e-06 -5.55112e-17 -3.67321e-06 1 5.55112e-17 0.03125 0.16 -0.00625056 0.0188 -0.0068 
4.68432 0 0 1 -1 -3.67321e-06 5.55112e-17 3.67321e-06 -1 -5.55112e-17 0.03125 -0.16 0.00625056 0.0188 -0.0068 
4.68429 0 0 1 3.67321e-06 -1 0 1 3.67321e-06 -5.55112e-17 0.03125 5.50981e-07 0.16 0.0124 -0.0128 
4.68429 0 0 1 -3.67321e-06 1 0 -1 -3.67321e-06 5.55112e-17 0.03125 -5.50981e-07 -0.16 0.0124 -0.0128 
4.68429 3.67321e-06 -1 -5.55112e-17 5.55112e-17 5.55112e-17 -1 1 3.67321e-06 -5.55112e-17 5.50981e-07 -0.03125 0.16 0.0124 -0.0128 
4.68429 3.67321e-06 -1 -5.55112e-17 -5.55112e-17 -5.55112e-17 1 -1 -3.67321e-06 5.55112e-17 5.50981e-07 0.03125 -0.16 0.0124 -0.0128 
4.68428 0 0 1 1 3.67321e-06 -5.55112e-17 -3.67321e-06 1 5.55112e-17 0.03125 0.16 -5.50981e-07 0.0124 -0.0128 
4.68428 0 0 1 -1 -3.67321e-06 5.55112e-17 3.67321e-06 -1 -5.55112e-17 0.03125 -0.16 5.50981e-07 0.0124 -0.0128 
4.68424 0 0 1 -3.67321e-06 1 0 -1 -3.67321e-06 5.55112e-17 0.03125 0.00624945 -0.16 0.0062 -0.0192 
4.68424 0 0 1 3.67321e-06 -1 0 1 3.67321e-06 -5.55112e-17 0.03125 -0.00624945 0.16 0.0062 -0.0192 
4.68424 3.67321e-06 -1 -5.55112e-17 -5.55112e-17 -5.55112e-17 1 -1 -3.67321e-06 5.55112e-17 -0.00624945 0.03125 -0.16 0.0062 -0.0192 
4.68424 3.67321e-06 -1 -5.55112e-17 5.55112e-17 5.55112e-17 -1 1 3.67321e-06 -5.55112e-17 -0.00624945 -0.03125 0.16 0.0062 -0.0192 
4.68423 0 0 1 -1 -3.67321e-06 5.55112e-17 3.67321e-06 -1 -5.55112e-17 0.03125 -0.16 -0.00624945 0.0062 -0.0192 
4.68423 0 0 1 1 3.67321e-06 -5.55112e-17 -3.67321e-06 1 5.55112e-17 0.03125 0.16 0.00624945 0.0062 -0.0192 
4.63926 0 0 1 -3.67321e-06 1 0 -1 -3.67321e-06 5.55112e-17 -0.00625001 0.00624945 -0.16 0.0064 -0.0194 
4.63926 3.67321e-06 -1 -5.55112e-17 -5.55112e-17 -5.55112e-17 1 -1 -3.67321e-06 5.55112e-17 -0.00624945 -0.00625001 -0.16 0.0064 -0.0194 
4.63925 0 0 1 1 3.67321e-06 -5.55112e-17 -3.67321e-06 1 5.55112e-17 -0.00625001 0.16 0.00624945 0.0064 -0.0194 
4.63925 0 0 1 -1 -3.67321e-06 5.55112e-17 3.67321e-06 -1 -5.55112e-17 -0.00625001 -0.16 -0.00624945 0.0064 -0.0194 
4.63919 0 0 1 -3.67321e-06 1 0 -1 -3.67321e-06 5.55112e-17 -0.00625001 -5.50981e-07 -0.16 0.0124 -0.0128 
4.63919 3.67321e-06 -1 -5.55112e-17 -5.55112e-17 -5.55112e-17 1 -1 -3.67321e-06 5.55112e-17 5.50981e-07 -0.00625001 -0.16 0.0124 -0.0128 
4.63916 0 0 1 1 3.67321e-06 -5.55112e-17 -3.67321e-06 1 5.55112e-17 -0.00625001 0.16 -5.50981e-07 0.0124 -0.0128 
4.63916 0 0 1 -1 -3.67321e-06 5.55112e-17 3.67321e-06 -1 -5.55112e-17 -0.00625001 -0.16 5.50981e-07 0.0124 -0.0128 
4.63915 0 0 1 -3.67321e-06 1 0 -1 -3.67321e-06 5.55112e-17 -0.00625001 -0.00625056 -0.16 0.0188 -0.0068 
4.63915 3.67321e-06 -1 -5.55112e-17 -5.55112e-17 -5.55112e-17 1 -1 -3.67321e-06 5.55112e-17 0.00625056 -0.00625001 -0.16 0.0188 -0.0068 
4.6391 0 0 1 1 3.67321e-06 -5.55112e-17 -3.67321e-06 1 5.55112e-17 -0.00625001 0.16 -0.00625056 0.0188 -0.0068 
4.6391 0 0 1 -1 -3.67321e-06 5.55112e-17 3.67321e-06 -1 -5.55112e-17 -0.00625001 -0.16 0.00625056 0.0188 -0.0068 
4.63101 0 0 1 1 3.67321e-06 -5.55112e-17 -3.67321e-06 1 5.55112e-17 0 0.16 0.00624945 0.0064 -0.0194 
4.63101 0 0 1 -1 -3.67321e-06 5.55112e-17 3.67321e-06 -1 -5.55112e-17 0 -0.16 -0.00624945 0.0064 -0.0194 
4.63099 0 0 1 -3.67321e-06 1 0 -1 -3.67321e-06 5.55112e-17 0 0.00624945 -0.16 0.0064 -0.0194 
4.63099 3.67321e-06 -1 -5.55112e-17 -5.55112e-17 -5.55112e-17 1 -1 -3.67321e-06 5.55112e-17 -0.00624945 -1.38778e-17 -0.16 0.0064 -0.0194 
4.63095 0 0 1 -3.67321e-06 1 0 -1 -3.67321e-06 5.55112e-17 -1.38778e-17 -0.00625056 -0.16 0.0188 -0.0068 
4.63095 3.67321e-06 -1 -5.55112e-17 -5.55112e-17 -5.55112e-17 1 -1 -3.67321e-06 5.55112e-17 0.00625056 -1.38778e-17 -0.16 0.0188 -0.0068 
4.63092 0 0 1 -3.67321e-06 1 0 -1 -3.67321e-06 5.55112e-17 -2.77556e-17 -5.50981e-07 -0.16 0.0124 -0.0128 
4.63092 0 0 1 3.67321e-06 -1 0 1 3.67321e-06 -5.55112e-17 -2.77556e-17 5.50981e-07 0.16 0.0124 -0.0128 
4.63092 3.67321e-06 -1 -5.55112e-17 -5.55112e-17 -5.55112e-17 1 -1 -3.67321e-06 5.55112e-17 5.50981e-07 -2.77556e-17 -0.16 0.0124 -0.0128 
4.63092 3.67321e-06 -1 -5.55112e-17 5.55112e-17 5.55112e-17 -1 1 3.67321e-06 -5.55112e-17 5.50981e-07 2.77556e-17 0.16 0.0124 -0.0128 
4.6309 0 0 1 -1 -3.67321e-06 5.55112e-17 3.67321e-06 -1 -5.55112e-17 -1.38778e-17 -0.16 0.00625056 0.0188 -0.0068 
4.6309 0 0 1 1 3.67321e-06 -5.55112e-17 -3.67321e-06 1 5.55112e-17 -1.38778e-17 0.16 -0.00625056 0.0188 -0.0068 
4.62273 0 0 1 -3.67321e-06 1 0 -1 -3.67321e-06 5.55112e-17 0.00625001 -5.50981e-07 -0.16 0.0124 -0.0128 
4.62273 3.67321e-06 -1 -5.55112e-17 -5.55112e-17 -5.55112e-17 1 -1 -3.67321e-06 5.55112e-17 5.50981e-07 0.00625001 -0.16 0.0124 -0.0128 
4.62272 0 0 1 -1 -3.67321e-06 5.55112e-17 3.67321e-06 -1 -5.55112e-17 0.00625001 -0.16 -0.00624945 0.0064 -0.0192 
4.62272 0 0 1 1 3.67321e-06 -5.55112e-17 -3.67321e-06 1 5.55112e-17 0.00625001 0.16 0.00624945 0.0064 -0.0192 
4.62271 0 0 1 1 3.67321e-06 -5.55112e-17 -3.67321e-06 1 5.55112e-17 0.00625001 0.16 -5.50981e-07 0.0124 -0.0128 
4.62271 0 0 1 -1 -3.67321e-06 5.55112e-17 3.67321e-06 -1 -5.55112e-17 0.00625001 -0.16 5.50981e-07 0.0124 -0.0128 
4.62267 0 0 1 -3.67321e-06 1 0 -1 -3.67321e-06 5.55112e-17 0.00625001 -0.00625056 -0.16 0.0188 -0.0068 
4.62267 3.67321e-06 -1 -5.55112e-17 -5.55112e-17 -5.55112e-17 1 -1 -3.67321e-06 5.55112e-17 0.00625056 0.00625001 -0.16 0.0188 -0.0068 
4.62266 0 0 1 1 3.67321e-06 -5.55112e-17 -3.67321e-06 1 5.55112e-17 0.00625001 0.16 -0.00625056 0.0188 -0.0068 
4.62266 0 0 1 -1 -3.67321e-06 5.55112e-17 3.67321e-06 -1 -5.55112e-17 0.00625001 -0.16 0.00625056 0.0188 -0.0068 
4.61507 3.67321e-06 -1 -5.55112e-17 -1 -3.67321e-06 5.55112e-17 0 0 -1 5.50981e-07 -0.16 -0.03125 0.0124 -0.0128 
4.61507 3.67321e-06 -1 -5.55112e-17 1 3.67321e-06 -5.55112e-17 0 0 1 5.50981e-07 0.16 0.03125 0.0124 -0.0128 
4.61503 3.67321e-06 -1 -5.55112e-17 -1 -3.67321e-06 5.55112e-17 0 0 -1 -0.00624945 -0.16 -0.03125 0.0062 -0.0192 
4.61503 3.67321e-06 -1 -5.55112e-17 1 3.67321e-06 -5.55112e-17 0 0 1 -0.00624945 0.16 0.03125 0.0062 -0.0192 
4.61456 0 0 1 3.67321e-06 -1 0 1 3.67321e-06 -5.55112e-17 0.0125 -0.00624945 0.16 0.0064 -0.0192 
4.61456 0 0 1 -3.67321e-06 1 0 -1 -3.67321e-06 5.55112e-17 0.0125 0.00624945 -0.16 0.0064 -0.0192 
4.61456 3.67321e-06 -1 -5.55112e-17 -5.55112e-17 -5.55112e-17 1 -1 -3.67321e-06 5.55112e-17 -0.00624945 0.0125 -0.16 0.0064 -0.0192 
4.61456 3.67321e-06 -1 -5.55112e-17 5.55112e-17 5.55112e-17 -1 1 3.67321e-06 -5.55112e-17 -0.00624945 -0.0125 0.16 0.0064 -0.0192 
4.61454 0 0 1 1 3.67321e-06 -5.55112e-17 -3.67321e-06 1 5.55112e-17 0.0125 0.16 0.00624945 0.0064 -0.0192 
4.61454 0 0 1 -1 -3.67321e-06 5.55112e-17 3.67321e-06 -1 -5.55112e-17 0.0125 -0.16 -0.00624945 0.0064 -0.0192 
4.61449 0 0 1 -3.67321e-06 1 0 -1 -3.67321e-06 5.55112e-17 0.0125 -0.00625056 -0.16 0.0188 -0.0068 
4.61449 3.67321e-06 -1 -5.55112e-17 -5.55112e-17 -5.55112e-17 1 -1 -3.67321e-06 5.55112e-17 0.00625056 0.0125 -0.16 0.0188 -0.0068 
4.61448 0 0 1 1 3.67321e-06 -5.55112e-17 -3.67321e-06 1 5.55112e-17 0.0125 0.16 -0.00625056 0.0188 -0.0068 
4.61448 0 0 1 -1 -3.67321e-06 5.55112e-17 3.67321e-06 -1 -5.55112e-17 0.0125 -0.16 0.00625056 0.0188 -0.0068 
4.61447 0 0 1 -1 -3.67321e-06 5.55112e-17 3.67321e-06 -1 -5.55112e-17 0.0125 -0.16 5.50981e-07 0.0124 -0.0128 
4.61447 0 0 1 1 3.67321e-06 -5.55112e-17 -3.67321e-06 1 5.55112e-17 0.0125 0.16 -5.50981e-07 0.0124 -0.0128 
4.59173 3.67321e-06 -1 -5.55112e-17 1 3.67321e-06 -5.55112e-17 0 0 1 -0.00624945 0.16 0.0125 0.0064 -0.0192 
4.59173 3.67321e-06 -1 -5.55112e-17 -1 -3.67321e-06 5.55112e-17 0 0 -1 -0.00624945 -0.16 -0.0125 0.0064 -0.0192 
4.59164 3.67321e-06 -1 -5.55112e-17 1 3.67321e-06 -5.55112e-17 0 0 1 5.50981e-07 0.16 0.0125 0.0124 -0.0128 
4.59164 3.67321e-06 -1 -5.55112e-17 -1 -3.67321e-06 5.55112e-17 0 0 -1 5.50981e-07 -0.16 -0.0125 0.0124 -0.0128 
