0.132838 -0.0310566 -0.963095 0.267363 0.999518 -0.0298679 0.00851276 -0.000213017 0.267499 0.963558 0.00169991 0.0900979 -0.00219806 0.1552 -0.1552 -0.3796 0.3796 
0.132838 -0.999518 0.0298679 -0.00851276 -0.0310566 -0.963095 0.267363 -0.000213021 0.267499 0.963558 -0.0900979 0.00169991 -0.00219806 0.1552 -0.1552 -0.3796 0.3796 
0.132838 0.999518 -0.0298679 0.00851275 0.0310566 0.963095 -0.267363 -0.000213012 0.267499 0.963558 0.0900979 -0.00169991 -0.00219806 0.1552 -0.1552 -0.3796 0.3796 
0.132838 0.0310566 0.963095 -0.267363 -0.999518 0.0298679 -0.00851276 -0.000213016 0.267499 0.963558 -0.00169991 -0.0900979 -0.00219806 0.1552 -0.1552 -0.3796 0.3796 
0.132743 -0.0310566 -0.963095 0.267363 0.999518 -0.0298679 0.00851276 -0.000213017 0.267499 0.963558 0.00169991 0.0900979 0.00780194 0.1552 -0.1552 -0.3796 0.3796 
0.132743 -0.999518 0.0298679 -0.00851276 -0.0310566 -0.963095 0.267363 -0.000213021 0.267499 0.963558 -0.0900979 0.00169991 0.00780194 0.1552 -0.1552 -0.3796 0.3796 
0.132743 0.0310566 0.963095 -0.267363 -0.999518 0.0298679 -0.00851276 -0.000213016 0.267499 0.963558 -0.00169991 -0.0900979 0.00780194 0.1552 -0.1552 -0.3796 0.3796 
0.132743 0.999518 -0.0298679 0.00851275 0.0310566 0.963095 -0.267363 -0.000213012 0.267499 0.963558 0.0900979 -0.00169991 0.00780194 0.1552 -0.1552 -0.3796 0.3796 
0.132681 -0.0294067 0.96314 -0.267389 0.999568 0.028392 -0.00766108 0.000213016 -0.267499 -0.963558 0.00255118 0.100128 0.00219806 0.3976 -0.3976 -0.138 0.138 
0.132681 0.999568 0.028392 -0.00766108 0.0294067 -0.96314 0.267389 0.000213021 -0.267499 -0.963558 0.100128 -0.00255118 0.00219806 0.3976 -0.3976 -0.138 0.138 
0.132681 -0.999568 -0.028392 0.00766109 -0.0294067 0.96314 -0.267389 0.000213012 -0.267499 -0.963558 -0.100128 0.00255118 0.00219806 0.3976 -0.3976 -0.138 0.138 
0.132681 0.0294067 -0.96314 0.267389 -0.999568 -0.028392 0.00766108 0.000213017 -0.267499 -0.963558 -0.00255118 -0.100128 0.00219806 0.3976 -0.3976 -0.138 0.138 
0.132601 -0.0310566 -0.963095 0.267363 0.999518 -0.0298679 0.00851276 -0.000213017 0.267499 0.963558 0.00169991 0.0900979 -0.0121981 0.1552 -0.1552 -0.3796 0.3796 
0.132601 -0.999518 0.0298679 -0.00851276 -0.0310566 -0.963095 0.267363 -0.000213021 0.267499 0.963558 -0.0900979 0.00169991 -0.0121981 0.1552 -0.1552 -0.3796 0.3796 
0.132601 0.0310566 0.963095 -0.267363 -0.999518 0.0298679 -0.00851276 -0.000213016 0.267499 0.963558 -0.00169991 -0.0900979 -0.0121981 0.1552 -0.1552 -0.3796 0.3796 
0.132601 0.999518 -0.0298679 0.00851275 0.0310566 0.963095 -0.267363 -0.000213012 0.267499 0.963558 0.0900979 -0.00169991 -0.0121981 0.1552 -0.1552 -0.3796 0.3796 
0.132589 0.0294067 -0.96314 0.267389 -0.999568 -0.028392 0.00766108 0.000213017 -0.267499 -0.963558 -0.00255118 -0.100128 -0.00780194 0.3976 -0.3976 -0.138 0.138 
0.132589 -0.0294067 0.96314 -0.267389 0.999568 0.028392 -0.00766108 0.000213016 -0.267499 -0.963558 0.00255118 0.100128 -0.00780194 0.3976 -0.3976 -0.138 0.138 
0.132589 -0.999568 -0.028392 0.00766109 -0.0294067 0.96314 -0.267389 0.000213012 -0.267499 -0.963558 -0.100128 0.00255118 -0.00780194 0.3976 -0.3976 -0.138 0.138 
0.132589 0.999568 0.028392 -0.00766108 0.0294067 -0.96314 0.267389 0.000213021 -0.267499 -0.963558 0.100128 -0.00255118 -0.00780194 0.3976 -0.3976 -0.138 0.138 
0.132442 -0.0294067 0.96314 -0.267389 0.999568 0.028392 -0.00766108 0.000213016 -0.267499 -0.963558 0.00255118 0.100128 0.0121981 0.3976 -0.3976 -0.138 0.138 
0.132442 -0.999568 -0.028392 0.00766109 -0.0294067 0.96314 -0.267389 0.000213012 -0.267499 -0.963558 -0.100128 0.00255118 0.0121981 0.3976 -0.3976 -0.138 0.138 
0.132442 0.999568 0.028392 -0.00766108 0.0294067 -0.96314 0.267389 0.000213021 -0.267499 -0.963558 0.100128 -0.00255118 0.0121981 0.3976 -0.3976 -0.138 0.138 
0.132442 0.0294067 -0.96314 0.267389 -0.999568 -0.028392 0.00766108 0.000213017 -0.267499 -0.963558 -0.00255118 -0.100128 0.0121981 0.3976 -0.3976 -0.138 0.138 
0.132319 -0.0310566 -0.963095 0.267363 0.999518 -0.0298679 0.00851276 -0.000213017 0.267499 0.963558 0.00169991 0.0900979 0.0178019 0.1552 -0.1552 -0.3796 0.3796 
0.132319 0.999518 -0.0298679 0.00851275 0.0310566 0.963095 -0.267363 -0.000213012 0.267499 0.963558 0.0900979 -0.00169991 0.0178019 0.1552 -0.1552 -0.3796 0.3796 
0.132319 -0.999518 0.0298679 -0.00851276 -0.0310566 -0.963095 0.267363 -0.000213021 0.267499 0.963558 -0.0900979 0.00169991 0.0178019 0.1552 -0.1552 -0.3796 0.3796 
0.132319 0.0310566 0.963095 -0.267363 -0.999518 0.0298679 -0.00851276 -0.000213016 0.267499 0.963558 -0.00169991 -0.0900979 0.0178019 0.1552 -0.1552 -0.3796 0.3796 
0.132169 -0.0294067 0.96314 -0.267389 0.999568 0.028392 -0.00766108 0.000213016 -0.267499 -0.963558 0.00255118 0.100128 -0.0178019 0.3976 -0.3976 -0.138 0.138 
0.132169 -0.999568 -0.028392 0.00766109 -0.0294067 0.96314 -0.267389 0.000213012 -0.267499 -0.963558 -0.100128 0.00255118 -0.0178019 0.3976 -0.3976 -0.138 0.138 
0.132169 0.999568 0.028392 -0.00766108 0.0294067 -0.96314 0.267389 0.000213021 -0.267499 -0.963558 0.100128 -0.00255118 -0.0178019 0.3976 -0.3976 -0.138 0.138 
0.132169 0.0294067 -0.96314 0.267389 -0.999568 -0.028392 0.00766108 0.000213017 -0.267499 -0.963558 -0.00255118 -0.100128 -0.0178019 0.3976 -0.3976 -0.138 0.138 
0.132039 -0.0310566 -0.963095 0.267363 0.999518 -0.0298679 0.00851276 -0.000213017 0.267499 0.963558 0.00169991 0.0900979 -0.0221981 0.1552 -0.1552 -0.3796 0.3796 
0.132039 -0.999518 0.0298679 -0.00851276 -0.0310566 -0.963095 0.267363 -0.000213021 0.267499 0.963558 -0.0900979 0.00169991 -0.0221981 0.1552 -0.1552 -0.3796 0.3796 
0.132039 0.999518 -0.0298679 0.00851275 0.0310566 0.963095 -0.267363 -0.000213012 0.267499 0.963558 0.0900979 -0.00169991 -0.0221981 0.1552 -0.1552 -0.3796 0.3796 
0.132039 0.0310566 0.963095 -0.267363 -0.999518 0.0298679 -0.00851276 -0.000213016 0.267499 0.963558 -0.00169991 -0.0900979 -0.0221981 0.1552 -0.1552 -0.3796 0.3796 
0.131879 -0.0294067 0.96314 -0.267389 0.999568 0.028392 -0.00766108 0.000213016 -0.267499 -0.963558 0.00255118 0.100128 0.0221981 0.3976 -0.3976 -0.138 0.138 
0.131879 0.999568 0.028392 -0.00766108 0.0294067 -0.96314 0.267389 0.000213021 -0.267499 -0.963558 0.100128 -0.00255118 0.0221981 0.3976 -0.3976 -0.138 0.138 
0.131879 0.0294067 -0.96314 0.267389 -0.999568 -0.028392 0.00766108 0.000213017 -0.267499 -0.963558 -0.00255118 -0.100128 0.0221981 0.3976 -0.3976 -0.138 0.138 
0.131879 -0.999568 -0.028392 0.00766109 -0.0294067 0.96314 -0.267389 0.000213012 -0.267499 -0.963558 -0.100128 0.00255118 0.0221981 0.3976 -0.3976 -0.138 0.138 
0.131574 -0.0310566 -0.963095 0.267363 0.999518 -0.0298679 0.00851276 -0.000213017 0.267499 0.963558 0.00169991 0.0900979 0.0278019 0.1552 -0.1552 -0.3796 0.3796 
0.131574 -0.999518 0.0298679 -0.00851276 -0.0310566 -0.963095 0.267363 -0.000213021 0.267499 0.963558 -0.0900979 0.00169991 0.0278019 0.1552 -0.1552 -0.3796 0.3796 
0.131574 0.999518 -0.0298679 0.00851275 0.0310566 0.963095 -0.267363 -0.000213012 0.267499 0.963558 0.0900979 -0.00169991 0.0278019 0.1552 -0.1552 -0.3796 0.3796 
0.131574 0.0310566 0.963095 -0.267363 -0.999518 0.0298679 -0.00851276 -0.000213016 0.267499 0.963558 -0.00169991 -0.0900979 0.0278019 0.1552 -0.1552 -0.3796 0.3796 
0.131429 -0.0294067 0.96314 -0.267389 0.999568 0.028392 -0.00766108 0.000213016 -0.267499 -0.963558 0.00255118 0.100128 -0.0278019 0.3976 -0.3976 -0.138 0.138 
0.131429 0.999568 0.028392 -0.00766108 0.0294067 -0.96314 0.267389 0.000213021 -0.267499 -0.963558 0.100128 -0.00255118 -0.0278019 0.3976 -0.3976 -0.138 0.138 
0.131429 -0.999568 -0.028392 0.00766109 -0.0294067 0.96314 -0.267389 0.000213012 -0.267499 -0.963558 -0.100128 0.00255118 -0.0278019 0.3976 -0.3976 -0.138 0.138 
0.131429 0.0294067 -0.96314 0.267389 -0.999568 -0.028392 0.00766108 0.000213017 -0.267499 -0.963558 -0.00255118 -0.100128 -0.0278019 0.3976 -0.3976 -0.138 0.138 
0.131162 0.999518 -0.0298679 0.00851275 0.0310566 0.963095 -0.267363 -0.000213012 0.267499 0.963558 0.0900979 -0.00169991 -0.0321981 0.1552 -0.1552 -0.3796 0.3796 
0.131162 -0.0310566 -0.963095 0.267363 0.999518 -0.0298679 0.00851276 -0.000213017 0.267499 0.963558 0.00169991 0.0900979 -0.0321981 0.1552 -0.1552 -0.3796 0.3796 
0.131162 -0.999518 0.0298679 -0.00851276 -0.0310566 -0.963095 0.267363 -0.000213021 0.267499 0.963558 -0.0900979 0.00169991 -0.0321981 0.1552 -0.1552 -0.3796 0.3796 
0.131162 0.0310566 0.963095 -0.267363 -0.999518 0.0298679 -0.00851276 -0.000213016 0.267499 0.963558 -0.00169991 -0.0900979 -0.0321981 0.1552 -0.1552 -0.3796 0.3796 
0.131002 0.999568 0.028392 -0.00766108 0.0294067 -0.96314 0.267389 0.000213021 -0.267499 -0.963558 0.100128 -0.00255118 0.0321981 0.3976 -0.3976 -0.138 0.138 
0.131002 0.0294067 -0.96314 0.267389 -0.999568 -0.028392 0.00766108 0.000213017 -0.267499 -0.963558 -0.00255118 -0.100128 0.0321981 0.3976 -0.3976 -0.138 0.138 
0.131002 -0.0294067 0.96314 -0.267389 0.999568 0.028392 -0.00766108 0.000213016 -0.267499 -0.963558 0.00255118 0.100128 0.0321981 0.3976 -0.3976 -0.138 0.138 
0.131002 -0.999568 -0.028392 0.00766109 -0.0294067 0.96314 -0.267389 0.000213012 -0.267499 -0.963558 -0.100128 0.00255118 0.0321981 0.3976 -0.3976 -0.138 0.138 
0.130526 -0.0310566 -0.963095 0.267363 0.999518 -0.0298679 0.00851276 -0.000213017 0.267499 0.963558 0.00169991 0.0900979 0.0378019 0.1552 -0.1552 -0.3796 0.3796 
0.130526 -0.999518 0.0298679 -0.00851276 -0.0310566 -0.963095 0.267363 -0.000213021 0.267499 0.963558 -0.0900979 0.00169991 0.0378019 0.1552 -0.1552 -0.3796 0.3796 
0.130526 0.999518 -0.0298679 0.00851275 0.0310566 0.963095 -0.267363 -0.000213012 0.267499 0.963558 0.0900979 -0.00169991 0.0378019 0.1552 -0.1552 -0.3796 0.3796 
0.130526 0.0310566 0.963095 -0.267363 -0.999518 0.0298679 -0.00851276 -0.000213016 0.267499 0.963558 -0.00169991 -0.0900979 0.0378019 0.1552 -0.1552 -0.3796 0.3796 
0.130386 -0.0294067 0.96314 -0.267389 0.999568 0.028392 -0.00766108 0.000213016 -0.267499 -0.963558 0.00255118 0.100128 -0.0378019 0.3976 -0.3976 -0.138 0.138 
0.130386 0.999568 0.028392 -0.00766108 0.0294067 -0.96314 0.267389 0.000213021 -0.267499 -0.963558 0.100128 -0.00255118 -0.0378019 0.3976 -0.3976 -0.138 0.138 
0.130386 -0.999568 -0.028392 0.00766109 -0.0294067 0.96314 -0.267389 0.000213012 -0.267499 -0.963558 -0.100128 0.00255118 -0.0378019 0.3976 -0.3976 -0.138 0.138 
0.130386 0.0294067 -0.96314 0.267389 -0.999568 -0.028392 0.00766108 0.000213017 -0.267499 -0.963558 -0.00255118 -0.100128 -0.0378019 0.3976 -0.3976 -0.138 0.138 
0.12999 -0.0310566 -0.963095 0.267363 0.999518 -0.0298679 0.00851276 -0.000213017 0.267499 0.963558 0.00169991 0.0900979 -0.0421981 0.1552 -0.1552 -0.3796 0.3796 
0.12999 -0.999518 0.0298679 -0.00851276 -0.0310566 -0.963095 0.267363 -0.000213021 0.267499 0.963558 -0.0900979 0.00169991 -0.0421981 0.1552 -0.1552 -0.3796 0.3796 
0.12999 0.999518 -0.0298679 0.00851275 0.0310566 0.963095 -0.267363 -0.000213012 0.267499 0.963558 0.0900979 -0.00169991 -0.0421981 0.1552 -0.1552 -0.3796 0.3796 
0.12999 0.0310566 0.963095 -0.267363 -0.999518 0.0298679 -0.00851276 -0.000213016 0.267499 0.963558 -0.00169991 -0.0900979 -0.0421981 0.1552 -0.1552 -0.3796 0.3796 
0.129832 -0.0294067 0.96314 -0.267389 0.999568 0.028392 -0.00766108 0.000213016 -0.267499 -0.963558 0.00255118 0.100128 0.0421981 0.3976 -0.3976 -0.138 0.138 
0.129832 -0.999568 -0.028392 0.00766109 -0.0294067 0.96314 -0.267389 0.000213012 -0.267499 -0.963558 -0.100128 0.00255118 0.0421981 0.3976 -0.3976 -0.138 0.138 
0.129832 0.999568 0.028392 -0.00766108 0.0294067 -0.96314 0.267389 0.000213021 -0.267499 -0.963558 0.100128 -0.00255118 0.0421981 0.3976 -0.3976 -0.138 0.138 
0.129832 0.0294067 -0.96314 0.267389 -0.999568 -0.028392 0.00766108 0.000213017 -0.267499 -0.963558 -0.00255118 -0.100128 0.0421981 0.3976 -0.3976 -0.138 0.138 
0.129196 -0.999518 0.0298679 -0.00851276 -0.0310566 -0.963095 0.267363 -0.000213021 0.267499 0.963558 -0.0900979 0.00169991 0.0478019 0.1552 -0.1552 -0.3796 0.3796 
0.129196 0.999518 -0.0298679 0.00851275 0.0310566 0.963095 -0.267363 -0.000213012 0.267499 0.963558 0.0900979 -0.00169991 0.0478019 0.1552 -0.1552 -0.3796 0.3796 
0.129196 -0.0310566 -0.963095 0.267363 0.999518 -0.0298679 0.00851276 -0.000213017 0.267499 0.963558 0.00169991 0.0900979 0.0478019 0.1552 -0.1552 -0.3796 0.3796 
0.129196 0.0310566 0.963095 -0.267363 -0.999518 0.0298679 -0.00851276 -0.000213016 0.267499 0.963558 -0.00169991 -0.0900979 0.0478019 0.1552 -0.1552 -0.3796 0.3796 
0.129062 -0.0294067 0.96314 -0.267389 0.999568 0.028392 -0.00766108 0.000213016 -0.267499 -0.963558 0.00255118 0.100128 -0.0478019 0.3976 -0.3976 -0.138 0.138 
0.129062 -0.999568 -0.028392 0.00766109 -0.0294067 0.96314 -0.267389 0.000213012 -0.267499 -0.963558 -0.100128 0.00255118 -0.0478019 0.3976 -0.3976 -0.138 0.138 
0.129062 0.999568 0.028392 -0.00766108 0.0294067 -0.96314 0.267389 0.000213021 -0.267499 -0.963558 0.100128 -0.00255118 -0.0478019 0.3976 -0.3976 -0.138 0.138 
0.129062 0.0294067 -0.96314 0.267389 -0.999568 -0.028392 0.00766108 0.000213017 -0.267499 -0.963558 -0.00255118 -0.100128 -0.0478019 0.3976 -0.3976 -0.138 0.138 
0.128547 0.0310566 0.963095 -0.267363 -0.999518 0.0298679 -0.00851276 -0.000213016 0.267499 0.963558 -0.00169991 -0.0900979 -0.0521981 0.1552 -0.1552 -0.3796 0.3796 
0.128547 -0.0310566 -0.963095 0.267363 0.999518 -0.0298679 0.00851276 -0.000213017 0.267499 0.963558 0.00169991 0.0900979 -0.0521981 0.1552 -0.1552 -0.3796 0.3796 
0.128547 0.999518 -0.0298679 0.00851275 0.0310566 0.963095 -0.267363 -0.000213012 0.267499 0.963558 0.0900979 -0.00169991 -0.0521981 0.1552 -0.1552 -0.3796 0.3796 
0.128547 -0.999518 0.0298679 -0.00851276 -0.0310566 -0.963095 0.267363 -0.000213021 0.267499 0.963558 -0.0900979 0.00169991 -0.0521981 0.1552 -0.1552 -0.3796 0.3796 
0.128391 -0.0294067 0.96314 -0.267389 0.999568 0.028392 -0.00766108 0.000213016 -0.267499 -0.963558 0.00255118 0.100128 0.0521981 0.3976 -0.3976 -0.138 0.138 
0.128391 -0.999568 -0.028392 0.00766109 -0.0294067 0.96314 -0.267389 0.000213012 -0.267499 -0.963558 -0.100128 0.00255118 0.0521981 0.3976 -0.3976 -0.138 0.138 
0.128391 0.999568 0.028392 -0.00766108 0.0294067 -0.96314 0.267389 0.000213021 -0.267499 -0.963558 0.100128 -0.00255118 0.0521981 0.3976 -0.3976 -0.138 0.138 
0.128391 0.0294067 -0.96314 0.267389 -0.999568 -0.028392 0.00766108 0.000213017 -0.267499 -0.963558 -0.00255118 -0.100128 0.0521981 0.3976 -0.3976 -0.138 0.138 
0.12761 -0.0310566 -0.963095 0.267363 0.999518 -0.0298679 0.00851276 -0.000213017 0.267499 0.963558 0.00169991 0.0900979 0.0578019 0.1552 -0.1552 -0.3796 0.3796 
0.12761 0.999518 -0.0298679 0.00851275 0.0310566 0.963095 -0.267363 -0.000213012 0.267499 0.963558 0.0900979 -0.00169991 0.0578019 0.1552 -0.1552 -0.3796 0.3796 
0.12761 -0.999518 0.0298679 -0.00851276 -0.0310566 -0.963095 0.267363 -0.000213021 0.267499 0.963558 -0.0900979 0.00169991 0.0578019 0.1552 -0.1552 -0.3796 0.3796 
0.12761 0.0310566 0.963095 -0.267363 -0.999518 0.0298679 -0.00851276 -0.000213016 0.267499 0.963558 -0.00169991 -0.0900979 0.0578019 0.1552 -0.1552 -0.3796 0.3796 
0.127482 0.999568 0.028392 -0.00766108 0.0294067 -0.96314 0.267389 0.000213021 -0.267499 -0.963558 0.100128 -0.00255118 -0.0578019 0.3976 -0.3976 -0.138 0.138 
0.127482 -0.0294067 0.96314 -0.267389 0.999568 0.028392 -0.00766108 0.000213016 -0.267499 -0.963558 0.00255118 0.100128 -0.0578019 0.3976 -0.3976 -0.138 0.138 
0.127482 -0.999568 -0.028392 0.00766109 -0.0294067 0.96314 -0.267389 0.000213012 -0.267499 -0.963558 -0.100128 0.00255118 -0.0578019 0.3976 -0.3976 -0.138 0.138 
0.127482 0.0294067 -0.96314 0.267389 -0.999568 -0.028392 0.00766108 0.000213017 -0.267499 -0.963558 -0.00255118 -0.100128 -0.0578019 0.3976 -0.3976 -0.138 0.138 
0.127383 -0.999568 -0.028392 0.00766109 -0.0294067 0.96314 -0.267389 0.000213012 -0.267499 -0.963558 -0.0898305 -0.00714193 0.00219806 0.1584 -0.1584 -0.38 0.38 
0.127383 0.0294067 -0.96314 0.267389 -0.999568 -0.028392 0.00766108 0.000213017 -0.267499 -0.963558 0.00714193 -0.0898305 0.00219806 0.1584 -0.1584 -0.38 0.38 
0.127383 -0.0294067 0.96314 -0.267389 0.999568 0.028392 -0.00766108 0.000213016 -0.267499 -0.963558 -0.00714193 0.0898305 0.00219806 0.1584 -0.1584 -0.38 0.38 
0.127383 0.999568 0.028392 -0.00766108 0.0294067 -0.96314 0.267389 0.000213021 -0.267499 -0.963558 0.0898305 0.00714193 0.00219806 0.1584 -0.1584 -0.38 0.38 
0.127292 -0.0294067 0.96314 -0.267389 0.999568 0.028392 -0.00766108 0.000213016 -0.267499 -0.963558 -0.00714193 0.0898305 -0.00780194 0.1584 -0.1584 -0.38 0.38 
0.127292 -0.999568 -0.028392 0.00766109 -0.0294067 0.96314 -0.267389 0.000213012 -0.267499 -0.963558 -0.0898305 -0.00714193 -0.00780194 0.1584 -0.1584 -0.38 0.38 
0.127292 0.999568 0.028392 -0.00766108 0.0294067 -0.96314 0.267389 0.000213021 -0.267499 -0.963558 0.0898305 0.00714193 -0.00780194 0.1584 -0.1584 -0.38 0.38 
0.127292 0.0294067 -0.96314 0.267389 -0.999568 -0.028392 0.00766108 0.000213017 -0.267499 -0.963558 0.00714193 -0.0898305 -0.00780194 0.1584 -0.1584 -0.38 0.38 
0.127155 -0.0294067 0.96314 -0.267389 0.999568 0.028392 -0.00766108 0.000213016 -0.267499 -0.963558 -0.00714193 0.0898305 0.0121981 0.1584 -0.1584 -0.38 0.38 
0.127155 0.999568 0.028392 -0.00766108 0.0294067 -0.96314 0.267389 0.000213021 -0.267499 -0.963558 0.0898305 0.00714193 0.0121981 0.1584 -0.1584 -0.38 0.38 
0.127155 -0.999568 -0.028392 0.00766109 -0.0294067 0.96314 -0.267389 0.000213012 -0.267499 -0.963558 -0.0898305 -0.00714193 0.0121981 0.1584 -0.1584 -0.38 0.38 
0.127155 0.0294067 -0.96314 0.267389 -0.999568 -0.028392 0.00766108 0.000213017 -0.267499 -0.963558 0.00714193 -0.0898305 0.0121981 0.1584 -0.1584 -0.38 0.38 
0.126883 -0.0294067 0.96314 -0.267389 0.999568 0.028392 -0.00766108 0.000213016 -0.267499 -0.963558 -0.00714193 0.0898305 -0.0178019 0.1584 -0.1584 -0.38 0.38 
0.126883 -0.999568 -0.028392 0.00766109 -0.0294067 0.96314 -0.267389 0.000213012 -0.267499 -0.963558 -0.0898305 -0.00714193 -0.0178019 0.1584 -0.1584 -0.38 0.38 
0.126883 0.999568 0.028392 -0.00766108 0.0294067 -0.96314 0.267389 0.000213021 -0.267499 -0.963558 0.0898305 0.00714193 -0.0178019 0.1584 -0.1584 -0.38 0.38 
0.126883 0.0294067 -0.96314 0.267389 -0.999568 -0.028392 0.00766108 0.000213017 -0.267499 -0.963558 0.00714193 -0.0898305 -0.0178019 0.1584 -0.1584 -0.38 0.38 
0.126861 -0.0310566 -0.963095 0.267363 0.999518 -0.0298679 0.00851276 -0.000213017 0.267499 0.963558 0.00169991 0.0900979 -0.0621981 0.1552 -0.1552 -0.3796 0.3796 
0.126861 -0.999518 0.0298679 -0.00851276 -0.0310566 -0.963095 0.267363 -0.000213021 0.267499 0.963558 -0.0900979 0.00169991 -0.0621981 0.1552 -0.1552 -0.3796 0.3796 
0.126861 0.999518 -0.0298679 0.00851275 0.0310566 0.963095 -0.267363 -0.000213012 0.267499 0.963558 0.0900979 -0.00169991 -0.0621981 0.1552 -0.1552 -0.3796 0.3796 
0.126861 0.0310566 0.963095 -0.267363 -0.999518 0.0298679 -0.00851276 -0.000213016 0.267499 0.963558 -0.00169991 -0.0900979 -0.0621981 0.1552 -0.1552 -0.3796 0.3796 
0.126708 -0.0294067 0.96314 -0.267389 0.999568 0.028392 -0.00766108 0.000213016 -0.267499 -0.963558 0.00255118 0.100128 0.0621981 0.3976 -0.3976 -0.138 0.138 
0.126708 -0.999568 -0.028392 0.00766109 -0.0294067 0.96314 -0.267389 0.000213012 -0.267499 -0.963558 -0.100128 0.00255118 0.0621981 0.3976 -0.3976 -0.138 0.138 
0.126708 0.999568 0.028392 -0.00766108 0.0294067 -0.96314 0.267389 0.000213021 -0.267499 -0.963558 0.100128 -0.00255118 0.0621981 0.3976 -0.3976 -0.138 0.138 
0.126708 0.0294067 -0.96314 0.267389 -0.999568 -0.028392 0.00766108 0.000213017 -0.267499 -0.963558 -0.00255118 -0.100128 0.0621981 0.3976 -0.3976 -0.138 0.138 
0.126612 -0.0294067 0.96314 -0.267389 0.999568 0.028392 -0.00766108 0.000213016 -0.267499 -0.963558 -0.00714193 0.0898305 0.0221981 0.1584 -0.1584 -0.38 0.38 
0.126612 -0.999568 -0.028392 0.00766109 -0.0294067 0.96314 -0.267389 0.000213012 -0.267499 -0.963558 -0.0898305 -0.00714193 0.0221981 0.1584 -0.1584 -0.38 0.38 
0.126612 0.999568 0.028392 -0.00766108 0.0294067 -0.96314 0.267389 0.000213021 -0.267499 -0.963558 0.0898305 0.00714193 0.0221981 0.1584 -0.1584 -0.38 0.38 
0.126612 0.0294067 -0.96314 0.267389 -0.999568 -0.028392 0.00766108 0.000213017 -0.267499 -0.963558 0.00714193 -0.0898305 0.0221981 0.1584 -0.1584 -0.38 0.38 
0.126166 -0.0294067 0.96314 -0.267389 0.999568 0.028392 -0.00766108 0.000213016 -0.267499 -0.963558 -0.00714193 0.0898305 -0.0278019 0.1584 -0.1584 -0.38 0.38 
0.126166 -0.999568 -0.028392 0.00766109 -0.0294067 0.96314 -0.267389 0.000213012 -0.267499 -0.963558 -0.0898305 -0.00714193 -0.0278019 0.1584 -0.1584 -0.38 0.38 
0.126166 0.999568 0.028392 -0.00766108 0.0294067 -0.96314 0.267389 0.000213021 -0.267499 -0.963558 0.0898305 0.00714193 -0.0278019 0.1584 -0.1584 -0.38 0.38 
0.126166 0.0294067 -0.96314 0.267389 -0.999568 -0.028392 0.00766108 0.000213017 -0.267499 -0.963558 0.00714193 -0.0898305 -0.0278019 0.1584 -0.1584 -0.38 0.38 
0.125798 -0.0310566 -0.963095 0.267363 0.999518 -0.0298679 0.00851276 -0.000213017 0.267499 0.963558 0.00169991 0.0900979 0.0678019 0.1552 -0.1552 -0.3796 0.3796 
0.125798 0.999518 -0.0298679 0.00851275 0.0310566 0.963095 -0.267363 -0.000213012 0.267499 0.963558 0.0900979 -0.00169991 0.0678019 0.1552 -0.1552 -0.3796 0.3796 
0.125798 -0.999518 0.0298679 -0.00851276 -0.0310566 -0.963095 0.267363 -0.000213021 0.267499 0.963558 -0.0900979 0.00169991 0.0678019 0.1552 -0.1552 -0.3796 0.3796 
0.125798 0.0310566 0.963095 -0.267363 -0.999518 0.0298679 -0.00851276 -0.000213016 0.267499 0.963558 -0.00169991 -0.0900979 0.0678019 0.1552 -0.1552 -0.3796 0.3796 
0.125767 -0.0294067 0.96314 -0.267389 0.999568 0.028392 -0.00766108 0.000213016 -0.267499 -0.963558 -0.00714193 0.0898305 0.0321981 0.1584 -0.1584 -0.38 0.38 
0.125767 0.999568 0.028392 -0.00766108 0.0294067 -0.96314 0.267389 0.000213021 -0.267499 -0.963558 0.0898305 0.00714193 0.0321981 0.1584 -0.1584 -0.38 0.38 
0.125767 -0.999568 -0.028392 0.00766109 -0.0294067 0.96314 -0.267389 0.000213012 -0.267499 -0.963558 -0.0898305 -0.00714193 0.0321981 0.1584 -0.1584 -0.38 0.38 
0.125767 0.0294067 -0.96314 0.267389 -0.999568 -0.028392 0.00766108 0.000213017 -0.267499 -0.963558 0.00714193 -0.0898305 0.0321981 0.1584 -0.1584 -0.38 0.38 
0.125677 -0.0294067 0.96314 -0.267389 0.999568 0.028392 -0.00766108 0.000213016 -0.267499 -0.963558 0.00255118 0.100128 -0.0678019 0.3976 -0.3976 -0.138 0.138 
0.125677 0.999568 0.028392 -0.00766108 0.0294067 -0.96314 0.267389 0.000213021 -0.267499 -0.963558 0.100128 -0.00255118 -0.0678019 0.3976 -0.3976 -0.138 0.138 
0.125677 -0.999568 -0.028392 0.00766109 -0.0294067 0.96314 -0.267389 0.000213012 -0.267499 -0.963558 -0.100128 0.00255118 -0.0678019 0.3976 -0.3976 -0.138 0.138 
0.125677 0.0294067 -0.96314 0.267389 -0.999568 -0.028392 0.00766108 0.000213017 -0.267499 -0.963558 -0.00255118 -0.100128 -0.0678019 0.3976 -0.3976 -0.138 0.138 
0.125156 -0.0294067 0.96314 -0.267389 0.999568 0.028392 -0.00766108 0.000213016 -0.267499 -0.963558 -0.00714193 0.0898305 -0.0378019 0.1584 -0.1584 -0.38 0.38 
0.125156 -0.999568 -0.028392 0.00766109 -0.0294067 0.96314 -0.267389 0.000213012 -0.267499 -0.963558 -0.0898305 -0.00714193 -0.0378019 0.1584 -0.1584 -0.38 0.38 
0.125156 0.999568 0.028392 -0.00766108 0.0294067 -0.96314 0.267389 0.000213021 -0.267499 -0.963558 0.0898305 0.00714193 -0.0378019 0.1584 -0.1584 -0.38 0.38 
0.125156 0.0294067 -0.96314 0.267389 -0.999568 -0.028392 0.00766108 0.000213017 -0.267499 -0.963558 0.00714193 -0.0898305 -0.0378019 0.1584 -0.1584 -0.38 0.38 
0.124962 -0.0310566 -0.963095 0.267363 0.999518 -0.0298679 0.00851276 -0.000213017 0.267499 0.963558 0.00169991 0.0900979 -0.0721981 0.1552 -0.1552 -0.3796 0.3796 
0.124962 0.999518 -0.0298679 0.00851275 0.0310566 0.963095 -0.267363 -0.000213012 0.267499 0.963558 0.0900979 -0.00169991 -0.0721981 0.1552 -0.1552 -0.3796 0.3796 
0.124962 -0.999518 0.0298679 -0.00851276 -0.0310566 -0.963095 0.267363 -0.000213021 0.267499 0.963558 -0.0900979 0.00169991 -0.0721981 0.1552 -0.1552 -0.3796 0.3796 
0.124962 0.0310566 0.963095 -0.267363 -0.999518 0.0298679 -0.00851276 -0.000213016 0.267499 0.963558 -0.00169991 -0.0900979 -0.0721981 0.1552 -0.1552 -0.3796 0.3796 
0.124812 -0.999568 -0.028392 0.00766109 -0.0294067 0.96314 -0.267389 0.000213012 -0.267499 -0.963558 -0.100128 0.00255118 0.0721981 0.3976 -0.3976 -0.138 0.138 
0.124812 -0.0294067 0.96314 -0.267389 0.999568 0.028392 -0.00766108 0.000213016 -0.267499 -0.963558 0.00255118 0.100128 0.0721981 0.3976 -0.3976 -0.138 0.138 
0.124812 0.999568 0.028392 -0.00766108 0.0294067 -0.96314 0.267389 0.000213021 -0.267499 -0.963558 0.100128 -0.00255118 0.0721981 0.3976 -0.3976 -0.138 0.138 
0.124812 0.0294067 -0.96314 0.267389 -0.999568 -0.028392 0.00766108 0.000213017 -0.267499 -0.963558 -0.00255118 -0.100128 0.0721981 0.3976 -0.3976 -0.138 0.138 
0.124638 -0.0294067 0.96314 -0.267389 0.999568 0.028392 -0.00766108 0.000213016 -0.267499 -0.963558 -0.00714193 0.0898305 0.0421981 0.1584 -0.1584 -0.38 0.38 
0.124638 -0.999568 -0.028392 0.00766109 -0.0294067 0.96314 -0.267389 0.000213012 -0.267499 -0.963558 -0.0898305 -0.00714193 0.0421981 0.1584 -0.1584 -0.38 0.38 
0.124638 0.999568 0.028392 -0.00766108 0.0294067 -0.96314 0.267389 0.000213021 -0.267499 -0.963558 0.0898305 0.00714193 0.0421981 0.1584 -0.1584 -0.38 0.38 
0.124638 0.0294067 -0.96314 0.267389 -0.999568 -0.028392 0.00766108 0.000213017 -0.267499 -0.963558 0.00714193 -0.0898305 0.0421981 0.1584 -0.1584 -0.38 0.38 
0.123874 -0.999568 -0.028392 0.00766109 -0.0294067 0.96314 -0.267389 0.000213012 -0.267499 -0.963558 -0.0898305 -0.00714193 -0.0478019 0.1584 -0.1584 -0.38 0.38 
0.123874 0.999568 0.028392 -0.00766108 0.0294067 -0.96314 0.267389 0.000213021 -0.267499 -0.963558 0.0898305 0.00714193 -0.0478019 0.1584 -0.1584 -0.38 0.38 
0.123874 0.0294067 -0.96314 0.267389 -0.999568 -0.028392 0.00766108 0.000213017 -0.267499 -0.963558 0.00714193 -0.0898305 -0.0478019 0.1584 -0.1584 -0.38 0.38 
0.123874 -0.0294067 0.96314 -0.267389 0.999568 0.028392 -0.00766108 0.000213016 -0.267499 -0.963558 -0.00714193 0.0898305 -0.0478019 0.1584 -0.1584 -0.38 0.38 
0.123792 0.0310566 0.963095 -0.267363 -0.999518 0.0298679 -0.00851276 -0.000213016 0.267499 0.963558 -0.00169991 -0.0900979 0.0778019 0.1552 -0.1552 -0.3796 0.3796 
0.123792 -0.0310566 -0.963095 0.267363 0.999518 -0.0298679 0.00851276 -0.000213017 0.267499 0.963558 0.00169991 0.0900979 0.0778019 0.1552 -0.1552 -0.3796 0.3796 
0.123792 -0.999518 0.0298679 -0.00851276 -0.0310566 -0.963095 0.267363 -0.000213021 0.267499 0.963558 -0.0900979 0.00169991 0.0778019 0.1552 -0.1552 -0.3796 0.3796 
0.123792 0.999518 -0.0298679 0.00851275 0.0310566 0.963095 -0.267363 -0.000213012 0.267499 0.963558 0.0900979 -0.00169991 0.0778019 0.1552 -0.1552 -0.3796 0.3796 
0.123677 -0.0294067 0.96314 -0.267389 0.999568 0.028392 -0.00766108 0.000213016 -0.267499 -0.963558 0.00255118 0.100128 -0.0778019 0.3976 -0.3976 -0.138 0.138 
0.123677 0.999568 0.028392 -0.00766108 0.0294067 -0.96314 0.267389 0.000213021 -0.267499 -0.963558 0.100128 -0.00255118 -0.0778019 0.3976 -0.3976 -0.138 0.138 
0.123677 0.0294067 -0.96314 0.267389 -0.999568 -0.028392 0.00766108 0.000213017 -0.267499 -0.963558 -0.00255118 -0.100128 -0.0778019 0.3976 -0.3976 -0.138 0.138 
0.123677 -0.999568 -0.028392 0.00766109 -0.0294067 0.96314 -0.267389 0.000213012 -0.267499 -0.963558 -0.100128 0.00255118 -0.0778019 0.3976 -0.3976 -0.138 0.138 
0.123248 -0.999568 -0.028392 0.00766109 -0.0294067 0.96314 -0.267389 0.000213012 -0.267499 -0.963558 -0.0898305 -0.00714193 0.0521981 0.1584 -0.1584 -0.38 0.38 
0.123248 0.0294067 -0.96314 0.267389 -0.999568 -0.028392 0.00766108 0.000213017 -0.267499 -0.963558 0.00714193 -0.0898305 0.0521981 0.1584 -0.1584 -0.38 0.38 
0.123248 -0.0294067 0.96314 -0.267389 0.999568 0.028392 -0.00766108 0.000213016 -0.267499 -0.963558 -0.00714193 0.0898305 0.0521981 0.1584 -0.1584 -0.38 0.38 
0.123248 0.999568 0.028392 -0.00766108 0.0294067 -0.96314 0.267389 0.000213021 -0.267499 -0.963558 0.0898305 0.00714193 0.0521981 0.1584 -0.1584 -0.38 0.38 
0.122882 -0.0310566 -0.963095 0.267363 0.999518 -0.0298679 0.00851276 -0.000213017 0.267499 0.963558 0.00169991 0.0900979 -0.0821981 0.1552 -0.1552 -0.3796 0.3796 
0.122882 -0.999518 0.0298679 -0.00851276 -0.0310566 -0.963095 0.267363 -0.000213021 0.267499 0.963558 -0.0900979 0.00169991 -0.0821981 0.1552 -0.1552 -0.3796 0.3796 
0.122882 0.0310566 0.963095 -0.267363 -0.999518 0.0298679 -0.00851276 -0.000213016 0.267499 0.963558 -0.00169991 -0.0900979 -0.0821981 0.1552 -0.1552 -0.3796 0.3796 
0.122882 0.999518 -0.0298679 0.00851275 0.0310566 0.963095 -0.267363 -0.000213012 0.267499 0.963558 0.0900979 -0.00169991 -0.0821981 0.1552 -0.1552 -0.3796 0.3796 
0.122737 -0.0294067 0.96314 -0.267389 0.999568 0.028392 -0.00766108 0.000213016 -0.267499 -0.963558 0.00255118 0.100128 0.0821981 0.3976 -0.3976 -0.138 0.138 
0.122737 0.999568 0.028392 -0.00766108 0.0294067 -0.96314 0.267389 0.000213021 -0.267499 -0.963558 0.100128 -0.00255118 0.0821981 0.3976 -0.3976 -0.138 0.138 
0.122737 0.0294067 -0.96314 0.267389 -0.999568 -0.028392 0.00766108 0.000213017 -0.267499 -0.963558 -0.00255118 -0.100128 0.0821981 0.3976 -0.3976 -0.138 0.138 
0.122737 -0.999568 -0.028392 0.00766109 -0.0294067 0.96314 -0.267389 0.000213012 -0.267499 -0.963558 -0.100128 0.00255118 0.0821981 0.3976 -0.3976 -0.138 0.138 
0.122347 0.999568 0.028392 -0.00766108 0.0294067 -0.96314 0.267389 0.000213021 -0.267499 -0.963558 0.0898305 0.00714193 -0.0578019 0.1584 -0.1584 -0.38 0.38 
0.122347 0.0294067 -0.96314 0.267389 -0.999568 -0.028392 0.00766108 0.000213017 -0.267499 -0.963558 0.00714193 -0.0898305 -0.0578019 0.1584 -0.1584 -0.38 0.38 
0.122347 -0.0294067 0.96314 -0.267389 0.999568 0.028392 -0.00766108 0.000213016 -0.267499 -0.963558 -0.00714193 0.0898305 -0.0578019 0.1584 -0.1584 -0.38 0.38 
0.122347 -0.999568 -0.028392 0.00766109 -0.0294067 0.96314 -0.267389 0.000213012 -0.267499 -0.963558 -0.0898305 -0.00714193 -0.0578019 0.1584 -0.1584 -0.38 0.38 
0.121624 -0.0294067 0.96314 -0.267389 0.999568 0.028392 -0.00766108 0.000213016 -0.267499 -0.963558 -0.00714193 0.0898305 0.0621981 0.1584 -0.1584 -0.38 0.38 
0.121624 0.999568 0.028392 -0.00766108 0.0294067 -0.96314 0.267389 0.000213021 -0.267499 -0.963558 0.0898305 0.00714193 0.0621981 0.1584 -0.1584 -0.38 0.38 
0.121624 -0.999568 -0.028392 0.00766109 -0.0294067 0.96314 -0.267389 0.000213012 -0.267499 -0.963558 -0.0898305 -0.00714193 0.0621981 0.1584 -0.1584 -0.38 0.38 
0.121624 0.0294067 -0.96314 0.267389 -0.999568 -0.028392 0.00766108 0.000213017 -0.267499 -0.963558 0.00714193 -0.0898305 0.0621981 0.1584 -0.1584 -0.38 0.38 
0.121623 -0.0310566 -0.963095 0.267363 0.999518 -0.0298679 0.00851276 -0.000213017 0.267499 0.963558 0.00169991 0.0900979 0.0878019 0.1552 -0.1552 -0.3796 0.3796 
0.121623 0.999518 -0.0298679 0.00851275 0.0310566 0.963095 -0.267363 -0.000213012 0.267499 0.963558 0.0900979 -0.00169991 0.0878019 0.1552 -0.1552 -0.3796 0.3796 
0.121623 -0.999518 0.0298679 -0.00851276 -0.0310566 -0.963095 0.267363 -0.000213021 0.267499 0.963558 -0.0900979 0.00169991 0.0878019 0.1552 -0.1552 -0.3796 0.3796 
0.121623 0.0310566 0.963095 -0.267363 -0.999518 0.0298679 -0.00851276 -0.000213016 0.267499 0.963558 -0.00169991 -0.0900979 0.0878019 0.1552 -0.1552 -0.3796 0.3796 
0.121515 -0.0294067 0.96314 -0.267389 0.999568 0.028392 -0.00766108 0.000213016 -0.267499 -0.963558 0.00255118 0.100128 -0.0878019 0.3976 -0.3976 -0.138 0.138 
0.121515 0.999568 0.028392 -0.00766108 0.0294067 -0.96314 0.267389 0.000213021 -0.267499 -0.963558 0.100128 -0.00255118 -0.0878019 0.3976 -0.3976 -0.138 0.138 
0.121515 -0.999568 -0.028392 0.00766109 -0.0294067 0.96314 -0.267389 0.000213012 -0.267499 -0.963558 -0.100128 0.00255118 -0.0878019 0.3976 -0.3976 -0.138 0.138 
0.121515 0.0294067 -0.96314 0.267389 -0.999568 -0.028392 0.00766108 0.000213017 -0.267499 -0.963558 -0.00255118 -0.100128 -0.0878019 0.3976 -0.3976 -0.138 0.138 
0.120653 0.0310566 0.963095 -0.267363 -0.999518 0.0298679 -0.00851276 -0.000213016 0.267499 0.963558 -0.00169991 -0.0900979 -0.0921981 0.1552 -0.1552 -0.3796 0.3796 
0.120653 -0.0310566 -0.963095 0.267363 0.999518 -0.0298679 0.00851276 -0.000213017 0.267499 0.963558 0.00169991 0.0900979 -0.0921981 0.1552 -0.1552 -0.3796 0.3796 
0.120653 0.999518 -0.0298679 0.00851275 0.0310566 0.963095 -0.267363 -0.000213012 0.267499 0.963558 0.0900979 -0.00169991 -0.0921981 0.1552 -0.1552 -0.3796 0.3796 
0.120653 -0.999518 0.0298679 -0.00851276 -0.0310566 -0.963095 0.267363 -0.000213021 0.267499 0.963558 -0.0900979 0.00169991 -0.0921981 0.1552 -0.1552 -0.3796 0.3796 
0.120602 -0.0294067 0.96314 -0.267389 0.999568 0.028392 -0.00766108 0.000213016 -0.267499 -0.963558 -0.00714193 0.0898305 -0.0678019 0.1584 -0.1584 -0.38 0.38 
0.120602 -0.999568 -0.028392 0.00766109 -0.0294067 0.96314 -0.267389 0.000213012 -0.267499 -0.963558 -0.0898305 -0.00714193 -0.0678019 0.1584 -0.1584 -0.38 0.38 
0.120602 0.999568 0.028392 -0.00766108 0.0294067 -0.96314 0.267389 0.000213021 -0.267499 -0.963558 0.0898305 0.00714193 -0.0678019 0.1584 -0.1584 -0.38 0.38 
0.120602 0.0294067 -0.96314 0.267389 -0.999568 -0.028392 0.00766108 0.000213017 -0.267499 -0.963558 0.00714193 -0.0898305 -0.0678019 0.1584 -0.1584 -0.38 0.38 
0.120513 -0.0294067 0.96314 -0.267389 0.999568 0.028392 -0.00766108 0.000213016 -0.267499 -0.963558 0.00255118 0.100128 0.0921981 0.3976 -0.3976 -0.138 0.138 
0.120513 0.999568 0.028392 -0.00766108 0.0294067 -0.96314 0.267389 0.000213021 -0.267499 -0.963558 0.100128 -0.00255118 0.0921981 0.3976 -0.3976 -0.138 0.138 
0.120513 -0.999568 -0.028392 0.00766109 -0.0294067 0.96314 -0.267389 0.000213012 -0.267499 -0.963558 -0.100128 0.00255118 0.0921981 0.3976 -0.3976 -0.138 0.138 
0.120513 0.0294067 -0.96314 0.267389 -0.999568 -0.028392 0.00766108 0.000213017 -0.267499 -0.963558 -0.00255118 -0.100128 0.0921981 0.3976 -0.3976 -0.138 0.138 
0.119795 -0.0294067 0.96314 -0.267389 0.999568 0.028392 -0.00766108 0.000213016 -0.267499 -0.963558 -0.00714193 0.0898305 0.0721981 0.1584 -0.1584 -0.38 0.38 
0.119795 -0.999568 -0.028392 0.00766109 -0.0294067 0.96314 -0.267389 0.000213012 -0.267499 -0.963558 -0.0898305 -0.00714193 0.0721981 0.1584 -0.1584 -0.38 0.38 
0.119795 0.999568 0.028392 -0.00766108 0.0294067 -0.96314 0.267389 0.000213021 -0.267499 -0.963558 0.0898305 0.00714193 0.0721981 0.1584 -0.1584 -0.38 0.38 
0.119795 0.0294067 -0.96314 0.267389 -0.999568 -0.028392 0.00766108 0.000213017 -0.267499 -0.963558 0.00714193 -0.0898305 0.0721981 0.1584 -0.1584 -0.38 0.38 
0.119323 0.0310566 0.963095 -0.267363 -0.999518 0.0298679 -0.00851276 -0.000213016 0.267499 0.963558 -0.00169991 -0.0900979 0.0978019 0.1552 -0.1552 -0.3796 0.3796 
0.119323 -0.0310566 -0.963095 0.267363 0.999518 -0.0298679 0.00851276 -0.000213017 0.267499 0.963558 0.00169991 0.0900979 0.0978019 0.1552 -0.1552 -0.3796 0.3796 
0.119323 0.999518 -0.0298679 0.00851275 0.0310566 0.963095 -0.267363 -0.000213012 0.267499 0.963558 0.0900979 -0.00169991 0.0978019 0.1552 -0.1552 -0.3796 0.3796 
0.119323 -0.999518 0.0298679 -0.00851276 -0.0310566 -0.963095 0.267363 -0.000213021 0.267499 0.963558 -0.0900979 0.00169991 0.0978019 0.1552 -0.1552 -0.3796 0.3796 
0.119222 -0.0294067 0.96314 -0.267389 0.999568 0.028392 -0.00766108 0.000213016 -0.267499 -0.963558 0.00255118 0.100128 -0.0978019 0.3976 -0.3976 -0.138 0.138 
0.119222 -0.999568 -0.028392 0.00766109 -0.0294067 0.96314 -0.267389 0.000213012 -0.267499 -0.963558 -0.100128 0.00255118 -0.0978019 0.3976 -0.3976 -0.138 0.138 
0.119222 0.999568 0.028392 -0.00766108 0.0294067 -0.96314 0.267389 0.000213021 -0.267499 -0.963558 0.100128 -0.00255118 -0.0978019 0.3976 -0.3976 -0.138 0.138 
0.119222 0.0294067 -0.96314 0.267389 -0.999568 -0.028392 0.00766108 0.000213017 -0.267499 -0.963558 -0.00255118 -0.100128 -0.0978019 0.3976 -0.3976 -0.138 0.138 
0.11867 -0.0294067 0.96314 -0.267389 0.999568 0.028392 -0.00766108 0.000213016 -0.267499 -0.963558 -0.00714193 0.0898305 -0.0778019 0.1584 -0.1584 -0.38 0.38 
0.11867 -0.999568 -0.028392 0.00766109 -0.0294067 0.96314 -0.267389 0.000213012 -0.267499 -0.963558 -0.0898305 -0.00714193 -0.0778019 0.1584 -0.1584 -0.38 0.38 
0.11867 0.999568 0.028392 -0.00766108 0.0294067 -0.96314 0.267389 0.000213021 -0.267499 -0.963558 0.0898305 0.00714193 -0.0778019 0.1584 -0.1584 -0.38 0.38 
0.11867 0.0294067 -0.96314 0.267389 -0.999568 -0.028392 0.00766108 0.000213017 -0.267499 -0.963558 0.00714193 -0.0898305 -0.0778019 0.1584 -0.1584 -0.38 0.38 
0.117792 -0.0294067 0.96314 -0.267389 0.999568 0.028392 -0.00766108 0.000213016 -0.267499 -0.963558 -0.00714193 0.0898305 0.0821981 0.1584 -0.1584 -0.38 0.38 
0.117792 0.999568 0.028392 -0.00766108 0.0294067 -0.96314 0.267389 0.000213021 -0.267499 -0.963558 0.0898305 0.00714193 0.0821981 0.1584 -0.1584 -0.38 0.38 
0.117792 -0.999568 -0.028392 0.00766109 -0.0294067 0.96314 -0.267389 0.000213012 -0.267499 -0.963558 -0.0898305 -0.00714193 0.0821981 0.1584 -0.1584 -0.38 0.38 
0.117792 0.0294067 -0.96314 0.267389 -0.999568 -0.028392 0.00766108 0.000213017 -0.267499 -0.963558 0.00714193 -0.0898305 0.0821981 0.1584 -0.1584 -0.38 0.38 
0.116582 -0.0294067 0.96314 -0.267389 0.999568 0.028392 -0.00766108 0.000213016 -0.267499 -0.963558 -0.00714193 0.0898305 -0.0878019 0.1584 -0.1584 -0.38 0.38 
0.116582 0.999568 0.028392 -0.00766108 0.0294067 -0.96314 0.267389 0.000213021 -0.267499 -0.963558 0.0898305 0.00714193 -0.0878019 0.1584 -0.1584 -0.38 0.38 
0.116582 -0.999568 -0.028392 0.00766109 -0.0294067 0.96314 -0.267389 0.000213012 -0.267499 -0.963558 -0.0898305 -0.00714193 -0.0878019 0.1584 -0.1584 -0.38 0.38 
0.116582 0.0294067 -0.96314 0.267389 -0.999568 -0.028392 0.00766108 0.000213017 -0.267499 -0.963558 0.00714193 -0.0898305 -0.0878019 0.1584 -0.1584 -0.38 0.38 
0.115647 -0.0294067 0.96314 -0.267389 0.999568 0.028392 -0.00766108 0.000213016 -0.267499 -0.963558 -0.00714193 0.0898305 0.0921981 0.1584 -0.1584 -0.38 0.38 
0.115647 0.999568 0.028392 -0.00766108 0.0294067 -0.96314 0.267389 0.000213021 -0.267499 -0.963558 0.0898305 0.00714193 0.0921981 0.1584 -0.1584 -0.38 0.38 
0.115647 -0.999568 -0.028392 0.00766109 -0.0294067 0.96314 -0.267389 0.000213012 -0.267499 -0.963558 -0.0898305 -0.00714193 0.0921981 0.1584 -0.1584 -0.38 0.38 
0.115647 0.0294067 -0.96314 0.267389 -0.999568 -0.028392 0.00766108 0.000213017 -0.267499 -0.963558 0.00714193 -0.0898305 0.0921981 0.1584 -0.1584 -0.38 0.38 
0.114369 -0.0294067 0.96314 -0.267389 0.999568 0.028392 -0.00766108 0.000213016 -0.267499 -0.963558 -0.00714193 0.0898305 -0.0978019 0.1584 -0.1584 -0.38 0.38 
0.114369 0.999568 0.028392 -0.00766108 0.0294067 -0.96314 0.267389 0.000213021 -0.267499 -0.963558 0.0898305 0.00714193 -0.0978019 0.1584 -0.1584 -0.38 0.38 
0.114369 -0.999568 -0.028392 0.00766109 -0.0294067 0.96314 -0.267389 0.000213012 -0.267499 -0.963558 -0.0898305 -0.00714193 -0.0978019 0.1584 -0.1584 -0.38 0.38 
0.114369 0.0294067 -0.96314 0.267389 -0.999568 -0.028392 0.00766108 0.000213017 -0.267499 -0.963558 0.00714193 -0.0898305 -0.0978019 0.1584 -0.1584 -0.38 0.38 
0.0594722 -0.999568 -0.028392 0.00766109 -0.0294067 0.96314 -0.267389 0.000213012 -0.267499 -0.963558 -0.0798351 -0.00683961 -0.107802 0.0548 -0.0548 -0.3852 0.3852 
0.0449968 -0.999518 0.0298679 -0.00851276 -0.0310566 -0.963095 0.267363 -0.000213021 0.267499 0.963558 -0.110089 0.00109528 0.107802 0.0568 -0.0568 -0.2436 0.2436 
0.0449967 -0.0310566 -0.963095 0.267363 0.999518 -0.0298679 0.00851276 -0.000213017 0.267499 0.963558 0.00109528 0.110089 0.107802 0.0568 -0.0568 -0.2436 0.2436 
0.0382009 -0.0310566 -0.963095 0.267363 0.999518 -0.0298679 0.00851276 -0.000213017 0.267499 0.963558 -0.00890015 0.109786 0.107802 0.2992 -0.2992 -0.0032 0.0032 
0.0382008 -0.999518 0.0298679 -0.00851276 -0.0310566 -0.963095 0.267363 -0.000213021 0.267499 0.963558 -0.109786 -0.00890015 0.107802 0.2992 -0.2992 -0.0032 0.0032 
0.0307081 -0.999568 -0.028392 0.00766109 -0.0294067 0.96314 -0.267389 0.000213012 -0.267499 -0.963558 -0.0901328 0.0028535 -0.107802 0.2892 -0.2892 -0.0148 0.0148 
0.0278691 0.0310566 0.963095 -0.267363 -0.999518 0.0298679 -0.00851276 -0.000213016 0.267499 0.963558 -0.00169991 -0.0900979 0.107802 0.0456 -0.0456 -0.2584 0.2584 
