0.132638 -0.999851 -0.00335309 0.0169591 0.0159634 0.197442 0.980185 -0.00663508 0.980309 -0.197359 -0.100746 -0.0062009 0.00428655 0.0112 -0.0112 0.2686 -0.2686 
0.13245 -0.00941453 -0.967586 0.252366 -0.0717124 -0.251074 -0.965308 0.997381 -0.0271857 -0.0670242 0.0137198 0.0308623 0.0825704 -0.3538 0.3538 -0.3732 0.3732 
0.132428 -0.00941453 -0.967586 0.252366 -0.0717124 -0.251074 -0.965308 0.997381 -0.0271857 -0.0670242 -0.0162754 0.0313494 0.0823471 0.3784 -0.3784 0.3592 -0.3592 
0.13142 -0.0154512 -0.275724 -0.961113 -0.997339 -0.0642375 0.0344621 -0.0712415 0.959088 -0.273998 -0.00984603 -0.0945466 -0.0113289 -0.2276 0.2276 0.0218 -0.0218 
0.131278 0.999844 0.0117296 0.013214 -0.0163883 0.336099 0.941684 0.00660438 -0.941754 0.336239 0.0990157 -0.0285912 -0.00679092 -0.0512 0.0512 0.2706 -0.2706 
0.13109 -0.00777077 0.967599 -0.252373 -0.0721641 0.25118 0.965247 0.997363 0.025713 0.067874 0.00409426 -0.0139887 0.0892788 0.2584 -0.2584 0.0012 -0.0012 
0.130981 0.0077641 -0.959222 0.282546 0.0717392 0.282361 0.956622 -0.997393 0.0128423 0.0710061 0.0150259 0.0379891 -0.0773366 -0.3452 0.3452 -0.3752 0.3752 
0.13098 0.999836 -0.013206 -0.0123621 -0.0160822 -0.336075 -0.941698 0.00828144 0.941743 -0.336232 0.0893893 -0.00418224 -0.00395613 -0.2292 0.2292 0.0246 -0.0246 
0.130738 0.0154371 0.259165 0.96571 0.997221 -0.0743959 0.00402466 0.0728878 0.962964 -0.259593 0.00911418 0.123892 0.0146164 -0.0626 0.0626 0.2832 -0.2832 
0.130541 -0.015863 0.275747 0.961099 -0.997214 0.06571 -0.0353118 -0.072891 -0.958982 0.273936 -0.00423312 -0.0945546 -0.0124382 -0.0042 0.0042 0.2542 -0.2542 
0.130271 0.999844 0.0117296 0.013214 -0.0163883 0.336099 0.941684 0.00660438 -0.941754 0.336239 0.0993288 -0.00864571 -0.0053496 0.002 -0.002 0.2566 -0.2566 
0.130229 0.0148337 -0.965714 0.259183 0.997305 -0.00433608 -0.0732347 0.0718477 0.259571 0.963048 -0.00435245 0.114696 0.00604143 0.2524 -0.2524 -0.0024 0.0024 
0.130227 -0.999851 -0.00335309 0.0169591 0.0159634 0.197442 0.980185 -0.00663508 0.980309 -0.197359 -0.10012 0.0336902 0.0071692 -0.0596 0.0596 0.2846 -0.2846 
0.129868 0.0094212 0.95921 -0.282539 0.0721373 -0.282467 -0.956561 -0.99735 -0.0113696 -0.0718559 -0.0143729 0.00295045 -0.0801172 -0.3342 0.3342 -0.3772 0.3772 
0.129811 0.999836 -0.013206 -0.0123621 -0.0160822 -0.336075 -0.941698 0.00828144 0.941743 -0.336232 0.0994736 -0.00362521 -0.0138554 -0.4886 0.4886 -0.2232 0.2232 
0.129686 0.0077641 -0.959222 0.282546 0.0717392 0.282361 0.956622 -0.997393 0.0128423 0.0710061 0.00495681 0.028898 -0.0881054 0.0064 -0.0064 -0.2408 0.2408 
0.129474 -0.00941453 -0.967586 0.252366 -0.0717124 -0.251074 -0.965308 0.997381 -0.0271857 -0.0670242 -0.0161189 0.0413221 0.0830678 0.3712 -0.3712 0.3576 -0.3576 
0.129474 -0.00941453 -0.967586 0.252366 -0.0717124 -0.251074 -0.965308 0.997381 -0.0271857 -0.0670242 0.0138763 0.0408351 0.083291 -0.3606 0.3606 -0.3744 0.3744 
0.129388 0.0158772 -0.259188 -0.965696 0.997332 0.0729233 -0.00317491 0.0712447 -0.96307 0.259655 0.00352111 0.124066 0.0134236 -0.2562 0.2562 0.0826 -0.0826 
0.128962 -0.0164842 -0.961094 0.275729 -0.997279 0.0356233 0.0645489 -0.0718599 -0.273914 -0.959066 0.00200687 -0.115167 -0.0060756 0.03 -0.03 -0.2208 0.2208 
0.128927 0.0077641 -0.959222 0.282546 0.0717392 0.282361 0.956622 -0.997393 0.0128423 0.0710061 -0.0149694 0.0384761 -0.0775599 0.3872 -0.3872 0.3576 -0.3576 
0.128894 0.999844 0.0117296 0.013214 -0.0163883 0.336099 0.941684 0.00660438 -0.941754 0.336239 0.0996419 0.0112998 -0.00390827 0.0108 -0.0108 0.2742 -0.2742 
0.128622 0.0077641 -0.959222 0.282546 0.0717392 0.282361 0.956622 -0.997393 0.0128423 0.0710061 -0.00535474 0.00911484 -0.0896212 0.2664 -0.2664 0.0086 -0.0086 
0.128556 0.0077641 -0.959222 0.282546 0.0717392 0.282361 0.956622 -0.997393 0.0128423 0.0710061 0.0151824 0.0479618 -0.076616 -0.3506 0.3506 -0.3728 0.3728 
0.128554 0.999836 -0.013206 -0.0123621 -0.0160822 -0.336075 -0.941698 0.00828144 0.941743 -0.336232 0.109785 0.016158 -0.0123397 -0.6566 0.6566 -0.1924 0.1924 
0.12819 -0.0164842 -0.961094 0.275729 -0.997279 0.0356233 0.0645489 -0.0718599 -0.273914 -0.959066 -0.00797625 -0.123539 -0.0268181 0.144 -0.144 0.1478 -0.1478 
0.128144 0.0077641 -0.959222 0.282546 0.0717392 0.282361 0.956622 -0.997393 0.0128423 0.0710061 -0.0148128 0.0484489 -0.0768392 0.3812 -0.3812 0.3598 -0.3598 
0.127871 -0.99983 0.00482943 -0.017811 0.016507 -0.197466 -0.980171 -0.00825074 -0.980298 0.197352 -0.0807562 -0.00277781 0.0135749 -0.4916 0.4916 -0.2252 0.2252 
0.127784 0.0158772 -0.259188 -0.965696 0.997332 0.0729233 -0.00317491 0.0712447 -0.96307 0.259655 -0.0067198 0.113536 0.0226022 -0.5108 0.5108 -0.178 0.178 
0.127775 -0.00941453 -0.967586 0.252366 -0.0717124 -0.251074 -0.965308 0.997381 -0.0271857 -0.0670242 0.00386266 0.0495314 0.103885 -0.1318 0.1318 -0.13 0.13 
0.127768 -0.00941453 -0.967586 0.252366 -0.0717124 -0.251074 -0.965308 0.997381 -0.0271857 -0.0670242 -0.00613575 0.0496938 0.10381 0.1072 -0.1072 0.1092 -0.1092 
0.127752 0.0077641 -0.959222 0.282546 0.0717392 0.282361 0.956622 -0.997393 0.0128423 0.0710061 -0.00613759 -0.040749 -0.0932245 0.2588 -0.2588 0.0512 -0.0512 
0.1277 0.999844 0.0117296 0.013214 -0.0163883 0.336099 0.941684 0.00660438 -0.941754 0.336239 0.0895576 0.0107428 0.00599102 -0.2282 0.2282 0.0268 -0.0268 
0.127634 -0.99983 0.00482943 -0.017811 0.016507 -0.197466 -0.980171 -0.00825074 -0.980298 0.197352 -0.100738 -0.0109871 -0.00724211 -0.0478 0.0478 0.2568 -0.2568 
0.127631 -0.015863 0.275747 0.961099 -0.997214 0.06571 -0.0353118 -0.072891 -0.958982 0.273936 0.00498243 -0.144581 -0.0159671 -0.0296 0.0296 0.3026 -0.3026 
0.127605 0.999836 -0.013206 -0.0123621 -0.0160822 -0.336075 -0.941698 0.00828144 0.941743 -0.336232 0.0696197 0.0153686 0.00731006 -0.1112 0.1112 0.3572 -0.3572 
0.127535 -0.999851 -0.00335309 0.0169591 0.0159634 0.197442 0.980185 -0.00663508 0.980309 -0.197359 -0.0905909 0.00360952 0.00508164 0.0152 -0.0152 0.2632 -0.2632 
0.127531 0.0094212 0.95921 -0.282539 0.0721373 -0.282467 -0.956561 -0.99735 -0.0113696 -0.0718559 -0.00341976 0.0540907 -0.0963869 -0.0888 0.0888 -0.1076 0.1076 
0.127461 -0.015863 0.275747 0.961099 -0.997214 0.06571 -0.0353118 -0.072891 -0.958982 0.273936 -0.0145447 -0.114338 -0.013954 -0.0422 0.0422 0.2656 -0.2656 
0.127454 0.0094212 0.95921 -0.282539 0.0721373 -0.282467 -0.956561 -0.99735 -0.0113696 -0.0718559 0.00657865 0.0539284 -0.0963124 0.1504 -0.1504 0.1316 -0.1316 
0.12745 0.0077641 -0.959222 0.282546 0.0717392 0.282361 0.956622 -0.997393 0.0128423 0.0710061 -0.00566788 -0.0108307 -0.0910625 0.2732 -0.2732 0.0188 -0.0188 
0.127299 -0.999851 -0.00335309 0.0169591 0.0159634 0.197442 0.980185 -0.00663508 0.980309 -0.197359 -0.0809056 -0.0164984 0.00371474 -0.0018 0.0018 0.2986 -0.2986 
0.127275 0.0164805 0.965691 -0.25917 0.997248 0.00286353 0.0740845 0.0722849 -0.259677 -0.962986 0.00660554 0.104226 0.00978835 0.2632 -0.2632 0.0066 -0.0066 
0.127267 0.0148337 -0.965714 0.259183 0.997305 -0.00433608 -0.0732347 0.0718477 0.259571 0.963048 0.00611567 0.144452 0.00827784 -0.0176 0.0176 -0.23 0.23 
0.127256 -0.00941453 -0.967586 0.252366 -0.0717124 -0.251074 -0.965308 0.997381 -0.0271857 -0.0670242 0.0140329 0.0508079 0.0840117 -0.3786 0.3786 -0.3768 0.3768 
0.12723 0.0158772 -0.259188 -0.965696 0.997332 0.0729233 -0.00317491 0.0712447 -0.96307 0.259655 0.00343518 0.123347 0.0233973 -0.5158 0.5158 -0.1572 0.1572 
0.127221 -0.00941453 -0.967586 0.252366 -0.0717124 -0.251074 -0.965308 0.997381 -0.0271857 -0.0670242 -0.0159623 0.0512949 0.0837884 0.3536 -0.3536 0.3552 -0.3552 
0.127178 0.0154371 0.259165 0.96571 0.997221 -0.0743959 0.00402466 0.0728878 0.962964 -0.259593 -0.00111144 0.104828 0.00312688 -0.2452 0.2452 0.0116 -0.0116 
0.12717 0.999844 0.0117296 0.013214 -0.0163883 0.336099 0.941684 0.00660438 -0.941754 0.336239 0.0991722 -0.0186185 -0.00607026 -0.0396 0.0396 0.2636 -0.2636 
0.127082 -0.99983 0.00482943 -0.017811 0.016507 -0.197466 -0.980171 -0.00825074 -0.980298 0.197352 -0.100667 -0.00173372 0.00345227 -0.2406 0.2406 0.0108 -0.0108 
0.127006 -0.00941453 -0.967586 0.252366 -0.0717124 -0.251074 -0.965308 0.997381 -0.0271857 -0.0670242 -0.016432 0.0213766 0.0816264 0.3824 -0.3824 0.3602 -0.3602 
0.127005 -0.00941453 -0.967586 0.252366 -0.0717124 -0.251074 -0.965308 0.997381 -0.0271857 -0.0670242 0.0135632 0.0208895 0.0818497 -0.3498 0.3498 -0.372 0.372 
0.126951 0.0158772 -0.259188 -0.965696 0.997332 0.0729233 -0.00317491 0.0712447 -0.96307 0.259655 -0.0267013 0.105327 0.00178522 -0.1086 0.1086 0.3896 -0.3896 
0.126832 0.0077641 -0.959222 0.282546 0.0717392 0.282361 0.956622 -0.997393 0.0128423 0.0710061 -0.00519816 0.0190876 -0.0889005 0.2596 -0.2596 0.0042 -0.0042 
0.126816 -0.999851 -0.00335309 0.0169591 0.0159634 0.197442 0.980185 -0.00663508 0.980309 -0.197359 -0.0806784 0.00272779 0.0151298 0.2488 -0.2488 0.5292 -0.5292 
0.126706 -0.0148301 0.961117 -0.275742 -0.997275 -0.0341507 -0.0653987 -0.0722726 0.274021 0.959004 0.0031833 -0.106335 0.0102165 0.136 -0.136 0.1176 -0.1176 
0.126612 0.0094212 0.95921 -0.282539 0.0721373 -0.282467 -0.956561 -0.99735 -0.0113696 -0.0718559 0.0146829 -0.0573732 -0.0842178 0.3424 -0.3424 0.3768 -0.3768 
0.126595 0.0077641 -0.959222 0.282546 0.0717392 0.282361 0.956622 -0.997393 0.0128423 0.0710061 -0.0144996 0.0683944 -0.0753979 0.3572 -0.3572 0.3672 -0.3672 
0.126562 0.0094212 0.95921 -0.282539 0.0721373 -0.282467 -0.956561 -0.99735 -0.0113696 -0.0718559 -0.00491483 -0.0363836 -0.0928991 -0.0206 0.0206 -0.2356 0.2356 
0.126499 0.0077641 -0.959222 0.282546 0.0717392 0.282361 0.956622 -0.997393 0.0128423 0.0710061 -0.0146562 0.0584217 -0.0761186 0.37 -0.37 0.3622 -0.3622 
0.126472 -0.999851 -0.00335309 0.0169591 0.0159634 0.197442 0.980185 -0.00663508 0.980309 -0.197359 -0.100973 -0.0254271 -0.0071285 -0.2422 0.2422 0.0808 -0.0808 
0.126401 0.999844 0.0117296 0.013214 -0.0163883 0.336099 0.941684 0.00660438 -0.941754 0.336239 0.0892445 -0.00920274 0.00454969 -0.2462 0.2462 0.0138 -0.0138 
0.126297 0.999844 0.0117296 0.013214 -0.0163883 0.336099 0.941684 0.00660438 -0.941754 0.336239 0.0995713 0.00204644 -0.0146027 0.2432 -0.2432 0.5186 -0.5186 
0.126283 0.999836 -0.013206 -0.0123621 -0.0160822 -0.336075 -0.941698 0.00828144 0.941743 -0.336232 0.0892327 -0.014155 -0.00467679 -0.2322 0.2322 0.0716 -0.0716 
0.126155 0.0094212 0.95921 -0.282539 0.0721373 -0.282467 -0.956561 -0.99735 -0.0113696 -0.0718559 0.00508358 -0.036546 -0.0928247 0.2212 -0.2212 0.0052 -0.0052 
0.126145 -0.99983 0.00482943 -0.017811 0.016507 -0.197466 -0.980171 -0.00825074 -0.980298 0.197352 -0.0909818 -0.0218416 0.00208538 -0.2776 0.2776 0.0216 -0.0216 
0.126118 0.0158772 -0.259188 -0.965696 0.997332 0.0729233 -0.00317491 0.0712447 -0.96307 0.259655 -0.00670451 0.105002 0.00193408 0.0104 -0.0104 0.2726 -0.2726 
0.126079 -0.015863 0.275747 0.961099 -0.997214 0.06571 -0.0353118 -0.072891 -0.958982 0.273936 -0.0143022 -0.103646 -0.023207 0.1924 -0.1924 0.5206 -0.5206 
0.12604 0.0077641 -0.959222 0.282546 0.0717392 0.282361 0.956622 -0.997393 0.0128423 0.0710061 0.0147127 0.0180435 -0.0787779 -0.3332 0.3332 -0.374 0.374 
0.125956 -0.999851 -0.00335309 0.0169591 0.0159634 0.197442 0.980185 -0.00663508 0.980309 -0.197359 -0.100503 0.00449126 -0.00496651 -0.2262 0.2262 0.0296 -0.0296 
0.125892 0.0158772 -0.259188 -0.965696 0.997332 0.0729233 -0.00317491 0.0712447 -0.96307 0.259655 0.0135195 0.123904 0.013498 -0.2602 0.2602 0.0772 -0.0772 
0.125843 0.999836 -0.013206 -0.0123621 -0.0160822 -0.336075 -0.941698 0.00828144 0.941743 -0.336232 0.0893034 -0.00490162 0.00601759 0.012 -0.012 0.2676 -0.2676 
0.125783 -0.00777077 0.967599 -0.252373 -0.0721641 0.25118 0.965247 0.997363 0.025713 0.067874 -0.0156753 0.00556219 0.100545 -0.3422 0.3422 -0.3652 0.3652 
0.125746 0.0094212 0.95921 -0.282539 0.0721373 -0.282467 -0.956561 -0.99735 -0.0113696 -0.0718559 0.00593708 0.0225713 -0.078527 0.1452 -0.1452 0.1158 -0.1158 
0.125562 -0.00941453 -0.967586 0.252366 -0.0717124 -0.251074 -0.965308 0.997381 -0.0271857 -0.0670242 -0.00620639 0.0404404 0.0931159 0.2276 -0.2276 -0.0056 0.0056 
0.125386 -0.0164842 -0.961094 0.275729 -0.997279 0.0356233 0.0645489 -0.0718599 -0.273914 -0.959066 -0.00830468 -0.13495 -0.00759135 0.2604 -0.2604 0.0432 -0.0432 
0.125372 0.0077641 -0.959222 0.282546 0.0717392 0.282361 0.956622 -0.997393 0.0128423 0.0710061 0.0154956 0.0679074 -0.0751746 -0.3756 0.3756 -0.3644 0.3644 
0.125244 0.0077641 -0.959222 0.282546 0.0717392 0.282361 0.956622 -0.997393 0.0128423 0.0710061 0.00401738 -0.0309386 -0.0924294 0.0192 -0.0192 -0.2052 0.2052 
0.125158 -0.999851 -0.00335309 0.0169591 0.0159634 0.197442 0.980185 -0.00663508 0.980309 -0.197359 -0.100417 0.00521064 -0.0149402 -0.4836 0.4836 -0.2152 0.2152 
0.125156 -0.99983 0.00482943 -0.017811 0.016507 -0.197466 -0.980171 -0.00825074 -0.980298 0.197352 -0.0805137 0.00791434 0.00432179 -0.2266 0.2266 0.0228 -0.0228 
0.125091 -0.999851 -0.00335309 0.0169591 0.0159634 0.197442 0.980185 -0.00663508 0.980309 -0.197359 -0.0913737 -0.0462543 0.00147832 -0.0182 0.0182 0.3012 -0.3012 
0.125046 0.0077641 -0.959222 0.282546 0.0717392 0.282361 0.956622 -0.997393 0.0128423 0.0710061 0.0145561 0.00807075 -0.0794986 -0.3292 0.3292 -0.3728 0.3728 
0.124991 0.999844 0.0117296 0.013214 -0.0163883 0.336099 0.941684 0.00660438 -0.941754 0.336239 0.0794026 0.000932384 0.00519593 -0.2302 0.2302 0.0126 -0.0126 
0.12496 0.0077641 -0.959222 0.282546 0.0717392 0.282361 0.956622 -0.997393 0.0128423 0.0710061 0.014243 -0.0118748 -0.0809399 -0.3302 0.3302 -0.3656 0.3656 
0.124824 0.999844 0.0117296 0.013214 -0.0163883 0.336099 0.941684 0.00660438 -0.941754 0.336239 0.0997126 0.0205532 0.00678611 -0.2456 0.2456 0.0636 -0.0636 
0.124822 -0.00941453 -0.967586 0.252366 -0.0717124 -0.251074 -0.965308 0.997381 -0.0271857 -0.0670242 0.0119822 -0.0703041 0.0953112 -0.3448 0.3448 -0.3092 0.3092 
0.124795 0.0154371 0.259165 0.96571 0.997221 -0.0743959 0.00402466 0.0728878 0.962964 -0.259593 0.00888696 0.104666 0.00320131 -0.2498 0.2498 0.0128 -0.0128 
0.12474 -0.015863 0.275747 0.961099 -0.997214 0.06571 -0.0353118 -0.072891 -0.958982 0.273936 0.025449 -0.114987 -0.0136563 -0.1456 0.1456 0.3968 -0.3968 
0.124697 -0.0154512 -0.275724 -0.961113 -0.997339 -0.0642375 0.0344621 -0.0712415 0.959088 -0.273998 0.000152379 -0.094709 -0.0112544 -0.2302 0.2302 0.0288 -0.0288 
0.124694 -0.0148301 0.961117 -0.275742 -0.997275 -0.0341507 -0.0653987 -0.0722726 0.274021 0.959004 0.00288544 -0.134815 -0.0118929 0.2168 -0.2168 0.0086 -0.0086 
0.124501 0.0077641 -0.959222 0.282546 0.0717392 0.282361 0.956622 -0.997393 0.0128423 0.0710061 0.00386081 -0.0409114 -0.0931501 0.0176 -0.0176 -0.1896 0.1896 
0.124285 0.0164805 0.965691 -0.25917 0.997248 0.00286353 0.0740845 0.0722849 -0.259677 -0.962986 -0.00323629 0.114361 0.0104346 0.0208 -0.0208 -0.2252 0.2252 
0.123964 -0.00777077 0.967599 -0.252373 -0.0721641 0.25118 0.965247 0.997363 0.025713 0.067874 0.00346798 -0.0538798 0.0863961 0.2124 -0.2124 0.0126 -0.0126 
0.123895 -0.999851 -0.00335309 0.0169591 0.0159634 0.197442 0.980185 -0.00663508 0.980309 -0.197359 -0.0906615 -0.00564387 -0.00561275 -0.2326 0.2326 0.0198 -0.0198 
0.123806 -0.0154512 -0.275724 -0.961113 -0.997339 -0.0642375 0.0344621 -0.0712415 0.959088 -0.273998 -7.48371e-005 -0.113935 -0.0226695 -0.4986 0.4986 -0.18 0.18 
0.123803 -0.999851 -0.00335309 0.0169591 0.0159634 0.197442 0.980185 -0.00663508 0.980309 -0.197359 -0.0808197 -0.015779 -0.00625898 -0.2416 0.2416 0.0556 -0.0556 
0.123683 0.0154371 0.259165 0.96571 0.997221 -0.0743959 0.00402466 0.0728878 0.962964 -0.259593 -0.00102552 0.105548 -0.00684684 -0.5196 0.5196 -0.2288 0.2288 
0.123584 0.0094212 0.95921 -0.282539 0.0721373 -0.282467 -0.956561 -0.99735 -0.0113696 -0.0718559 0.00617958 0.0332634 -0.08778 0.266 -0.266 0.0206 -0.0206 
0.123519 -0.0154512 -0.275724 -0.961113 -0.997339 -0.0642375 0.0344621 -0.0712415 0.959088 -0.273998 0.0100801 -0.104125 -0.0218744 -0.4992 0.4992 -0.18 0.18 
0.123429 0.0077641 -0.959222 0.282546 0.0717392 0.282361 0.956622 -0.997393 0.0128423 0.0710061 0.00480024 0.0189253 -0.0888261 0.014 -0.014 -0.24 0.24 
0.123412 -0.999851 -0.00335309 0.0169591 0.0159634 0.197442 0.980185 -0.00663508 0.980309 -0.197359 -0.100347 0.014464 -0.00424585 -0.2452 0.2452 0.0136 -0.0136 
0.12324 0.999844 0.0117296 0.013214 -0.0163883 0.336099 0.941684 0.00660438 -0.941754 0.336239 0.0997985 0.0212726 -0.00318761 -0.0036 0.0036 0.3098 -0.3098 
0.123178 0.999844 0.0117296 0.013214 -0.0163883 0.336099 0.941684 0.00660438 -0.941754 0.336239 0.0793167 0.000213001 0.0151696 -0.5022 0.5022 -0.2288 0.2288 
0.123151 -0.99983 0.00482943 -0.017811 0.016507 -0.197466 -0.980171 -0.00825074 -0.980298 0.197352 -0.0899565 0.0387144 -0.00356437 -0.0162 0.0162 0.3208 -0.3208 
0.122965 0.999844 0.0117296 0.013214 -0.0163883 0.336099 0.941684 0.00660438 -0.941754 0.336239 0.0794886 0.00165177 -0.00477779 0.006 -0.006 0.2528 -0.2528 
0.122962 -0.99983 0.00482943 -0.017811 0.016507 -0.197466 -0.980171 -0.00825074 -0.980298 0.197352 -0.100268 0.0189312 -0.00508012 0.0036 -0.0036 0.2876 -0.2876 
0.122945 -0.999851 -0.00335309 0.0169591 0.0159634 0.197442 0.980185 -0.00663508 0.980309 -0.197359 -0.0912171 -0.0362816 0.00219899 -0.0092 0.0092 0.3028 -0.3028 
0.122872 0.0077641 -0.959222 0.282546 0.0717392 0.282361 0.956622 -0.997393 0.0128423 0.0710061 -0.00465781 0.0582593 -0.0760442 0.1184 -0.1184 0.1242 -0.1242 
0.12269 0.0094212 0.95921 -0.282539 0.0721373 -0.282467 -0.956561 -0.99735 -0.0113696 -0.0718559 0.0167336 0.0637388 -0.0955173 0.3968 -0.3968 0.3966 -0.3966 
0.122658 -0.00777077 0.967599 -0.252373 -0.0721641 0.25118 0.965247 0.997363 0.025713 0.067874 -0.00637386 -0.0437446 0.0870424 -0.0166 0.0166 -0.2348 0.2348 
0.122508 0.999836 -0.013206 -0.0123621 -0.0160822 -0.336075 -0.941698 0.00828144 0.941743 -0.336232 0.0697056 0.016088 -0.00266366 -0.3438 0.3438 0.1308 -0.1308 
0.122375 0.0077641 -0.959222 0.282546 0.0717392 0.282361 0.956622 -0.997393 0.0128423 0.0710061 0.00433053 -0.0109931 -0.0909881 0.028 -0.028 -0.2256 0.2256 
0.122333 0.0094212 0.95921 -0.282539 0.0721373 -0.282467 -0.956561 -0.99735 -0.0113696 -0.0718559 -0.00343504 0.0626247 -0.0757188 -0.1012 0.1012 -0.0888 0.0888 
0.122333 0.0094212 0.95921 -0.282539 0.0721373 -0.282467 -0.956561 -0.99735 -0.0113696 -0.0718559 0.00656336 0.0624624 -0.0756443 0.1388 -0.1388 0.1502 -0.1502 
0.121832 -0.0148301 0.961117 -0.275742 -0.997275 -0.0341507 -0.0653987 -0.0722726 0.274021 0.959004 -0.00679982 -0.114707 -0.010526 0.002 -0.002 -0.2384 0.2384 
0.121781 0.0094212 0.95921 -0.282539 0.0721373 -0.282467 -0.956561 -0.99735 -0.0113696 -0.0718559 -0.0132616 0.0642258 -0.0957406 -0.3358 0.3358 -0.3372 0.3372 
0.121759 0.999836 -0.013206 -0.0123621 -0.0160822 -0.336075 -0.941698 0.00828144 0.941743 -0.336232 0.079219 -0.00545865 0.0159169 0.2532 -0.2532 0.5252 -0.5252 
0.121742 -0.99983 0.00482943 -0.017811 0.016507 -0.197466 -0.980171 -0.00825074 -0.980298 0.197352 -0.0900424 0.037995 0.00640935 -0.2568 0.2568 0.0772 -0.0772 
0.121619 -0.999851 -0.00335309 0.0169591 0.0159634 0.197442 0.980185 -0.00663508 0.980309 -0.197359 -0.0800368 0.0340849 -0.00265567 -0.2958 0.2958 0.0426 -0.0426 
0.121536 -0.0148301 0.961117 -0.275742 -0.997275 -0.0341507 -0.0653987 -0.0722726 0.274021 0.959004 0.0128686 -0.126443 0.00884964 0.3708 -0.3708 0.3632 -0.3632 
0.121507 0.999836 -0.013206 -0.0123621 -0.0160822 -0.336075 -0.941698 0.00828144 0.941743 -0.336232 0.0995443 0.00562818 -0.00316104 -0.2352 0.2352 0.0166 -0.0166 
0.121365 0.0094212 0.95921 -0.282539 0.0721373 -0.282467 -0.956561 -0.99735 -0.0113696 -0.0718559 -0.0039754 0.023453 -0.0885751 0.0196 -0.0196 -0.2316 0.2316 
0.121302 -0.999851 -0.00335309 0.0169591 0.0159634 0.197442 0.980185 -0.00663508 0.980309 -0.197359 -0.10113 -0.0353998 -0.00784916 -0.2506 0.2506 0.0658 -0.0658 
0.12116 -0.99983 0.00482943 -0.017811 0.016507 -0.197466 -0.980171 -0.00825074 -0.980298 0.197352 -0.0903555 0.0180495 0.00496803 -0.2312 0.2312 0.0398 -0.0398 
0.121111 0.0148337 -0.965714 0.259183 0.997305 -0.00433608 -0.0732347 0.0718477 0.259571 0.963048 -0.0142096 0.133365 0.0273558 0.3644 -0.3644 0.3746 -0.3746 
0.121038 -0.00777077 0.967599 -0.252373 -0.0721641 0.25118 0.965247 0.997363 0.025713 0.067874 0.00362455 -0.043907 0.0871168 0.2264 -0.2264 0.0086 -0.0086 
0.120947 0.0094212 0.95921 -0.282539 0.0721373 -0.282467 -0.956561 -0.99735 -0.0113696 -0.0718559 -0.00475826 -0.0264108 -0.0921784 -0.0052 0.0052 -0.246 0.246 
0.120861 0.0154371 0.259165 0.96571 0.997221 -0.0743959 0.00402466 0.0728878 0.962964 -0.259593 0.00897289 0.105385 -0.00677241 -0.5252 0.5252 -0.2268 0.2268 
0.120833 0.0164805 0.965691 -0.25917 0.997248 0.00286353 0.0740845 0.0722849 -0.259677 -0.962986 -0.00259472 0.145718 -0.00735087 -0.0852 0.0852 -0.0792 0.0792 
0.120829 0.999836 -0.013206 -0.0123621 -0.0160822 -0.336075 -0.941698 0.00828144 0.941743 -0.336232 0.108916 -0.0344252 -0.00596926 -0.2926 0.2926 0.0712 -0.0712 
0.120387 -0.0164842 -0.961094 0.275729 -0.997279 0.0356233 0.0645489 -0.0718599 -0.273914 -0.959066 0.00202215 -0.123701 -0.0267437 -0.0956 0.0956 -0.0912 0.0912 
0.120225 0.0158772 -0.259188 -0.965696 0.997332 0.0729233 -0.00317491 0.0712447 -0.96307 0.259655 -0.0064773 0.124229 0.0133491 -0.2602 0.2602 0.0836 -0.0836 
0.120184 -0.0154512 -0.275724 -0.961113 -0.997339 -0.0642375 0.0344621 -0.0712415 0.959088 -0.273998 -0.0198444 -0.0943843 -0.0114033 -0.2476 0.2476 0.0596 -0.0596 
0.119922 -0.00777077 0.967599 -0.252373 -0.0721641 0.25118 0.965247 0.997363 0.025713 0.067874 -0.005591 0.00611922 0.0906457 0.0212 -0.0212 -0.2328 0.2328 
0.119711 -0.015863 0.275747 0.961099 -0.997214 0.06571 -0.0353118 -0.072891 -0.958982 0.273936 -0.0146306 -0.115057 -0.00398027 -0.2822 0.2822 0.0226 -0.0226 
0.119583 -0.0154512 -0.275724 -0.961113 -0.997339 -0.0642375 0.0344621 -0.0712415 0.959088 -0.273998 -0.0103864 -0.133718 -0.0241852 -0.5182 0.5182 -0.1624 0.1624 
0.119575 -0.00777077 0.967599 -0.252373 -0.0721641 0.25118 0.965247 0.997363 0.025713 0.067874 0.0144765 0.0150479 0.101489 0.3904 -0.3904 0.3726 -0.3726 
0.119194 0.0158772 -0.259188 -0.965696 0.997332 0.0729233 -0.00317491 0.0712447 -0.96307 0.259655 0.0132923 0.104678 0.00208294 0.0088 -0.0088 0.2828 -0.2828 
0.119091 0.999836 -0.013206 -0.0123621 -0.0160822 -0.336075 -0.941698 0.00828144 0.941743 -0.336232 0.0890762 -0.0241278 -0.00539746 -0.2372 0.2372 0.0682 -0.0682 
0.119032 -0.015863 0.275747 0.961099 -0.997214 0.06571 -0.0353118 -0.072891 -0.958982 0.273936 0.00567936 -0.0954363 -0.00239008 -0.2352 0.2352 0.0138 -0.0138 
0.118988 -0.00941453 -0.967586 0.252366 -0.0717124 -0.251074 -0.965308 0.997381 -0.0271857 -0.0670242 -0.016917 -7.69894e-006 0.100133 0.392 -0.392 0.3696 -0.3696 
0.118921 -0.00941453 -0.967586 0.252366 -0.0717124 -0.251074 -0.965308 0.997381 -0.0271857 -0.0670242 -0.00761553 -0.0493145 0.0866299 0.258 -0.258 0.0476 -0.0476 
0.11892 -0.00777077 0.967599 -0.252373 -0.0721641 0.25118 0.965247 0.997363 0.025713 0.067874 -0.00489407 0.0552637 0.104223 -0.0882 0.0882 -0.0796 0.0796 
0.118832 -0.0154512 -0.275724 -0.961113 -0.997339 -0.0642375 0.0344621 -0.0712415 0.959088 -0.273998 0.00999421 -0.104844 -0.0119007 -0.2392 0.2392 0.0626 -0.0626 
0.118806 -0.00941453 -0.967586 0.252366 -0.0717124 -0.251074 -0.965308 0.997381 -0.0271857 -0.0670242 -0.0176846 -0.0584056 0.0758611 0.3928 -0.3928 0.4086 -0.4086 
0.118572 0.0154371 0.259165 0.96571 0.997221 -0.0743959 0.00402466 0.0728878 0.962964 -0.259593 -0.0111098 0.104991 0.00305245 -0.2558 0.2558 0.0192 -0.0192 
0.118344 0.0164805 0.965691 -0.25917 0.997248 0.00286353 0.0740845 0.0722849 -0.259677 -0.962986 -0.0125931 0.14588 -0.0074253 -0.3302 0.3302 -0.3228 0.3228 
0.118264 0.0077641 -0.959222 0.282546 0.0717392 0.282361 0.956622 -0.997393 0.0128423 0.0710061 -0.00472845 0.0490059 -0.0867385 0.2304 -0.2304 0.0058 -0.0058 
0.117861 0.999836 -0.013206 -0.0123621 -0.0160822 -0.336075 -0.941698 0.00828144 0.941743 -0.336232 0.0891621 -0.0234084 -0.0153712 -0.4942 0.4942 -0.1732 0.1732 
0.117855 0.0077641 -0.959222 0.282546 0.0717392 0.282361 0.956622 -0.997393 0.0128423 0.0710061 0.00511338 0.0388708 -0.0873848 -0.0018 0.0018 -0.2396 0.2396 
0.117772 -0.99983 0.00482943 -0.017811 0.016507 -0.197466 -0.980171 -0.00825074 -0.980298 0.197352 -0.100495 -0.00029496 -0.0164952 0.2424 -0.2424 0.5132 -0.5132 
0.117555 -0.00777077 0.967599 -0.252373 -0.0721641 0.25118 0.965247 0.997363 0.025713 0.067874 -0.0166148 -0.0542744 0.096221 -0.3738 0.3738 -0.376 0.376 
0.117481 -0.999851 -0.00335309 0.0169591 0.0159634 0.197442 0.980185 -0.00663508 0.980309 -0.197359 -0.0904343 0.0135823 0.0058023 -0.0012 0.0012 0.2528 -0.2528 
0.117456 -0.0164842 -0.961094 0.275729 -0.997279 0.0356233 0.0645489 -0.0718599 -0.273914 -0.959066 0.0116215 -0.144528 -0.0181369 -0.3456 0.3456 -0.3144 0.3144 
0.117203 -0.0154512 -0.275724 -0.961113 -0.997339 -0.0642375 0.0344621 -0.0712415 0.959088 -0.273998 -0.00993195 -0.095266 -0.00135514 0.014 -0.014 0.2652 -0.2652 
0.117158 0.0077641 -0.959222 0.282546 0.0717392 0.282361 0.956622 -0.997393 0.0128423 0.0710061 0.0044871 -0.00102028 -0.0902674 0.026 -0.026 -0.2312 0.2312 
0.117056 0.999844 0.0117296 0.013214 -0.0163883 0.336099 0.941684 0.00660438 -0.941754 0.336239 0.0998692 0.030526 0.00750677 -0.2576 0.2576 0.0866 -0.0866 
0.116984 0.999836 -0.013206 -0.0123621 -0.0160822 -0.336075 -0.941698 0.00828144 0.941743 -0.336232 0.089859 0.0257361 -0.00179414 -0.3088 0.3088 0.0302 -0.0302 
0.116944 -0.0154512 -0.275724 -0.961113 -0.997339 -0.0642375 0.0344621 -0.0712415 0.959088 -0.273998 -0.0303985 -0.12486 -0.00366598 -0.1172 0.1172 0.4332 -0.4332 
0.116934 0.999844 0.0117296 0.013214 -0.0163883 0.336099 0.941684 0.00660438 -0.941754 0.336239 0.0986166 -0.0492562 0.00174147 -0.2756 0.2756 0.0442 -0.0442 
0.116931 0.999844 0.0117296 0.013214 -0.0163883 0.336099 0.941684 0.00660438 -0.941754 0.336239 0.0894717 0.0100234 0.0159647 -0.4836 0.4836 -0.2136 0.2136 
0.11691 -0.015863 0.275747 0.961099 -0.997214 0.06571 -0.0353118 -0.072891 -0.958982 0.273936 0.0151374 -0.13477 -0.015172 -0.0392 0.0392 0.2996 -0.2996 
0.116892 -0.00777077 0.967599 -0.252373 -0.0721641 0.25118 0.965247 0.997363 0.025713 0.067874 -0.00512129 0.0360375 0.0928077 0.0296 -0.0296 -0.2064 0.2064 
0.116721 0.999836 -0.013206 -0.0123621 -0.0160822 -0.336075 -0.941698 0.00828144 0.941743 -0.336232 0.088763 -0.0440733 -0.00683878 -0.2552 0.2552 0.0706 -0.0706 
0.116718 -0.99983 0.00482943 -0.017811 0.016507 -0.197466 -0.980171 -0.00825074 -0.980298 0.197352 -0.0804278 0.00863372 -0.00565193 0.0116 -0.0116 0.2622 -0.2622 
0.116423 -0.99983 0.00482943 -0.017811 0.016507 -0.197466 -0.980171 -0.00825074 -0.980298 0.197352 -0.101137 -0.031652 0.00129028 -0.2886 0.2886 0.0296 -0.0296 
0.116349 -0.00941453 -0.967586 0.252366 -0.0717124 -0.251074 -0.965308 0.997381 -0.0271857 -0.0670242 -0.0170736 -0.00998047 0.0994119 0.3948 -0.3948 0.3706 -0.3706 
0.116241 -0.999851 -0.00335309 0.0169591 0.0159634 0.197442 0.980185 -0.00663508 0.980309 -0.197359 -0.10019 0.0244368 -0.00352519 -0.2802 0.2802 0.0282 -0.0282 
0.116185 -0.00941453 -0.967586 0.252366 -0.0717124 -0.251074 -0.965308 0.997381 -0.0271857 -0.0670242 0.00285259 -0.0195586 0.0888664 0.0188 -0.0188 -0.228 0.228 
0.116051 0.0148337 -0.965714 0.259183 0.997305 -0.00433608 -0.0732347 0.0718477 0.259571 0.963048 -0.0045243 0.113257 0.0259889 0.1372 -0.1372 0.1262 -0.1262 
0.115939 0.999836 -0.013206 -0.0123621 -0.0160822 -0.336075 -0.941698 0.00828144 0.941743 -0.336232 0.0986755 -0.044955 0.00320937 -0.0156 0.0156 0.3082 -0.3082 
0.115901 0.0148337 -0.965714 0.259183 0.997305 -0.00433608 -0.0732347 0.0718477 0.259571 0.963048 0.0054741 0.113095 0.0260633 -0.1022 0.1022 -0.1124 0.1124 
0.115821 0.0077641 -0.959222 0.282546 0.0717392 0.282361 0.956622 -0.997393 0.0128423 0.0710061 -0.00488502 0.0390331 -0.0874592 0.2436 -0.2436 0.0052 -0.0052 
0.115763 0.0154371 0.259165 0.96571 0.997221 -0.0743959 0.00402466 0.0728878 0.962964 -0.259593 -0.0110239 0.10571 -0.00692127 -0.5326 0.5326 -0.22 0.22 
0.115666 -0.00777077 0.967599 -0.252373 -0.0721641 0.25118 0.965247 0.997363 0.025713 0.067874 -0.00536378 0.0253454 0.102061 -0.0006 0.0006 -0.1824 0.1824 
0.115592 0.999836 -0.013206 -0.0123621 -0.0160822 -0.336075 -0.941698 0.00828144 0.941743 -0.336232 0.100014 0.0355465 -0.000999051 -0.3042 0.3042 0.0426 -0.0426 
0.115575 -0.00941453 -0.967586 0.252366 -0.0717124 -0.251074 -0.965308 0.997381 -0.0271857 -0.0670242 0.00269602 -0.0295313 0.0881457 0.0204 -0.0204 -0.2196 0.2196 
0.115558 0.999844 0.0117296 0.013214 -0.0163883 0.336099 0.941684 0.00660438 -0.941754 0.336239 0.0800289 0.0408235 0.00807858 -0.2716 0.2716 0.0852 -0.0852 
0.115441 -0.99983 0.00482943 -0.017811 0.016507 -0.197466 -0.980171 -0.00825074 -0.980298 0.197352 -0.101051 -0.0309327 -0.00868344 -0.0468 0.0468 0.2716 -0.2716 
0.115271 0.0077641 -0.959222 0.282546 0.0717392 0.282361 0.956622 -0.997393 0.0128423 0.0710061 0.00549717 0.0680697 -0.0752491 -0.1326 0.1326 -0.112 0.112 
0.115259 0.0164805 0.965691 -0.25917 0.997248 0.00286353 0.0740845 0.0722849 -0.259677 -0.962986 0.0067774 0.105665 -0.0101591 0.1492 -0.1492 0.1268 -0.1268 
0.115075 0.999836 -0.013206 -0.0123621 -0.0160822 -0.336075 -0.941698 0.00828144 0.941743 -0.336232 0.0899297 0.0349895 0.00890024 -0.0536 0.0536 0.2816 -0.2816 
0.114921 0.0077641 -0.959222 0.282546 0.0717392 0.282361 0.956622 -0.997393 0.0128423 0.0710061 0.015339 0.0579346 -0.0758953 -0.3626 0.3626 -0.3708 0.3708 
0.114835 -0.00777077 0.967599 -0.252373 -0.0721641 0.25118 0.965247 0.997363 0.025713 0.067874 0.00393769 -0.0239614 0.0885581 0.25 -0.25 0.0042 -0.0042 
0.114824 0.999844 0.0117296 0.013214 -0.0163883 0.336099 0.941684 0.00660438 -0.941754 0.336239 0.0992581 -0.0178991 -0.016044 0.2044 -0.2044 0.5272 -0.5272 
0.114786 -0.00941453 -0.967586 0.252366 -0.0717124 -0.251074 -0.965308 0.997381 -0.0271857 -0.0670242 0.00253944 -0.0395041 0.087425 0.0168 -0.0168 -0.2076 0.2076 
0.114723 0.0077641 -0.959222 0.282546 0.0717392 0.282361 0.956622 -0.997393 0.0128423 0.0710061 -0.00450123 0.0682321 -0.0753235 0.1068 -0.1068 0.1272 -0.1272 
0.114634 0.0094212 0.95921 -0.282539 0.0721373 -0.282467 -0.956561 -0.99735 -0.0113696 -0.0718559 -0.00381883 0.0334258 -0.0878545 0.0196 -0.0196 -0.2236 0.2236 
0.11426 0.0077641 -0.959222 0.282546 0.0717392 0.282361 0.956622 -0.997393 0.0128423 0.0710061 0.0137733 -0.0417931 -0.0831019 -0.3382 0.3382 -0.3416 0.3416 
0.114188 -0.99983 0.00482943 -0.017811 0.016507 -0.197466 -0.980171 -0.00825074 -0.980298 0.197352 -0.100808 -0.0202405 -0.0179365 0.2004 -0.2004 0.5252 -0.5252 
0.113563 0.0158772 -0.259188 -0.965696 0.997332 0.0729233 -0.00317491 0.0712447 -0.96307 0.259655 -0.0264741 0.124553 0.0132003 -0.3792 0.3792 0.1932 -0.1932 
0.113325 0.0094212 0.95921 -0.282539 0.0721373 -0.282467 -0.956561 -0.99735 -0.0113696 -0.0718559 -0.00413197 0.0134802 -0.0892958 0.0176 -0.0176 -0.2388 0.2388 
0.113191 -0.00777077 0.967599 -0.252373 -0.0721641 0.25118 0.965247 0.997363 0.025713 0.067874 0.014633 0.0250207 0.10221 0.3936 -0.3936 0.3802 -0.3802 
0.113144 -0.00941453 -0.967586 0.252366 -0.0717124 -0.251074 -0.965308 0.997381 -0.0271857 -0.0670242 -0.0080146 -0.0699794 0.0951623 0.1396 -0.1396 0.1736 -0.1736 
0.112966 -0.99983 0.00482943 -0.017811 0.016507 -0.197466 -0.980171 -0.00825074 -0.980298 0.197352 -0.0898858 0.0479678 0.00713001 -0.2872 0.2872 0.0782 -0.0782 
0.112771 0.0094212 0.95921 -0.282539 0.0721373 -0.282467 -0.956561 -0.99735 -0.0113696 -0.0718559 0.00586643 0.0133179 -0.0892214 0.2632 -0.2632 0.0056 -0.0056 
0.112596 -0.00777077 0.967599 -0.252373 -0.0721641 0.25118 0.965247 0.997363 0.025713 0.067874 0.00494776 0.0451286 0.103576 0.1524 -0.1524 0.1482 -0.1482 
0.112554 -0.99983 0.00482943 -0.017811 0.016507 -0.197466 -0.980171 -0.00825074 -0.980298 0.197352 -0.100824 -0.0117065 0.00273161 -0.2906 0.2906 0.0152 -0.0152 
0.112388 0.0148337 -0.965714 0.259183 0.997305 -0.00433608 -0.0732347 0.0718477 0.259571 0.963048 0.00556003 0.113814 0.0160896 -0.0162 0.0162 -0.2048 0.2048 
0.112304 -0.999851 -0.00335309 0.0169591 0.0159634 0.197442 0.980185 -0.00663508 0.980309 -0.197359 -0.100731 -0.0147349 -0.0163816 -0.4926 0.4926 -0.178 0.178 
0.112091 0.0154371 0.259165 0.96571 0.997221 -0.0743959 0.00402466 0.0728878 0.962964 -0.259593 -0.0110392 0.114244 0.0137468 -0.0426 0.0426 0.2766 -0.2766 
0.112015 -0.00941453 -0.967586 0.252366 -0.0717124 -0.251074 -0.965308 0.997381 -0.0271857 -0.0670242 -0.00660546 0.0197755 0.101648 0.2088 -0.2088 0.0236 -0.0236 
0.111858 0.999844 0.0117296 0.013214 -0.0163883 0.336099 0.941684 0.00660438 -0.941754 0.336239 0.110423 0.0610013 -0.00023053 -0.1552 0.1552 0.4302 -0.4302 
0.11157 0.999836 -0.013206 -0.0123621 -0.0160822 -0.336075 -0.941698 0.00828144 0.941743 -0.336232 0.0901722 0.0456816 -0.000352817 -0.2966 0.2966 0.0688 -0.0688 
0.111268 0.0077641 -0.959222 0.282546 0.0717392 0.282361 0.956622 -0.997393 0.0128423 0.0710061 0.0143996 -0.00190202 -0.0802193 -0.3292 0.3292 -0.37 0.37 
0.111268 0.0148337 -0.965714 0.259183 0.997305 -0.00433608 -0.0732347 0.0718477 0.259571 0.963048 0.0154725 0.112933 0.0261377 -0.3498 0.3498 -0.3616 0.3616 
0.111256 -0.0154512 -0.275724 -0.961113 -0.997339 -0.0642375 0.0344621 -0.0712415 0.959088 -0.273998 0.00990829 -0.105563 -0.00192694 0.0024 -0.0024 0.2976 -0.2976 
0.111025 -0.00941453 -0.967586 0.252366 -0.0717124 -0.251074 -0.965308 0.997381 -0.0271857 -0.0670242 -0.0066761 0.0105221 0.0909539 0.2568 -0.2568 0.0016 -0.0016 
0.110986 -0.99983 0.00482943 -0.017811 0.016507 -0.197466 -0.980171 -0.00825074 -0.980298 0.197352 -0.090199 0.0280222 0.00568869 -0.2466 0.2466 0.0888 -0.0888 
0.110953 -0.0154512 -0.275724 -0.961113 -0.997339 -0.0642375 0.0344621 -0.0712415 0.959088 -0.273998 -0.00024669 -0.115374 -0.00272203 0.0032 -0.0032 0.3028 -0.3028 
0.11086 0.999844 0.0117296 0.013214 -0.0163883 0.336099 0.941684 0.00660438 -0.941754 0.336239 0.0889466 -0.0376823 -0.0175597 0.1996 -0.1996 0.5358 -0.5358 
0.110584 -0.015863 0.275747 0.961099 -0.997214 0.06571 -0.0353118 -0.072891 -0.958982 0.273936 0.00553807 -0.113943 -0.0237789 0.2004 -0.2004 0.5308 -0.5308 
0.110524 0.999844 0.0117296 0.013214 -0.0163883 0.336099 0.941684 0.00660438 -0.941754 0.336239 0.078847 -0.0297053 0.0130077 -0.5636 0.5636 -0.214 0.214 
0.110405 0.999844 0.0117296 0.013214 -0.0163883 0.336099 0.941684 0.00660438 -0.941754 0.336239 0.0801148 0.0415428 -0.00189514 -0.0316 0.0316 0.3262 -0.3262 
0.11036 -0.00777077 0.967599 -0.252373 -0.0721641 0.25118 0.965247 0.997363 0.025713 0.067874 -0.0064445 -0.052998 0.076348 -0.1306 0.1306 -0.118 0.118 
0.110343 0.0094212 0.95921 -0.282539 0.0721373 -0.282467 -0.956561 -0.99735 -0.0113696 -0.0718559 -0.0153123 -0.0568862 -0.0844411 -0.3906 0.3906 -0.3552 0.3552 
0.110278 0.0154371 0.259165 0.96571 0.997221 -0.0743959 0.00402466 0.0728878 0.962964 -0.259593 -0.00119737 0.104109 0.0131006 -0.0006 0.0006 0.2532 -0.2532 
0.109929 -0.00777077 0.967599 -0.252373 -0.0721641 0.25118 0.965247 0.997363 0.025713 0.067874 0.0044074 0.00595687 0.0907201 0.2672 -0.2672 0.0096 -0.0096 
0.109718 0.999844 0.0117296 0.013214 -0.0163883 0.336099 0.941684 0.00660438 -0.941754 0.336239 0.0685354 -0.0494885 0.0114919 -0.5532 0.5532 -0.0924 0.0924 
0.109218 -0.00777077 0.967599 -0.252373 -0.0721641 0.25118 0.965247 0.997363 0.025713 0.067874 0.0133805 -0.0547615 0.0964443 0.358 -0.358 0.3562 -0.3562 
0.109086 -0.999851 -0.00335309 0.0169591 0.0159634 0.197442 0.980185 -0.00663508 0.980309 -0.197359 -0.0902624 0.0150211 -0.0141451 -0.5002 0.5002 -0.2292 0.2292 
0.109061 -0.015863 0.275747 0.961099 -0.997214 0.06571 -0.0353118 -0.072891 -0.958982 0.273936 0.0150515 -0.13549 -0.00519831 -0.2796 0.2796 0.0572 -0.0572 
0.108971 -0.99983 0.00482943 -0.017811 0.016507 -0.197466 -0.980171 -0.00825074 -0.980298 0.197352 -0.0904415 0.0173301 0.0149417 -0.4878 0.4878 -0.2012 0.2012 
0.108626 -0.999851 -0.00335309 0.0169591 0.0159634 0.197442 0.980185 -0.00663508 0.980309 -0.197359 -0.0903636 0.0228357 0.0164967 0.1948 -0.1948 0.5276 -0.5276 
0.108568 0.999844 0.0117296 0.013214 -0.0163883 0.336099 0.941684 0.00660438 -0.941754 0.336239 0.0989297 -0.0293106 0.0031828 -0.2932 0.2932 0.0276 -0.0276 
0.108537 0.999844 0.0117296 0.013214 -0.0163883 0.336099 0.941684 0.00660438 -0.941754 0.336239 0.0794179 -0.00760162 -0.0154722 0.208 -0.208 0.5118 -0.5118 
0.108502 0.0094212 0.95921 -0.282539 0.0721373 -0.282467 -0.956561 -0.99735 -0.0113696 -0.0718559 -0.00428854 0.00350748 -0.0900165 0.0124 -0.0124 -0.2436 0.2436 
0.108457 -0.99983 0.00482943 -0.017811 0.016507 -0.197466 -0.980171 -0.00825074 -0.980298 0.197352 -0.091209 -0.0410678 -0.00932967 -0.0466 0.0466 0.2796 -0.2796 
0.108316 -0.0148301 0.961117 -0.275742 -0.997275 -0.0341507 -0.0653987 -0.0722726 0.274021 0.959004 -0.0174398 -0.145902 0.00718503 -0.3918 0.3918 -0.3564 0.3564 
0.108316 -0.0148301 0.961117 -0.275742 -0.997275 -0.0341507 -0.0653987 -0.0722726 0.274021 0.959004 -0.00744139 -0.146064 0.00725946 -0.1396 0.1396 -0.1112 0.1112 
0.108213 -0.00777077 0.967599 -0.252373 -0.0721641 0.25118 0.965247 0.997363 0.025713 0.067874 0.00472055 0.0259024 0.0921615 0.2708 -0.2708 0.0226 -0.0226 
0.107906 0.0154371 0.259165 0.96571 0.997221 -0.0743959 0.00402466 0.0728878 0.962964 -0.259593 0.0290403 0.114314 0.00407083 -0.3962 0.3962 0.1416 -0.1416 
0.107841 0.0094212 0.95921 -0.282539 0.0721373 -0.282467 -0.956561 -0.99735 -0.0113696 -0.0718559 0.00570986 0.00334513 -0.089942 0.2592 -0.2592 -0.0008 0.0008 
0.107691 0.0077641 -0.959222 0.282546 0.0717392 0.282361 0.956622 -0.997393 0.0128423 0.0710061 0.00464367 0.00895249 -0.0895468 0.0228 -0.0228 -0.236 0.236 
0.107595 -0.015863 0.275747 0.961099 -0.997214 0.06571 -0.0353118 -0.072891 -0.958982 0.273936 -0.00463219 -0.11522 -0.00390584 -0.2872 0.2872 0.0198 -0.0198 
0.107586 -0.00777077 0.967599 -0.252373 -0.0721641 0.25118 0.965247 0.997363 0.025713 0.067874 -0.0155188 0.015535 0.101266 -0.3398 0.3398 -0.3596 0.3596 
0.107382 0.999836 -0.013206 -0.0123621 -0.0160822 -0.336075 -0.941698 0.00828144 0.941743 -0.336232 0.0793756 0.00451412 0.0166375 0.2464 -0.2464 0.5196 -0.5196 
0.107215 0.999836 -0.013206 -0.0123621 -0.0160822 -0.336075 -0.941698 0.00828144 0.941743 -0.336232 0.0890055 -0.0333812 -0.0160918 -0.5036 0.5036 -0.166 0.166 
0.107133 -0.99983 0.00482943 -0.017811 0.016507 -0.197466 -0.980171 -0.00825074 -0.980298 0.197352 -0.101364 -0.0508782 -0.0101248 -0.0348 0.0348 0.2948 -0.2948 
0.106971 -0.0154512 -0.275724 -0.961113 -0.997339 -0.0642375 0.0344621 -0.0712415 0.959088 -0.273998 -0.0300147 -0.0956607 0.00846973 0.1328 -0.1328 0.6852 -0.6852 
0.106962 0.999836 -0.013206 -0.0123621 -0.0160822 -0.336075 -0.941698 0.00828144 0.941743 -0.336232 0.0895306 0.0143245 0.0174326 0.2228 -0.2228 0.5148 -0.5148 
0.106701 0.999836 -0.013206 -0.0123621 -0.0160822 -0.336075 -0.941698 0.00828144 0.941743 -0.336232 0.0794615 0.0052335 0.00666382 0.0036 -0.0036 0.2556 -0.2556 
0.106675 -0.015863 0.275747 0.961099 -0.997214 0.06571 -0.0353118 -0.072891 -0.958982 0.273936 0.0255902 -0.0964804 0.00773249 -0.6346 0.6346 -0.0988 0.0988 
0.106659 -0.999851 -0.00335309 0.0169591 0.0159634 0.197442 0.980185 -0.00663508 0.980309 -0.197359 -0.0997205 0.0543551 -0.0013632 -0.3052 0.3052 0.0716 -0.0716 
0.106369 -0.99983 0.00482943 -0.017811 0.016507 -0.197466 -0.980171 -0.00825074 -0.980298 0.197352 -0.0903403 0.00951546 -0.0157001 0.2316 -0.2316 0.5126 -0.5126 
0.106296 -0.999851 -0.00335309 0.0169591 0.0159634 0.197442 0.980185 -0.00663508 0.980309 -0.197359 -0.0705234 0.0125382 0.0159249 0.144 -0.144 0.5416 -0.5416 
0.106185 -0.0154512 -0.275724 -0.961113 -0.997339 -0.0642375 0.0344621 -0.0712415 0.959088 -0.273998 -0.0297569 -0.0935026 -0.0214514 -0.6152 0.6152 -0.0984 0.0984 
0.106131 -0.00777077 0.967599 -0.252373 -0.0721641 0.25118 0.965247 0.997363 0.025713 0.067874 0.0147896 0.0349934 0.10293 0.3932 -0.3932 0.3886 -0.3886 
0.10608 -0.00941453 -0.967586 0.252366 -0.0717124 -0.251074 -0.965308 0.997381 -0.0271857 -0.0670242 -0.0178412 -0.0683783 0.0751405 0.388 -0.388 0.4246 -0.4246 
0.105848 0.0148337 -0.965714 0.259183 0.997305 -0.00433608 -0.0732347 0.0718477 0.259571 0.963048 -0.0139671 0.144057 0.0181027 0.3552 -0.3552 0.3616 -0.3616 
0.105848 0.0148337 -0.965714 0.259183 0.997305 -0.00433608 -0.0732347 0.0718477 0.259571 0.963048 0.0160281 0.14357 0.018326 -0.3776 0.3776 -0.3704 0.3704 
0.10573 0.0094212 0.95921 -0.282539 0.0721373 -0.282467 -0.956561 -0.99735 -0.0113696 -0.0718559 0.00555329 -0.00662764 -0.0906627 0.2536 -0.2536 -0.0032 0.0032 
0.105134 0.999844 0.0117296 0.013214 -0.0163883 0.336099 0.941684 0.00660438 -0.941754 0.336239 0.0887041 -0.0483744 -0.00830668 -0.0356 0.0356 0.2846 -0.2846 
0.105036 0.0154371 0.259165 0.96571 0.997221 -0.0743959 0.00402466 0.0728878 0.962964 -0.259593 0.0289544 0.113595 0.0140445 -0.1346 0.1346 0.3926 -0.3926 
0.10495 -0.999851 -0.00335309 0.0169591 0.0159634 0.197442 0.980185 -0.00663508 0.980309 -0.197359 -0.0910453 -0.0348428 -0.0177485 -0.5072 0.5072 -0.1792 0.1792 
0.104495 -0.0154512 -0.275724 -0.961113 -0.997339 -0.0642375 0.0344621 -0.0712415 0.959088 -0.273998 -0.0101745 -0.105958 0.00789792 0.2496 -0.2496 0.5856 -0.5856 
0.104446 0.999844 0.0117296 0.013214 -0.0163883 0.336099 0.941684 0.00660438 -0.941754 0.336239 0.0891032 -0.0277095 -0.0168391 0.1888 -0.1888 0.5262 -0.5262 
0.104408 -0.00777077 0.967599 -0.252373 -0.0721641 0.25118 0.965247 0.997363 0.025713 0.067874 -0.0153622 0.0255077 0.101986 -0.3368 0.3368 -0.3536 0.3536 
0.104122 -0.99983 0.00482943 -0.017811 0.016507 -0.197466 -0.980171 -0.00825074 -0.980298 0.197352 -0.11011 0.0290663 -0.00443389 -0.0286 0.0286 0.3482 -0.3482 
0.104029 -0.99983 0.00482943 -0.017811 0.016507 -0.197466 -0.980171 -0.00825074 -0.980298 0.197352 -0.0910678 -0.022561 0.0120591 -0.5516 0.5516 -0.2192 0.2192 
0.103666 0.0154371 0.259165 0.96571 0.997221 -0.0743959 0.00402466 0.0728878 0.962964 -0.259593 0.0191126 0.12373 0.0146908 -0.0706 0.0706 0.3046 -0.3046 
0.103546 -0.00941453 -0.967586 0.252366 -0.0717124 -0.251074 -0.965308 0.997381 -0.0271857 -0.0670242 -0.00745896 -0.0393417 0.0873506 0.2616 -0.2616 0.0356 -0.0356 
0.103479 0.999844 0.0117296 0.013214 -0.0163883 0.336099 0.941684 0.00660438 -0.941754 0.336239 0.0903405 0.0606066 0.00959433 -0.4038 0.4038 0.1946 -0.1946 
0.102528 -0.999851 -0.00335309 0.0169591 0.0159634 0.197442 0.980185 -0.00663508 0.980309 -0.197359 -0.0998064 0.0536357 0.00861052 -0.0612 0.0612 0.3168 -0.3168 
0.102026 0.0164805 0.965691 -0.25917 0.997248 0.00286353 0.0740845 0.0722849 -0.259677 -0.962986 -0.0128356 0.135188 0.00182776 -0.3316 0.3316 -0.34 0.34 
0.101798 -0.015863 0.275747 0.961099 -0.997214 0.06571 -0.0353118 -0.072891 -0.958982 0.273936 -0.0145599 -0.105804 0.00671412 -0.5476 0.5476 -0.2236 0.2236 
0.101554 -0.015863 0.275747 0.961099 -0.997214 0.06571 -0.0353118 -0.072891 -0.958982 0.273936 0.00496715 -0.136047 0.00470099 -0.5436 0.5436 -0.1992 0.1992 
0.101312 0.0148337 -0.965714 0.259183 0.997305 -0.00433608 -0.0732347 0.0718477 0.259571 0.963048 -0.00443838 0.113977 0.0160151 0.2252 -0.2252 0.0342 -0.0342 
0.101222 -0.00777077 0.967599 -0.252373 -0.0721641 0.25118 0.965247 0.997363 0.025713 0.067874 -0.00590414 -0.0138263 0.0892044 0.014 -0.014 -0.2452 0.2452 
0.100987 0.0154371 0.259165 0.96571 0.997221 -0.0743959 0.00402466 0.0728878 0.962964 -0.259593 0.0188854 0.104504 0.00327574 -0.2772 0.2772 0.0448 -0.0448 
0.100944 -0.00777077 0.967599 -0.252373 -0.0721641 0.25118 0.965247 0.997363 0.025713 0.067874 -0.0152056 0.0354805 0.102707 -0.3366 0.3366 -0.346 0.346 
0.100534 0.999844 0.0117296 0.013214 -0.0163883 0.336099 0.941684 0.00660438 -0.941754 0.336239 0.0801855 0.0507962 0.00879924 -0.2936 0.2936 0.0928 -0.0928 
0.100449 -0.99983 0.00482943 -0.017811 0.016507 -0.197466 -0.980171 -0.00825074 -0.980298 0.197352 -0.100596 0.00751966 0.0141467 -0.4876 0.4876 -0.2256 0.2256 
0.100378 0.999844 0.0117296 0.013214 -0.0163883 0.336099 0.941684 0.00660438 -0.941754 0.336239 0.0897295 0.0121816 -0.0139564 0.2536 -0.2536 0.5272 -0.5272 
0.100367 -0.999851 -0.00335309 0.0169591 0.0159634 0.197442 0.980185 -0.00663508 0.980309 -0.197359 -0.0998771 0.0443823 -0.00208386 -0.2998 0.2998 0.0528 -0.0528 
0.100352 -0.999851 -0.00335309 0.0169591 0.0159634 0.197442 0.980185 -0.00663508 0.980309 -0.197359 -0.100887 -0.0247077 -0.0171022 -0.5012 0.5012 -0.1584 0.1584 
0.100328 0.999836 -0.013206 -0.0123621 -0.0160822 -0.336075 -0.941698 0.00828144 0.941743 -0.336232 0.0889902 -0.0248472 0.00457626 0.004 -0.004 0.3062 -0.3062 
0.100089 -0.015863 0.275747 0.961099 -0.997214 0.06571 -0.0353118 -0.072891 -0.958982 0.273936 -0.00446034 -0.113781 -0.0238533 0.1968 -0.1968 0.5258 -0.5258 
0.100052 0.999836 -0.013206 -0.0123621 -0.0160822 -0.336075 -0.941698 0.00828144 0.941743 -0.336232 0.0893187 -0.0134356 -0.0146505 -0.4876 0.4876 -0.1688 0.1688 
0.0998823 0.999844 0.0117296 0.013214 -0.0163883 0.336099 0.941684 0.00660438 -0.941754 0.336239 0.0787763 -0.0389587 0.00231328 -0.2842 0.2842 0.0342 -0.0342 
0.0991552 0.999836 -0.013206 -0.0123621 -0.0160822 -0.336075 -0.941698 0.00828144 0.941743 -0.336232 0.0897731 0.0250167 0.00817958 -0.0628 0.0628 0.2716 -0.2716 
0.0991314 -0.99983 0.00482943 -0.017811 0.016507 -0.197466 -0.980171 -0.00825074 -0.980298 0.197352 -0.0705859 -0.0015014 -0.00629816 -0.1042 0.1042 0.3536 -0.3536 
0.0990245 0.0094212 0.95921 -0.282539 0.0721373 -0.282467 -0.956561 -0.99735 -0.0113696 -0.0718559 -0.0149839 -0.0454746 -0.103668 -0.3786 0.3786 -0.3564 0.3564 
0.0988766 -0.99983 0.00482943 -0.017811 0.016507 -0.197466 -0.980171 -0.00825074 -0.980298 0.197352 -0.0914515 -0.0517599 -7.6613e-005 -0.2746 0.2746 0.0522 -0.0522 
0.0987553 0.999836 -0.013206 -0.0123621 -0.0160822 -0.336075 -0.941698 0.00828144 0.941743 -0.336232 0.0787493 -0.035377 0.0137549 0.2344 -0.2344 0.5892 -0.5892 
0.0987448 -0.99983 0.00482943 -0.017811 0.016507 -0.197466 -0.980171 -0.00825074 -0.980298 0.197352 -0.100283 0.0274652 0.015588 -0.5152 0.5152 -0.1716 0.1716 
0.098737 -0.999851 -0.00335309 0.0169591 0.0159634 0.197442 0.980185 -0.00663508 0.980309 -0.197359 -0.0911465 -0.0270282 0.0128934 0.24 -0.24 0.5906 -0.5906 
0.0986503 -0.00941453 -0.967586 0.252366 -0.0717124 -0.251074 -0.965308 0.997381 -0.0271857 -0.0670242 0.0019838 -0.0701418 0.0952368 -0.0996 0.0996 -0.0656 0.0656 
0.0982531 -0.0164842 -0.961094 0.275729 -0.997279 0.0356233 0.0645489 -0.0718599 -0.273914 -0.959066 0.0121771 -0.113891 -0.0259486 -0.3402 0.3402 -0.3428 0.3428 
0.0978757 0.999844 0.0117296 0.013214 -0.0163883 0.336099 0.941684 0.00660438 -0.941754 0.336239 0.0798876 0.0223167 -0.0133102 0.2324 -0.2324 0.5702 -0.5702 
0.0977106 -0.99983 0.00482943 -0.017811 0.016507 -0.197466 -0.980171 -0.00825074 -0.980298 0.197352 -0.100894 -0.0209599 -0.00796277 -0.0426 0.0426 0.2632 -0.2632 
0.0974211 -0.0164842 -0.961094 0.275729 -0.997279 0.0356233 0.0645489 -0.0718599 -0.273914 -0.959066 0.00177966 -0.134393 -0.0174906 -0.0232 0.0232 -0.1528 0.1528 
0.0971566 0.999844 0.0117296 0.013214 -0.0163883 0.336099 0.941684 0.00660438 -0.941754 0.336239 0.0890879 -0.0191755 0.00382903 -0.2782 0.2782 0.0166 -0.0166 
0.0970169 0.999844 0.0117296 0.013214 -0.0163883 0.336099 0.941684 0.00660438 -0.941754 0.336239 0.0886888 -0.0398404 0.0123614 -0.5398 0.5398 -0.208 0.208 
0.0969661 0.999836 -0.013206 -0.0123621 -0.0160822 -0.336075 -0.941698 0.00828144 0.941743 -0.336232 0.0996302 0.00634756 -0.0131348 -0.4958 0.4958 -0.2284 0.2284 
0.0969555 0.999836 -0.013206 -0.0123621 -0.0160822 -0.336075 -0.941698 0.00828144 0.941743 -0.336232 0.0700894 0.0452869 0.00947205 -0.1716 0.1716 0.3592 -0.3592 
0.0969413 0.0154371 0.259165 0.96571 0.997221 -0.0743959 0.00402466 0.0728878 0.962964 -0.259593 -0.00128329 0.10339 0.0230743 0.2368 -0.2368 0.5172 -0.5172 
0.0968948 0.0077641 -0.959222 0.282546 0.0717392 0.282361 0.956622 -0.997393 0.0128423 0.0710061 -0.00551131 -0.00085793 -0.0903419 0.2708 -0.2708 0.0136 -0.0136 
0.0959278 -0.99983 0.00482943 -0.017811 0.016507 -0.197466 -0.980171 -0.00825074 -0.980298 0.197352 -0.0997983 0.0488495 -0.00291814 -0.0402 0.0402 0.3258 -0.3258 
0.0948771 -0.99983 0.00482943 -0.017811 0.016507 -0.197466 -0.980171 -0.00825074 -0.980298 0.197352 -0.0901837 0.0194882 -0.0149794 0.2504 -0.2504 0.5456 -0.5456 
0.0944469 -0.999851 -0.00335309 0.0169591 0.0159634 0.197442 0.980185 -0.00663508 0.980309 -0.197359 -0.080835 -0.00724498 0.0144091 0.2476 -0.2476 0.5226 -0.5226 
0.0942361 0.0094212 0.95921 -0.282539 0.0721373 -0.282467 -0.956561 -0.99735 -0.0113696 -0.0718559 -0.00444511 -0.00646529 -0.0907371 0.0072 -0.0072 -0.248 0.248 
0.0941055 0.0094212 0.95921 -0.282539 0.0721373 -0.282467 -0.956561 -0.99735 -0.0113696 -0.0718559 -0.0148273 -0.0355019 -0.102947 -0.3632 0.3632 -0.3592 0.3592 
0.0934813 0.999844 0.0117296 0.013214 -0.0163883 0.336099 0.941684 0.00660438 -0.941754 0.336239 0.0888607 -0.0384017 -0.00758602 -0.0456 0.0456 0.2742 -0.2742 
0.0934746 -0.00777077 0.967599 -0.252373 -0.0721641 0.25118 0.965247 0.997363 0.025713 0.067874 -0.00543443 0.016092 0.0913664 0.0236 -0.0236 -0.23 0.23 
0.0926821 0.999836 -0.013206 -0.0123621 -0.0160822 -0.336075 -0.941698 0.00828144 0.941743 -0.336232 0.0996856 0.024135 0.0182277 0.1948 -0.1948 0.5406 -0.5406 
0.0926008 0.999844 0.0117296 0.013214 -0.0163883 0.336099 0.941684 0.00660438 -0.941754 0.336239 0.0999398 0.0397794 0.0182012 -0.5326 0.5326 -0.1592 0.1592 
0.091671 -0.00941453 -0.967586 0.252366 -0.0717124 -0.251074 -0.965308 0.997381 -0.0271857 -0.0670242 -0.00723174 -0.0201156 0.0987657 0.2196 -0.2196 0.0442 -0.0442 
0.0914723 -0.0164842 -0.961094 0.275729 -0.997279 0.0356233 0.0645489 -0.0718599 -0.273914 -0.959066 -0.0179747 -0.123376 -0.0268926 0.3912 -0.3912 0.3992 -0.3992 
0.091423 0.999836 -0.013206 -0.0123621 -0.0160822 -0.336075 -0.941698 0.00828144 0.941743 -0.336232 0.0886064 -0.0540461 -0.00755944 -0.2678 0.2678 0.0572 -0.0572 
0.0912749 -0.0148301 0.961117 -0.275742 -0.997275 -0.0341507 -0.0653987 -0.0722726 0.274021 0.959004 -0.00688575 -0.115426 -0.000552277 -0.0956 0.0956 -0.1972 0.1972 
0.091154 -0.00941453 -0.967586 0.252366 -0.0717124 -0.251074 -0.965308 0.997381 -0.0271857 -0.0670242 0.0129216 -0.0104675 0.0996352 -0.3372 0.3372 -0.362 0.362 
0.0907364 -0.999851 -0.00335309 0.0169591 0.0159634 0.197442 0.980185 -0.00663508 0.980309 -0.197359 -0.101286 -0.0453726 -0.00856983 -0.2596 0.2596 0.0606 -0.0606 
0.0905434 -0.00941453 -0.967586 0.252366 -0.0717124 -0.251074 -0.965308 0.997381 -0.0271857 -0.0670242 0.00292323 -0.0103052 0.0995607 -0.0016 0.0016 -0.1936 0.1936 
0.0901695 0.999844 0.0117296 0.013214 -0.0163883 0.336099 0.941684 0.00660438 -0.941754 0.336239 0.0997832 0.0298066 0.0174805 -0.5186 0.5186 -0.1528 0.1528 
0.0899718 0.0077641 -0.959222 0.282546 0.0717392 0.282361 0.956622 -0.997393 0.0128423 0.0710061 -0.0151259 0.0285033 -0.0782806 0.3932 -0.3932 0.3566 -0.3566 
0.0898775 -0.99983 0.00482943 -0.017811 0.016507 -0.197466 -0.980171 -0.00825074 -0.980298 0.197352 -0.100652 -0.0102677 -0.0172158 0.192 -0.192 0.5176 -0.5176 
0.0898591 -0.0154512 -0.275724 -0.961113 -0.997339 -0.0642375 0.0344621 -0.0712415 0.959088 -0.273998 -0.0298428 -0.0942219 -0.0114777 -0.3526 0.3526 0.1402 -0.1402 
0.0898571 0.0077641 -0.959222 0.282546 0.0717392 0.282361 0.956622 -0.997393 0.0128423 0.0710061 0.0148693 0.0280163 -0.0780573 -0.3396 0.3396 -0.376 0.376 
0.0898074 -0.99983 0.00482943 -0.017811 0.016507 -0.197466 -0.980171 -0.00825074 -0.980298 0.197352 -0.0812259 -0.0326961 0.0114129 -0.5532 0.5532 -0.2036 0.2036 
0.0891747 -0.0154512 -0.275724 -0.961113 -0.997339 -0.0642375 0.0344621 -0.0712415 0.959088 -0.273998 0.00982236 -0.106283 0.00804678 0.2424 -0.2424 0.5732 -0.5732 
0.0871955 0.0148337 -0.965714 0.259183 0.997305 -0.00433608 -0.0732347 0.0718477 0.259571 0.963048 0.0161141 0.14429 0.00835227 -0.2616 0.2616 -0.384 0.384 
0.0865399 -0.999851 -0.00335309 0.0169591 0.0159634 0.197442 0.980185 -0.00663508 0.980309 -0.197359 -0.0705788 -0.00524919 -0.0154376 -0.5098 0.5098 -0.112 0.112 
0.0865182 -0.00941453 -0.967586 0.252366 -0.0717124 -0.251074 -0.965308 0.997381 -0.0271857 -0.0670242 -0.0173867 -0.029926 0.0979706 0.3992 -0.3992 0.3802 -0.3802 
0.0860744 -0.0154512 -0.275724 -0.961113 -0.997339 -0.0642375 0.0344621 -0.0712415 0.959088 -0.273998 -0.000489188 -0.126066 0.00653102 0.2348 -0.2348 0.5652 -0.5652 
0.0860202 0.999836 -0.013206 -0.0123621 -0.0160822 -0.336075 -0.941698 0.00828144 0.941743 -0.336232 0.0785221 -0.0546031 0.00233985 -0.0336 0.0336 0.3032 -0.3032 
0.0854032 0.0158772 -0.259188 -0.965696 0.997332 0.0729233 -0.00317491 0.0712447 -0.96307 0.259655 -0.00661859 0.105722 -0.00803964 0.2512 -0.2512 0.5552 -0.5552 
0.0852471 -0.00941453 -0.967586 0.252366 -0.0717124 -0.251074 -0.965308 0.997381 -0.0271857 -0.0670242 0.0122954 -0.0503586 0.0967525 -0.3302 0.3302 -0.3392 0.3392 
0.0848531 -0.015863 0.275747 0.961099 -0.997214 0.06571 -0.0353118 -0.072891 -0.958982 0.273936 0.0152233 -0.134051 -0.0251457 0.202 -0.202 0.5722 -0.5722 
0.0847267 -0.015863 0.275747 0.961099 -0.997214 0.06571 -0.0353118 -0.072891 -0.958982 0.273936 0.0255196 -0.105734 -0.00296189 -0.3926 0.3926 0.1396 -0.1396 
0.0844888 -0.00941453 -0.967586 0.252366 -0.0717124 -0.251074 -0.965308 0.997381 -0.0271857 -0.0670242 0.00229695 -0.0501963 0.0966781 0.0012 -0.0012 -0.1528 0.1528 
0.0842193 -0.999851 -0.00335309 0.0169591 0.0159634 0.197442 0.980185 -0.00663508 0.980309 -0.197359 -0.101458 -0.0468114 0.0113776 0.2224 -0.2224 0.5736 -0.5736 
0.0838011 0.0158772 -0.259188 -0.965696 0.997332 0.0729233 -0.00317491 0.0712447 -0.96307 0.259655 0.0133782 0.105397 -0.00789078 0.248 -0.248 0.5686 -0.5686 
0.0836751 0.0094212 0.95921 -0.282539 0.0721373 -0.282467 -0.956561 -0.99735 -0.0113696 -0.0718559 -0.01359 0.0528143 -0.0765138 -0.3366 0.3366 -0.3532 0.3532 
0.0835944 0.0094212 0.95921 -0.282539 0.0721373 -0.282467 -0.956561 -0.99735 -0.0113696 -0.0718559 0.00485636 -0.0557721 -0.10424 0.0964 -0.0964 0.1298 -0.1298 
0.0835273 0.0094212 0.95921 -0.282539 0.0721373 -0.282467 -0.956561 -0.99735 -0.0113696 -0.0718559 -0.00514204 -0.0556098 -0.104314 -0.1432 0.1432 -0.1092 0.1092 
0.0828654 -0.0148301 0.961117 -0.275742 -0.997275 -0.0341507 -0.0653987 -0.0722726 0.274021 0.959004 0.00311265 -0.115589 -0.000477848 0.1744 -0.1744 0.0402 -0.0402 
0.0828172 0.999844 0.0117296 0.013214 -0.0163883 0.336099 0.941684 0.00660438 -0.941754 0.336239 0.0999551 0.0312454 -0.00246695 -0.0156 0.0156 0.3252 -0.3252 
0.082672 -0.00941453 -0.967586 0.252366 -0.0717124 -0.251074 -0.965308 0.997381 -0.0271857 -0.0670242 -0.0069186 -0.000170051 0.100207 0.2232 -0.2232 0.0286 -0.0286 
0.0826021 -0.999851 -0.00335309 0.0169591 0.0159634 0.197442 0.980185 -0.00663508 0.980309 -0.197359 -0.0902777 0.0235551 0.00652296 -0.0432 0.0432 0.2666 -0.2666 
0.0823906 -0.999851 -0.00335309 0.0169591 0.0159634 0.197442 0.980185 -0.00663508 0.980309 -0.197359 -0.0901059 0.0249938 -0.0134245 -0.5442 0.5442 -0.2152 0.2152 
0.0822124 0.0158772 -0.259188 -0.965696 0.997332 0.0729233 -0.00317491 0.0712447 -0.96307 0.259655 -0.0264035 0.133807 0.0238947 -0.6758 0.6758 -0.0416 0.0416 
0.0816113 0.0154371 0.259165 0.96571 0.997221 -0.0743959 0.00402466 0.0728878 0.962964 -0.259593 0.00887168 0.1132 0.0238694 0.2 -0.2 0.5362 -0.5362 
0.0815578 0.0094212 0.95921 -0.282539 0.0721373 -0.282467 -0.956561 -0.99735 -0.0113696 -0.0718559 0.0150113 -0.0459617 -0.103445 0.3552 -0.3552 0.3766 -0.3766 
0.0814433 -0.99983 0.00482943 -0.017811 0.016507 -0.197466 -0.980171 -0.00825074 -0.980298 0.197352 -0.101293 -0.0416248 0.000569621 -0.2956 0.2956 0.0382 -0.0382 
0.0807411 0.999836 -0.013206 -0.0123621 -0.0160822 -0.336075 -0.941698 0.00828144 0.941743 -0.336232 0.0991452 -0.0150367 0.00537136 0.0068 -0.0068 0.3046 -0.3046 
0.0804634 0.999844 0.0117296 0.013214 -0.0163883 0.336099 0.941684 0.00660438 -0.941754 0.336239 0.089002 -0.0198949 0.0138028 -0.5412 0.5412 -0.2236 0.2236 
0.0803871 0.999836 -0.013206 -0.0123621 -0.0160822 -0.336075 -0.941698 0.00828144 0.941743 -0.336232 0.100256 0.0462386 -0.0102521 -0.5612 0.5612 -0.1752 0.1752 
0.0802982 -0.999851 -0.00335309 0.0169591 0.0159634 0.197442 0.980185 -0.00663508 0.980309 -0.197359 -0.109648 0.0637708 0.00925676 -0.1752 0.1752 0.4392 -0.4392 
0.0781826 0.999844 0.0117296 0.013214 -0.0163883 0.336099 0.941684 0.00660438 -0.941754 0.336239 0.0891585 -0.00992212 0.0145234 -0.4958 0.4958 -0.2264 0.2264 
0.0778311 -0.99983 0.00482943 -0.017811 0.016507 -0.197466 -0.980171 -0.00825074 -0.980298 0.197352 -0.100965 -0.0302133 -0.0186572 0.194 -0.194 0.5338 -0.5338 
0.0770993 -0.99983 0.00482943 -0.017811 0.016507 -0.197466 -0.980171 -0.00825074 -0.980298 0.197352 -0.101536 -0.052317 0.00982268 -0.5396 0.5396 -0.188 0.188 
0.0770546 0.999844 0.0117296 0.013214 -0.0163883 0.336099 0.941684 0.00660438 -0.941754 0.336239 0.0902698 0.0513533 -0.00110005 -0.0446 0.0446 0.3402 -0.3402 
0.0761066 0.0077641 -0.959222 0.282546 0.0717392 0.282361 0.956622 -0.997393 0.0128423 0.0710061 -0.00589509 -0.0300569 -0.102478 0.2076 -0.2076 0.0652 -0.0652 
0.0760066 -0.999851 -0.00335309 0.0169591 0.0159634 0.197442 0.980185 -0.00663508 0.980309 -0.197359 -0.0910606 -0.0263088 0.00291965 -0.0012 0.0012 0.3148 -0.3148 
0.0759999 -0.00941453 -0.967586 0.252366 -0.0717124 -0.251074 -0.965308 0.997381 -0.0271857 -0.0670242 -0.00707517 -0.0101428 0.0994863 0.2224 -0.2224 0.0362 -0.0362 
0.0755762 -0.00941453 -0.967586 0.252366 -0.0717124 -0.251074 -0.965308 0.997381 -0.0271857 -0.0670242 0.0030798 -0.000332404 0.100281 -0.0076 0.0076 -0.2 0.2 
0.0753393 -0.00777077 0.967599 -0.252373 -0.0721641 0.25118 0.965247 0.997363 0.025713 0.067874 -0.0156601 -0.00297182 0.0798769 -0.3402 0.3402 -0.3712 0.3712 
0.0748452 -0.00941453 -0.967586 0.252366 -0.0717124 -0.251074 -0.965308 0.997381 -0.0271857 -0.0670242 0.0123106 -0.0588926 0.0760844 -0.3432 0.3432 -0.3244 0.3244 
0.0745939 -0.00777077 0.967599 -0.252373 -0.0721641 0.25118 0.965247 0.997363 0.025713 0.067874 -0.0163016 -0.0343289 0.0976623 -0.3568 0.3568 -0.376 0.376 
0.0745321 -0.999851 -0.00335309 0.0169591 0.0159634 0.197442 0.980185 -0.00663508 0.980309 -0.197359 -0.100988 -0.016893 0.0135396 0.2468 -0.2468 0.5746 -0.5746 
0.0734089 -0.00777077 0.967599 -0.252373 -0.0721641 0.25118 0.965247 0.997363 0.025713 0.067874 -0.00630321 -0.0344912 0.0977368 -0.0408 0.0408 -0.1972 0.1972 
0.073359 0.0077641 -0.959222 0.282546 0.0717392 0.282361 0.956622 -0.997393 0.0128423 0.0710061 -0.00591038 -0.0215229 -0.0818095 0.1508 -0.1508 0.1296 -0.1296 
0.072899 -0.00777077 0.967599 -0.252373 -0.0721641 0.25118 0.965247 0.997363 0.025713 0.067874 0.0136936 -0.0348159 0.0978856 0.3748 -0.3748 0.3556 -0.3556 
0.0725814 0.0077641 -0.959222 0.282546 0.0717392 0.282361 0.956622 -0.997393 0.0128423 0.0710061 0.00408803 -0.0216852 -0.081735 -0.0888 0.0888 -0.1092 0.1092 
0.0725029 0.999836 -0.013206 -0.0123621 -0.0160822 -0.336075 -0.941698 0.00828144 0.941743 -0.336232 0.0988321 -0.0349823 0.00393003 -0.0082 0.0082 0.3092 -0.3092 
0.0721877 0.999836 -0.013206 -0.0123621 -0.0160822 -0.336075 -0.941698 0.00828144 0.941743 -0.336232 0.0889043 -0.0255665 0.01455 0.2448 -0.2448 0.5712 -0.5712 
0.0717097 0.999836 -0.013206 -0.0123621 -0.0160822 -0.336075 -0.941698 0.00828144 0.941743 -0.336232 0.0888489 -0.0433539 -0.0168125 -0.5132 0.5132 -0.1708 0.1708 
0.0699189 0.0094212 0.95921 -0.282539 0.0721373 -0.282467 -0.956561 -0.99735 -0.0113696 -0.0718559 -0.0050714 -0.0463564 -0.0936198 -0.0402 0.0402 -0.2164 0.2164 
0.0698358 -0.0154512 -0.275724 -0.961113 -0.997339 -0.0642375 0.0344621 -0.0712415 0.959088 -0.273998 -0.0202435 -0.115049 -0.00287089 -0.0248 0.0248 0.3306 -0.3306 
0.0694805 0.0158772 -0.259188 -0.965696 0.997332 0.0729233 -0.00317491 0.0712447 -0.96307 0.259655 0.0040061 0.145451 -0.00508256 0.1944 -0.1944 0.7146 -0.7146 
0.0686124 0.0154371 0.259165 0.96571 0.997221 -0.0743959 0.00402466 0.0728878 0.962964 -0.259593 -0.0112817 0.103552 0.0229999 0.2268 -0.2268 0.5282 -0.5282 
0.0680008 0.0077641 -0.959222 0.282546 0.0717392 0.282361 0.956622 -0.997393 0.0128423 0.0710061 -0.0158935 -0.0298945 -0.102552 0.3852 -0.3852 0.3836 -0.3836 
0.0666333 -0.015863 0.275747 0.961099 -0.997214 0.06571 -0.0353118 -0.072891 -0.958982 0.273936 -0.00456154 -0.105966 0.00678854 -0.5482 0.5482 -0.2252 0.2252 
0.0662519 0.0158772 -0.259188 -0.965696 0.997332 0.0729233 -0.00317491 0.0712447 -0.96307 0.259655 -0.0165463 0.115138 0.00258032 -0.0262 0.0262 0.3292 -0.3292 
0.0658977 0.999844 0.0117296 0.013214 -0.0163883 0.336099 0.941684 0.00660438 -0.941754 0.336239 0.0987884 -0.0478174 -0.018206 0.204 -0.204 0.5556 -0.5556 
0.0656009 0.0158772 -0.259188 -0.965696 0.997332 0.0729233 -0.00317491 0.0712447 -0.96307 0.259655 0.013277 0.113212 0.022751 -0.5116 0.5116 -0.168 0.168 
0.0648808 -0.00941453 -0.967586 0.252366 -0.0717124 -0.251074 -0.965308 0.997381 -0.0271857 -0.0670242 -0.00768618 -0.0585679 0.0759356 0.1404 -0.1404 0.1622 -0.1622 
0.064839 -0.00941453 -0.967586 0.252366 -0.0717124 -0.251074 -0.965308 0.997381 -0.0271857 -0.0670242 0.00231223 -0.0587303 0.07601 -0.0992 0.0992 -0.076 0.076 
0.0646125 -0.015863 0.275747 0.961099 -0.997214 0.06571 -0.0353118 -0.072891 -0.958982 0.273936 0.0256915 -0.104295 -0.0229093 0.1136 -0.1136 0.6708 -0.6708 
0.0641362 -0.99983 0.00482943 -0.017811 0.016507 -0.197466 -0.980171 -0.00825074 -0.980298 0.197352 -0.0997124 0.0495689 -0.0128919 0.2024 -0.2024 0.6022 -0.6022 
0.0633268 0.0158772 -0.259188 -0.965696 0.997332 0.0729233 -0.00317491 0.0712447 -0.96307 0.259655 -0.0166323 0.114418 0.012554 -0.2692 0.2692 0.0826 -0.0826 
0.0627385 0.999844 0.0117296 0.013214 -0.0163883 0.336099 0.941684 0.00660438 -0.941754 0.336239 0.100253 0.0597249 0.0196425 -0.6842 0.6842 -0.0616 0.0616 
0.0610789 0.0094212 0.95921 -0.282539 0.0721373 -0.282467 -0.956561 -0.99735 -0.0113696 -0.0718559 0.0164052 0.0523272 -0.0762906 0.398 -0.398 0.3792 -0.3792 
0.0608465 -0.00777077 0.967599 -0.252373 -0.0721641 0.25118 0.965247 0.997363 0.025713 0.067874 0.0140067 -0.0148704 0.099327 0.384 -0.384 0.3608 -0.3608 
0.0607531 0.0094212 0.95921 -0.282539 0.0721373 -0.282467 -0.956561 -0.99735 -0.0113696 -0.0718559 0.00492701 -0.0465187 -0.0935453 0.2008 -0.2008 0.0232 -0.0232 
0.0604244 0.0164805 0.965691 -0.25917 0.997248 0.00286353 0.0740845 0.0722849 -0.259677 -0.962986 0.00684804 0.114918 0.000535288 0.1728 -0.1728 0.1276 -0.1276 
0.0592988 -0.00777077 0.967599 -0.252373 -0.0721641 0.25118 0.965247 0.997363 0.025713 0.067874 -0.00505064 0.0452909 0.103502 -0.0618 0.0618 -0.116 0.116 
0.0553685 0.0077641 -0.959222 0.282546 0.0717392 0.282361 0.956622 -0.997393 0.0128423 0.0710061 0.0139299 -0.0318203 -0.0823813 -0.3348 0.3348 -0.352 0.352 
0.0524159 0.999836 -0.013206 -0.0123621 -0.0160822 -0.336075 -0.941698 0.00828144 0.941743 -0.336232 0.0800019 0.0444052 0.0195202 0.178 -0.178 0.5748 -0.5748 
0.0495547 -0.00941453 -0.967586 0.252366 -0.0717124 -0.251074 -0.965308 0.997381 -0.0271857 -0.0670242 0.00370609 0.0395587 0.103164 -0.0462 0.0462 -0.1668 0.1668 
0.0488055 0.0094212 0.95921 -0.282539 0.0721373 -0.282467 -0.956561 -0.99735 -0.0113696 -0.0718559 -0.00451576 -0.0157187 -0.101431 -0.0246 0.0246 -0.1964 0.1964 
0.0486078 -0.0148301 0.961117 -0.275742 -0.997275 -0.0341507 -0.0653987 -0.0722726 0.274021 0.959004 0.0126413 -0.145669 -0.00256541 0.3784 -0.3784 0.3182 -0.3182 
0.0483473 -0.999851 -0.00335309 0.0169591 0.0159634 0.197442 0.980185 -0.00663508 0.980309 -0.197359 -0.0899646 0.0435006 0.00796429 -0.0518 0.0518 0.3016 -0.3016 
0.0479585 -0.999851 -0.00335309 0.0169591 0.0159634 0.197442 0.980185 -0.00663508 0.980309 -0.197359 -0.0902071 0.0328084 0.0172173 0.1812 -0.1812 0.5422 -0.5422 
0.0473273 -0.00777077 0.967599 -0.252373 -0.0721641 0.25118 0.965247 0.997363 0.025713 0.067874 -0.0159885 -0.0143834 0.0991037 -0.3472 0.3472 -0.3712 0.3712 
0.0465454 -0.0154512 -0.275724 -0.961113 -0.997339 -0.0642375 0.0344621 -0.0712415 0.959088 -0.273998 -0.0205414 -0.143529 -0.0249803 -0.6682 0.6682 -0.1244 0.1244 
0.0460448 0.999844 0.0117296 0.013214 -0.0163883 0.336099 0.941684 0.00660438 -0.941754 0.336239 0.0905123 0.0620454 -0.0103531 0.0844 -0.0844 0.7138 -0.7138 
0.0455888 -0.00941453 -0.967586 0.252366 -0.0717124 -0.251074 -0.965308 0.997381 -0.0271857 -0.0670242 0.0130782 -0.000494756 0.100356 -0.2732 0.2732 -0.3632 0.3632 
0.0444714 -0.99983 0.00482943 -0.017811 0.016507 -0.197466 -0.980171 -0.00825074 -0.980298 0.197352 -0.0901283 0.0372756 0.0163831 -0.5162 0.5162 -0.1624 0.1624 
0.0444297 0.0077641 -0.959222 0.282546 0.0717392 0.282361 0.956622 -0.997393 0.0128423 0.0710061 -0.00512752 0.028341 -0.0782061 0.1444 -0.1444 0.1188 -0.1188 
0.0444121 0.0094212 0.95921 -0.282539 0.0721373 -0.282467 -0.956561 -0.99735 -0.0113696 -0.0718559 0.0157789 0.0124362 -0.0791732 0.3992 -0.3992 0.3546 -0.3546 
0.043968 0.999836 -0.013206 -0.0123621 -0.0160822 -0.336075 -0.941698 0.00828144 0.941743 -0.336232 0.0898437 0.0342701 0.018874 0.1864 -0.1864 0.5446 -0.5446 
0.0437333 -0.999851 -0.00335309 0.0169591 0.0159634 0.197442 0.980185 -0.00663508 0.980309 -0.197359 -0.0899493 0.0349666 -0.0127038 -0.5658 0.5658 -0.2024 0.2024 
0.0435104 0.999836 -0.013206 -0.0123621 -0.0160822 -0.336075 -0.941698 0.00828144 0.941743 -0.336232 0.0886924 -0.0533267 -0.0175332 -0.5296 0.5296 -0.1828 0.1828 
0.0433684 0.0077641 -0.959222 0.282546 0.0717392 0.282361 0.956622 -0.997393 0.0128423 0.0710061 -0.0160501 -0.0398673 -0.103273 0.3824 -0.3824 0.3958 -0.3958 
0.0415902 0.999844 0.0117296 0.013214 -0.0163883 0.336099 0.941684 0.00660438 -0.941754 0.336239 0.100096 0.0497521 0.0189218 -0.5588 0.5588 -0.1508 0.1508 
0.0411754 -0.99983 0.00482943 -0.017811 0.016507 -0.197466 -0.980171 -0.00825074 -0.980298 0.197352 -0.0800287 0.0292986 -0.0141843 0.2288 -0.2288 0.5836 -0.5836 
0.0410599 -0.999851 -0.00335309 0.0169591 0.0159634 0.197442 0.980185 -0.00663508 0.980309 -0.197359 -0.0996346 0.0550745 -0.0113369 -0.5822 0.5822 -0.1672 0.1672 
0.0402706 -0.00941453 -0.967586 0.252366 -0.0717124 -0.251074 -0.965308 0.997381 -0.0271857 -0.0670242 -0.00738832 -0.0300884 0.098045 0.214 -0.214 0.0712 -0.0712 
0.0394682 0.999836 -0.013206 -0.0123621 -0.0160822 -0.336075 -0.941698 0.00828144 0.941743 -0.336232 0.0901015 0.0364282 -0.0110472 -0.5606 0.5606 -0.2004 0.2004 
0.0381224 -0.99983 0.00482943 -0.017811 0.016507 -0.197466 -0.980171 -0.00825074 -0.980298 0.197352 -0.0813825 -0.0426689 0.0106922 -0.5458 0.5458 -0.1956 0.1956 
0.0372357 -0.99983 0.00482943 -0.017811 0.016507 -0.197466 -0.980171 -0.00825074 -0.980298 0.197352 -0.0911231 -0.0403484 -0.0193034 0.1916 -0.1916 0.5412 -0.5412 
0.0370844 -0.999851 -0.00335309 0.0169591 0.0159634 0.197442 0.980185 -0.00663508 0.980309 -0.197359 -0.101301 -0.0368386 0.0120983 0.2312 -0.2312 0.5818 -0.5818 
0.0368516 -0.999851 -0.00335309 0.0169591 0.0159634 0.197442 0.980185 -0.00663508 0.980309 -0.197359 -0.0912019 -0.0448156 -0.0184691 -0.5186 0.5186 -0.184 0.184 
0.0361169 -0.00941453 -0.967586 0.252366 -0.0717124 -0.251074 -0.965308 0.997381 -0.0271857 -0.0670242 0.0126085 -0.0304131 0.0981938 -0.3326 0.3326 -0.3536 0.3536 
0.0360506 0.999836 -0.013206 -0.0123621 -0.0160822 -0.336075 -0.941698 0.00828144 0.941743 -0.336232 0.0884346 -0.0554848 0.012388 0.2152 -0.2152 0.5622 -0.5622 
0.0358025 -0.99983 0.00482943 -0.017811 0.016507 -0.197466 -0.980171 -0.00825074 -0.980298 0.197352 -0.0898705 0.0394338 -0.0135381 0.2248 -0.2248 0.5892 -0.5892 
0.0356763 0.999836 -0.013206 -0.0123621 -0.0160822 -0.336075 -0.941698 0.00828144 0.941743 -0.336232 0.0999433 0.0262931 -0.0116934 -0.5602 0.5602 -0.2084 0.2084 
0.0356662 0.999844 0.0117296 0.013214 -0.0163883 0.336099 0.941684 0.00660438 -0.941754 0.336239 0.0896282 0.0199962 0.0166854 -0.4986 0.4986 -0.1736 0.1736 
0.0354377 -0.99983 0.00482943 -0.017811 0.016507 -0.197466 -0.980171 -0.00825074 -0.980298 0.197352 -0.0912797 -0.0503212 -0.0200241 0.2072 -0.2072 0.5546 -0.5546 
0.035148 0.0077641 -0.959222 0.282546 0.0717392 0.282361 0.956622 -0.997393 0.0128423 0.0710061 0.00551245 0.0595357 -0.0959172 -0.0938 0.0938 -0.1256 0.1256 
0.034389 0.999844 0.0117296 0.013214 -0.0163883 0.336099 0.941684 0.00660438 -0.941754 0.336239 0.0903557 0.0520726 -0.0110738 0.196 -0.196 0.5976 -0.5976 
0.0343157 0.0077641 -0.959222 0.282546 0.0717392 0.282361 0.956622 -0.997393 0.0128423 0.0710061 0.00518403 0.0481242 -0.0766904 -0.1102 0.1102 -0.1172 0.1172 
0.0340279 0.999836 -0.013206 -0.0123621 -0.0160822 -0.336075 -0.941698 0.00828144 0.941743 -0.336232 0.0990593 -0.0157561 0.0153451 0.2472 -0.2472 0.5682 -0.5682 
0.0307832 -0.015863 0.275747 0.961099 -0.997214 0.06571 -0.0353118 -0.072891 -0.958982 0.273936 0.0152787 -0.116264 0.00621674 -0.5478 0.5478 -0.1932 0.1932 
0.0307523 -0.99983 0.00482943 -0.017811 0.016507 -0.197466 -0.980171 -0.00825074 -0.980298 0.197352 -0.10091 -0.0124259 0.0127053 -0.5522 0.5522 -0.2252 0.2252 
0.027703 -0.00941453 -0.967586 0.252366 -0.0717124 -0.251074 -0.965308 0.997381 -0.0271857 -0.0670242 -0.00627703 0.031187 0.0824215 0.1296 -0.1296 0.1138 -0.1138 
0.0275758 -0.00941453 -0.967586 0.252366 -0.0717124 -0.251074 -0.965308 0.997381 -0.0271857 -0.0670242 0.00340823 0.0110791 0.0810546 -0.1002 0.1002 -0.1208 0.1208 
0.027538 -0.00941453 -0.967586 0.252366 -0.0717124 -0.251074 -0.965308 0.997381 -0.0271857 -0.0670242 0.00372137 0.0310247 0.082496 -0.1096 0.1096 -0.1256 0.1256 
0.0274402 -0.999851 -0.00335309 0.0169591 0.0159634 0.197442 0.980185 -0.00663508 0.980309 -0.197359 -0.0800521 0.0426189 0.0180124 0.1768 -0.1768 0.5568 -0.5568 
0.0266863 0.0154371 0.259165 0.96571 0.997221 -0.0743959 0.00402466 0.0728878 0.962964 -0.259593 0.0289697 0.105061 -0.00662356 -0.6522 0.6522 -0.1056 0.1056 
0.0254589 -0.99983 0.00482943 -0.017811 0.016507 -0.197466 -0.980171 -0.00825074 -0.980298 0.197352 -0.0999702 0.0474107 0.0170293 -0.5436 0.5436 -0.1588 0.1588 
0.0248999 0.0158772 -0.259188 -0.965696 0.997332 0.0729233 -0.00317491 0.0712447 -0.96307 0.259655 -0.0167182 0.113699 0.0225278 -0.5326 0.5326 -0.1552 0.1552 
0.0241805 -0.99983 0.00482943 -0.017811 0.016507 -0.197466 -0.980171 -0.00825074 -0.980298 0.197352 -0.0716113 -0.0620574 -0.000648418 -0.3782 0.3782 0.1722 -0.1722 
0.024151 0.999836 -0.013206 -0.0123621 -0.0160822 -0.336075 -0.941698 0.00828144 0.941743 -0.336232 0.0885912 -0.0455121 0.0131087 0.2272 -0.2272 0.5782 -0.5782 
0.0226737 -0.999851 -0.00335309 0.0169591 0.0159634 0.197442 0.980185 -0.00663508 0.980309 -0.197359 -0.0997911 0.0451017 -0.0120576 -0.5696 0.5696 -0.1872 0.1872 
0.0223073 0.0154371 0.259165 0.96571 0.997221 -0.0743959 0.00402466 0.0728878 0.962964 -0.259593 0.0191279 0.115196 -0.00597732 -0.5786 0.5786 -0.1872 0.1872 
0.0220737 -0.999851 -0.00335309 0.0169591 0.0159634 0.197442 0.980185 -0.00663508 0.980309 -0.197359 -0.0698971 0.0524293 0.0188075 0.0848 -0.0848 0.5966 -0.5966 
0.0165002 0.999844 0.0117296 0.013214 -0.0163883 0.336099 0.941684 0.00660438 -0.941754 0.336239 0.0800442 0.0322895 -0.0125895 0.2196 -0.2196 0.5956 -0.5956 
0.0156329 -0.0154512 -0.275724 -0.961113 -0.997339 -0.0642375 0.0344621 -0.0712415 0.959088 -0.273998 -0.0201729 -0.105796 0.00782349 0.2256 -0.2256 0.5888 -0.5888 
0.0146552 0.0094212 0.95921 -0.282539 0.0721373 -0.282467 -0.956561 -0.99735 -0.0113696 -0.0718559 0.0151679 -0.0359889 -0.102724 0.3688 -0.3688 0.3728 -0.3728 
0.0128516 0.0154371 0.259165 0.96571 0.997221 -0.0743959 0.00402466 0.0728878 0.962964 -0.259593 0.0190267 0.12301 0.0246645 0.1696 -0.1696 0.5766 -0.5766 
0.0125697 -0.99983 0.00482943 -0.017811 0.016507 -0.197466 -0.980171 -0.00825074 -0.980298 0.197352 -0.0798168 0.0570588 0.0178988 -0.6006 0.6006 -0.1828 0.1828 
0.0122284 -0.99983 0.00482943 -0.017811 0.016507 -0.197466 -0.980171 -0.00825074 -0.980298 0.197352 -0.0996417 0.0588223 -0.00219747 -0.1136 0.1136 0.4192 -0.4192 
0.0113918 0.999836 -0.013206 -0.0123621 -0.0160822 -0.336075 -0.941698 0.00828144 0.941743 -0.336232 0.0902428 0.054935 0.0103416 -0.1052 0.1052 0.3546 -0.3546 
0.0106941 0.999844 0.0117296 0.013214 -0.0163883 0.336099 0.941684 0.00660438 -0.941754 0.336239 0.0802008 0.0422622 -0.0118689 0.21 -0.21 0.5888 -0.5888 
