0.132615 -0.00427656 -0.233044 -0.972457 0.999252 -0.0383677 0.0048002 -0.0384296 -0.971709 0.233033 -0.00890725 0.08042 0.000688465 0.1612 -0.1612 -0.3836 0.3836 
0.132106 0.00470232 -0.30161 -0.95342 -0.99925 0.0352375 -0.0160756 0.0384447 0.95278 -0.301218 -0.00777911 -0.0997925 -0.00137489 0.1612 -0.1612 -0.3868 0.3868 
0.131997 0.00433529 0.301603 0.953424 -0.999314 -0.033762 0.0152241 0.0367811 -0.952836 0.30125 0.00750003 -0.0993701 0.00801128 0.1632 -0.1632 -0.3852 0.3852 
0.131486 -0.00427656 -0.233044 -0.972457 0.999252 -0.0383677 0.0048002 -0.0384296 -0.971709 0.233033 0.00108632 0.0804785 0.00104228 0.1608 -0.1608 -0.3844 0.3844 
0.131394 -0.00476105 0.23305 0.972453 0.999311 0.0368922 -0.00394874 -0.0367962 0.971765 -0.233065 -0.00299227 0.0801217 -0.00794734 0.1592 -0.1592 -0.386 0.386 
0.131026 0.00470232 -0.30161 -0.95342 -0.99925 0.0352375 -0.0160756 0.0384447 0.95278 -0.301218 0.0222016 -0.099617 -0.000313438 0.1612 -0.1612 -0.3812 0.3812 
0.130974 0.00470232 -0.30161 -0.95342 -0.99925 0.0352375 -0.0160756 0.0384447 0.95278 -0.301218 0.00221445 -0.099734 -0.00102107 0.1624 -0.1624 -0.3856 0.3856 
0.130963 -0.00476105 0.23305 0.972453 0.999311 0.0368922 -0.00394874 -0.0367962 0.971765 -0.233065 0.0169949 0.0802388 -0.00723971 0.158 -0.158 -0.3828 0.3828 
0.130695 0.00433529 0.301603 0.953424 -0.999314 -0.033762 0.0152241 0.0367811 -0.952836 0.30125 -0.00249354 -0.0994286 0.00765747 0.1644 -0.1644 -0.3836 0.3836 
0.130682 -0.00476105 0.23305 0.972453 0.999311 0.0368922 -0.00394874 -0.0367962 0.971765 -0.233065 0.0070013 0.0801802 -0.00759352 0.1592 -0.1592 -0.386 0.386 
0.13063 0.00433529 0.301603 0.953424 -0.999314 -0.033762 0.0152241 0.0367811 -0.952836 0.30125 -0.0224807 -0.0995457 0.00694984 0.162 -0.162 -0.3788 0.3788 
0.130405 0.00470232 -0.30161 -0.95342 -0.99925 0.0352375 -0.0160756 0.0384447 0.95278 -0.301218 -0.0277662 -0.0999095 -0.00208252 0.1532 -0.1532 -0.3812 0.3812 
0.130405 0.00433529 0.301603 0.953424 -0.999314 -0.033762 0.0152241 0.0367811 -0.952836 0.30125 0.0174936 -0.0993116 0.0083651 0.1608 -0.1608 -0.3832 0.3832 
0.130033 -0.00427656 -0.233044 -0.972457 0.999252 -0.0383677 0.0048002 -0.0384296 -0.971709 0.233033 0.0210735 0.0805956 0.00174991 0.1544 -0.1544 -0.3832 0.3832 
0.129897 -0.00427656 -0.233044 -0.972457 0.999252 -0.0383677 0.0048002 -0.0384296 -0.971709 0.233033 0.0110347 0.0905299 0.00101997 0.1596 -0.1596 -0.3796 0.3796 
0.129392 0.00470232 -0.30161 -0.95342 -0.99925 0.0352375 -0.0160756 0.0384447 0.95278 -0.301218 -0.028122 -0.0995353 0.00790414 0.3996 -0.3996 -0.1348 0.1348 
0.128987 0.00470232 -0.30161 -0.95342 -0.99925 0.0352375 -0.0160756 0.0384447 0.95278 -0.301218 0.012208 -0.0996755 -0.000667254 0.1632 -0.1632 -0.3848 0.3848 
0.128924 -0.00476105 0.23305 0.972453 0.999311 0.0368922 -0.00394874 -0.0367962 0.971765 -0.233065 -0.0229794 0.0800047 -0.00865497 0.152 -0.152 -0.3852 0.3852 
0.12882 0.00433529 0.301603 0.953424 -0.999314 -0.033762 0.0152241 0.0367811 -0.952836 0.30125 0.0274872 -0.0992531 0.00871892 0.1552 -0.1552 -0.378 0.378 
0.128673 0.00433529 0.301603 0.953424 -0.999314 -0.033762 0.0152241 0.0367811 -0.952836 0.30125 -0.0324742 -0.0996042 0.00659602 0.1552 -0.1552 -0.3688 0.3688 
0.128512 -0.00476105 0.23305 0.972453 0.999311 0.0368922 -0.00394874 -0.0367962 0.971765 -0.233065 -0.0129858 0.0800632 -0.00830116 0.1568 -0.1568 -0.3864 0.3864 
0.128336 0.00470232 -0.30161 -0.95342 -0.99925 0.0352375 -0.0160756 0.0384447 0.95278 -0.301218 0.0321952 -0.0995585 4.03782e-005 0.1532 -0.1532 -0.3712 0.3712 
0.12831 -0.00476105 0.23305 0.972453 0.999311 0.0368922 -0.00394874 -0.0367962 0.971765 -0.233065 -0.032973 0.0799462 -0.00900879 0.1432 -0.1432 -0.3784 0.3784 
0.128152 0.00433529 0.301603 0.953424 -0.999314 -0.033762 0.0152241 0.0367811 -0.952836 0.30125 0.0378365 -0.0995689 -0.000913926 0.3884 -0.3884 -0.1216 0.1216 
0.128034 0.00433529 0.301603 0.953424 -0.999314 -0.033762 0.0152241 0.0367811 -0.952836 0.30125 -0.0124871 -0.0994872 0.00730365 0.1636 -0.1636 -0.382 0.382 
0.127872 -0.00427656 -0.233044 -0.972457 0.999252 -0.0383677 0.0048002 -0.0384296 -0.971709 0.233033 0.031067 0.0806541 0.00210373 0.1456 -0.1456 -0.3748 0.3748 
0.127862 -0.0353671 -0.271655 -0.961745 0.0382548 0.961274 -0.272928 0.998642 -0.0464441 -0.0236054 0.0686887 0.00934222 0.0818 0.3972 -0.3972 -0.1464 0.1464 
0.127528 -0.00476105 0.23305 0.972453 0.999311 0.0368922 -0.00394874 -0.0367962 0.971765 -0.233065 0.0265875 0.0906644 0.00272464 0.3964 -0.3964 -0.128 0.128 
0.127519 -0.00476105 0.23305 0.972453 0.999311 0.0368922 -0.00394874 -0.0367962 0.971765 -0.233065 -0.0333287 0.0803205 0.000977869 0.394 -0.394 -0.1284 0.1284 
0.127427 -0.00427656 -0.233044 -0.972457 0.999252 -0.0383677 0.0048002 -0.0384296 -0.971709 0.233033 -0.018946 0.0903544 -4.14804e-005 0.1604 -0.1604 -0.376 0.376 
0.127256 0.00470232 -0.30161 -0.95342 -0.99925 0.0352375 -0.0160756 0.0384447 0.95278 -0.301218 0.0318394 -0.0991842 0.010027 0.3992 -0.3992 -0.1264 0.1264 
0.127046 0.00470232 -0.30161 -0.95342 -0.99925 0.0352375 -0.0160756 0.0384447 0.95278 -0.301218 -0.0177727 -0.099851 -0.0017287 0.1584 -0.1584 -0.3848 0.3848 
0.126442 -0.00476105 0.23305 0.972453 0.999311 0.0368922 -0.00394874 -0.0367962 0.971765 -0.233065 -0.0233804 0.0903718 0.000955556 0.3992 -0.3992 -0.1344 0.1344 
0.125798 -0.00427656 -0.233044 -0.972457 0.999252 -0.0383677 0.0048002 -0.0384296 -0.971709 0.233033 -0.0288944 0.080303 -1.91674e-005 0.1564 -0.1564 -0.3732 0.3732 
0.125674 -0.00427656 -0.233044 -0.972457 0.999252 -0.0383677 0.0048002 -0.0384296 -0.971709 0.233033 0.021384 0.0902141 -0.00861287 0.3996 -0.3996 -0.1332 0.1332 
0.125361 0.00433529 0.301603 0.953424 -0.999314 -0.033762 0.0152241 0.0367811 -0.952836 0.30125 0.0277977 -0.0896346 -0.00164387 0.3988 -0.3988 -0.118 0.118 
0.125214 -0.00427656 -0.233044 -0.972457 0.999252 -0.0383677 0.0048002 -0.0384296 -0.971709 0.233033 -0.0285838 0.0899216 -0.010382 0.3984 -0.3984 -0.1264 0.1264 
0.125102 0.0357929 -0.262999 -0.964132 -0.0382523 -0.964404 0.261653 -0.998627 0.027515 -0.0445791 0.075098 0.00145133 -0.0979271 0.1672 -0.1672 -0.3792 0.3792 
0.125074 -0.00476105 0.23305 0.972453 0.999311 0.0368922 -0.00394874 -0.0367962 0.971765 -0.233065 0.0366262 0.0807301 0.00345458 0.3932 -0.3932 -0.1104 0.1104 
0.124802 -0.00427656 -0.233044 -0.972457 0.999252 -0.0383677 0.0048002 -0.0384296 -0.971709 0.233033 -0.0389331 0.0902373 -0.000749113 0.144 -0.144 -0.3552 0.3552 
0.124802 -0.00476105 0.23305 0.972453 0.999311 0.0368922 -0.00394874 -0.0367962 0.971765 -0.233065 0.0269884 0.0802973 -0.00688589 0.1528 -0.1528 -0.3752 0.3752 
0.124659 0.00470232 -0.30161 -0.95342 -0.99925 0.0352375 -0.0160756 0.0384447 0.95278 -0.301218 -0.0381156 -0.0995938 0.00755032 0.3856 -0.3856 -0.1236 0.1236 
0.124548 0.00470232 -0.30161 -0.95342 -0.99925 0.0352375 -0.0160756 0.0384447 0.95278 -0.301218 -0.037805 -0.0899752 -0.00281246 0.13 -0.13 -0.3608 0.3608 
0.124476 0.0357929 -0.262999 -0.964132 -0.0382523 -0.964404 0.261653 -0.998627 0.027515 -0.0445791 -0.075517 0.00132227 -0.083261 0.1584 -0.1584 -0.352 0.352 
0.124191 -0.00427656 -0.233044 -0.972457 0.999252 -0.0383677 0.0048002 -0.0384296 -0.971709 0.233033 0.0314228 0.0802798 -0.00788293 0.3964 -0.3964 -0.1256 0.1256 
0.124067 0.0357929 -0.262999 -0.964132 -0.0382523 -0.964404 0.261653 -0.998627 0.027515 -0.0445791 0.0554666 0.000960027 -0.108621 0.1628 -0.1628 -0.3764 0.3764 
0.123895 -0.00476105 0.23305 0.972453 0.999311 0.0368922 -0.00394874 -0.0367962 0.971765 -0.233065 0.036982 0.0803558 -0.00653208 0.1396 -0.1396 -0.3616 0.3616 
0.123887 -0.00476105 0.23305 0.972453 0.999311 0.0368922 -0.00394874 -0.0367962 0.971765 -0.233065 -0.0430117 0.0898805 -0.00973873 0.1292 -0.1292 -0.3556 0.3556 
0.123342 0.00433529 0.301603 0.953424 -0.999314 -0.033762 0.0152241 0.0367811 -0.952836 0.30125 -0.0424678 -0.0996627 0.0062422 0.1392 -0.1392 -0.3516 0.3516 
0.122913 0.00470232 -0.30161 -0.95342 -0.99925 0.0352375 -0.0160756 0.0384447 0.95278 -0.301218 0.0421887 -0.0995 0.000394194 0.1372 -0.1372 -0.3544 0.3544 
0.122825 -0.00427656 -0.233044 -0.972457 0.999252 -0.0383677 0.0048002 -0.0384296 -0.971709 0.233033 0.0410154 0.0907054 0.00208142 0.132 -0.132 -0.354 0.354 
0.122672 0.00470232 -0.30161 -0.95342 -0.99925 0.0352375 -0.0160756 0.0384447 0.95278 -0.301218 0.041833 -0.0991257 0.0103809 0.382 -0.382 -0.1104 0.1104 
0.122566 0.00433529 0.301603 0.953424 -0.999314 -0.033762 0.0152241 0.0367811 -0.952836 0.30125 -0.0321637 -0.0899856 -0.00376677 0.3952 -0.3952 -0.114 0.114 
0.122391 0.00433529 0.301603 0.953424 -0.999314 -0.033762 0.0152241 0.0367811 -0.952836 0.30125 -0.042112 -0.100037 -0.00374446 0.384 -0.384 -0.108 0.108 
0.122243 -0.0353671 -0.271655 -0.961745 0.0382548 0.961274 -0.272928 0.998642 -0.0464441 -0.0236054 -0.0815254 -0.00115395 0.0868556 0.1408 -0.1408 -0.3836 0.3836 
0.122243 -0.0353671 -0.271655 -0.961745 0.0382548 0.961274 -0.272928 0.998642 -0.0464441 -0.0236054 -0.0812148 0.00846458 0.0764928 0.388 -0.388 -0.136 0.136 
0.121437 -0.00427656 -0.233044 -0.972457 0.999252 -0.0383677 0.0048002 -0.0384296 -0.971709 0.233033 0.0413712 0.0903311 -0.00790524 0.3744 -0.3744 -0.1124 0.1124 
0.121263 -0.00476105 0.23305 0.972453 0.999311 0.0368922 -0.00394874 -0.0367962 0.971765 -0.233065 -0.0433675 0.0902548 0.000247924 0.3728 -0.3728 -0.1132 0.1132 
0.119993 -0.00476105 0.23305 0.972453 0.999311 0.0368922 -0.00394874 -0.0367962 0.971765 -0.233065 0.0465746 0.0907814 0.00343227 0.366 -0.366 -0.094 0.094 
0.119984 0.0357929 -0.262999 -0.964132 -0.0382523 -0.964404 0.261653 -0.998627 0.027515 -0.0445791 -0.044469 0.000374936 -0.11216 0.178 -0.178 -0.3628 0.3628 
0.119719 0.00433529 0.301603 0.953424 -0.999314 -0.033762 0.0152241 0.0367811 -0.952836 0.30125 0.0374355 -0.0892018 0.0086966 0.1324 -0.1324 -0.3588 0.3588 
0.119524 -0.00427656 -0.233044 -0.972457 0.999252 -0.0383677 0.0048002 -0.0384296 -0.971709 0.233033 -0.0485709 0.0898045 -0.0110896 0.368 -0.368 -0.0936 0.0936 
0.11942 0.00433529 0.301603 0.953424 -0.999314 -0.033762 0.0152241 0.0367811 -0.952836 0.30125 0.0478301 -0.0995104 -0.000560109 0.3652 -0.3652 -0.1004 0.1004 
0.118843 0.00470232 -0.30161 -0.95342 -0.99925 0.0352375 -0.0160756 0.0384447 0.95278 -0.301218 -0.0481543 -0.0896595 0.00682038 0.36 -0.36 -0.0896 0.0896 
0.118341 -0.00427656 -0.233044 -0.972457 0.999252 -0.0383677 0.0048002 -0.0384296 -0.971709 0.233033 0.051009 0.0907639 0.00243523 0.1052 -0.1052 -0.328 0.328 
0.118341 -0.00427656 -0.233044 -0.972457 0.999252 -0.0383677 0.0048002 -0.0384296 -0.971709 0.233033 -0.0489267 0.0901788 -0.00110293 0.1252 -0.1252 -0.334 0.334 
0.117996 0.00433529 0.301603 0.953424 -0.999314 -0.033762 0.0152241 0.0367811 -0.952836 0.30125 -0.0524614 -0.0997212 0.00588839 0.1128 -0.1128 -0.3244 0.3244 
0.117544 -0.0357854 0.271707 0.961714 0.0366028 -0.961329 0.27296 0.998689 0.0449695 0.0244563 -0.0756093 0.00734408 0.0767345 0.1644 -0.1644 -0.3716 0.3716 
0.117508 -0.00427656 -0.233044 -0.972457 0.999252 -0.0383677 0.0048002 -0.0384296 -0.971709 0.233033 0.0513647 0.0903896 -0.00755143 0.348 -0.348 -0.086 0.086 
0.117166 -0.00476105 0.23305 0.972453 0.999311 0.0368922 -0.00394874 -0.0367962 0.971765 -0.233065 -0.013432 0.100423 0.000933243 0.3728 -0.3728 -0.1124 0.1124 
0.117162 -0.00476105 0.23305 0.972453 0.999311 0.0368922 -0.00394874 -0.0367962 0.971765 -0.233065 0.0469304 0.0904071 -0.00655439 0.1236 -0.1236 -0.336 0.336 
0.116905 0.00433529 0.301603 0.953424 -0.999314 -0.033762 0.0152241 0.0367811 -0.952836 0.30125 0.0474291 -0.0891433 0.00905042 0.112 -0.112 -0.338 0.338 
0.116731 -0.00476105 0.23305 0.972453 0.999311 0.0368922 -0.00394874 -0.0367962 0.971765 -0.233065 -0.0533611 0.0901963 -0.000105892 0.3472 -0.3472 -0.0884 0.0884 
0.116656 -0.00476105 0.23305 0.972453 0.999311 0.0368922 -0.00394874 -0.0367962 0.971765 -0.233065 -0.0530053 0.089822 -0.0100926 0.1052 -0.1052 -0.3304 0.3304 
0.115206 -0.00427656 -0.233044 -0.972457 0.999252 -0.0383677 0.0048002 -0.0384296 -0.971709 0.233033 -0.00864187 0.100031 -0.0100505 0.374 -0.374 -0.1132 0.1132 
0.115204 -0.00427656 -0.233044 -0.972457 0.999252 -0.0383677 0.0048002 -0.0384296 -0.971709 0.233033 0.0013517 0.10009 -0.00969664 0.3756 -0.3756 -0.1136 0.1136 
0.115066 0.00433529 0.301603 0.953424 -0.999314 -0.033762 0.0152241 0.0367811 -0.952836 0.30125 -0.0521508 -0.0901027 -0.0044744 0.3528 -0.3528 -0.0744 0.0744 
0.114814 -0.00427656 -0.233044 -0.972457 0.999252 -0.0383677 0.0048002 -0.0384296 -0.971709 0.233033 -0.0385322 0.0798702 -0.0103596 0.3956 -0.3956 -0.108 0.108 
0.114514 -0.00476105 0.23305 0.972453 0.999311 0.0368922 -0.00394874 -0.0367962 0.971765 -0.233065 0.0165487 0.100599 0.00199469 0.3684 -0.3684 -0.112 0.112 
0.114514 0.00470232 -0.30161 -0.95342 -0.99925 0.0352375 -0.0160756 0.0384447 0.95278 -0.301218 0.0117619 -0.0793156 0.00856715 0.372 -0.372 -0.0944 0.0944 
0.114404 -0.00476105 0.23305 0.972453 0.999311 0.0368922 -0.00394874 -0.0367962 0.971765 -0.233065 0.00655516 0.10054 0.00164088 0.3724 -0.3724 -0.1148 0.1148 
0.114254 -0.00427656 -0.233044 -0.972457 0.999252 -0.0383677 0.0048002 -0.0384296 -0.971709 0.233033 -0.0186354 0.0999729 -0.0104043 0.3708 -0.3708 -0.11 0.11 
0.114226 0.00470232 -0.30161 -0.95342 -0.99925 0.0352375 -0.0160756 0.0384447 0.95278 -0.301218 0.0517813 -0.0890744 0.0103585 0.3504 -0.3504 -0.0764 0.0764 
0.114079 0.00470232 -0.30161 -0.95342 -0.99925 0.0352375 -0.0160756 0.0384447 0.95278 -0.301218 -0.0182188 -0.0794911 0.0075057 0.3716 -0.3716 -0.088 0.088 
0.113988 -0.00476105 0.23305 0.972453 0.999311 0.0368922 -0.00394874 -0.0367962 0.971765 -0.233065 -0.00343841 0.100482 0.00128706 0.3736 -0.3736 -0.1148 0.1148 
0.113981 0.00470232 -0.30161 -0.95342 -0.99925 0.0352375 -0.0160756 0.0384447 0.95278 -0.301218 0.0521823 -0.0994415 0.000748011 0.1112 -0.1112 -0.326 0.326 
0.112884 0.00433529 0.301603 0.953424 -0.999314 -0.033762 0.0152241 0.0367811 -0.952836 0.30125 -0.00222815 -0.0798173 -0.00308145 0.376 -0.376 -0.0916 0.0916 
0.112644 0.00433529 0.301603 0.953424 -0.999314 -0.033762 0.0152241 0.0367811 -0.952836 0.30125 0.00776541 -0.0797588 -0.00272763 0.3776 -0.3776 -0.0896 0.0896 
0.112636 0.0353597 0.262946 0.964162 -0.0366053 0.964459 -0.261685 -0.998704 -0.0260404 0.0437282 -0.0588159 -0.00854883 -0.112336 0.1368 -0.1368 -0.3932 0.3932 
0.112473 0.00433529 0.301603 0.953424 -0.999314 -0.033762 0.0152241 0.0367811 -0.952836 0.30125 0.017759 -0.0797003 -0.00237382 0.374 -0.374 -0.0852 0.0852 
0.112193 0.00470232 -0.30161 -0.95342 -0.99925 0.0352375 -0.0160756 0.0384447 0.95278 -0.301218 0.00176831 -0.0793741 0.00821333 0.374 -0.374 -0.094 0.094 
0.112182 -0.00476105 0.23305 0.972453 0.999311 0.0368922 -0.00394874 -0.0367962 0.971765 -0.233065 -0.0632642 0.0701521 0.00029255 0.2336 -0.2336 0.0152 -0.0152 
0.11204 0.0353597 0.262946 0.964162 -0.0366053 0.964459 -0.261685 -0.998704 -0.0260404 0.0437282 0.0610617 0.0021461 -0.108467 0.396 -0.396 -0.1384 0.1384 
0.111412 0.00433529 0.301603 0.953424 -0.999314 -0.033762 0.0152241 0.0367811 -0.952836 0.30125 -0.0122217 -0.0798758 -0.00343527 0.374 -0.374 -0.0912 0.0912 
0.111212 0.00433529 0.301603 0.953424 -0.999314 -0.033762 0.0152241 0.0367811 -0.952836 0.30125 0.0574227 -0.0890848 0.00940424 0.08 -0.08 -0.3 0.3 
0.111169 0.00470232 -0.30161 -0.95342 -0.99925 0.0352375 -0.0160756 0.0384447 0.95278 -0.301218 -0.00822525 -0.0794326 0.00785951 0.3756 -0.3756 -0.092 0.092 
0.111116 0.00470232 -0.30161 -0.95342 -0.99925 0.0352375 -0.0160756 0.0384447 0.95278 -0.301218 -0.0477534 -0.100027 -0.00279015 0.1192 -0.1192 -0.3448 0.3448 
0.111042 0.00433529 0.301603 0.953424 -0.999314 -0.033762 0.0152241 0.0367811 -0.952836 0.30125 -0.0220797 -0.109913 -0.00266069 0.3688 -0.3688 -0.1108 0.1108 
0.110979 -0.0357854 0.271707 0.961714 0.0366028 -0.961329 0.27296 0.998689 0.0449695 0.0244563 0.0732269 0.00934458 0.112002 0.1552 -0.1552 -0.3288 0.3288 
0.110506 0.00433529 0.301603 0.953424 -0.999314 -0.033762 0.0152241 0.0367811 -0.952836 0.30125 0.0577784 -0.0894591 -0.000582422 0.3268 -0.3268 -0.0548 0.0548 
0.109943 0.00470232 -0.30161 -0.95342 -0.99925 0.0352375 -0.0160756 0.0384447 0.95278 -0.301218 0.0217554 -0.0792571 0.00892096 0.3656 -0.3656 -0.09 0.09 
0.109738 -0.00476105 0.23305 0.972453 0.999311 0.0368922 -0.00394874 -0.0367962 0.971765 -0.233065 0.0565682 0.0908399 0.00378609 0.33 -0.33 -0.06 0.06 
0.109333 0.00470232 -0.30161 -0.95342 -0.99925 0.0352375 -0.0160756 0.0384447 0.95278 -0.301218 -0.0581027 -0.0997108 0.00684269 0.3268 -0.3268 -0.0664 0.0664 
0.108329 0.00470232 -0.30161 -0.95342 -0.99925 0.0352375 -0.0160756 0.0384447 0.95278 -0.301218 -0.0577921 -0.0900922 -0.0035201 0.078 -0.078 -0.3032 0.3032 
0.108116 -0.00427656 -0.233044 -0.972457 0.999252 -0.0383677 0.0048002 -0.0384296 -0.971709 0.233033 0.0713971 0.0805138 -0.00646766 0.2052 -0.2052 0.0472 -0.0472 
0.107753 0.00470232 -0.30161 -0.95342 -0.99925 0.0352375 -0.0160756 0.0384447 0.95278 -0.301218 0.0717685 -0.0889573 0.0110662 0.2124 -0.2124 0.0436 -0.0436 
0.107155 0.00433529 0.301603 0.953424 -0.999314 -0.033762 0.0152241 0.0367811 -0.952836 0.30125 -0.0724937 -0.0898454 0.00480462 -0.0248 0.0248 -0.198 0.198 
0.106997 -0.00476105 0.23305 0.972453 0.999311 0.0368922 -0.00394874 -0.0367962 0.971765 -0.233065 0.0569239 0.0904656 -0.00620057 0.088 -0.088 -0.3016 0.3016 
0.106432 -0.00427656 -0.233044 -0.972457 0.999252 -0.0383677 0.0048002 -0.0384296 -0.971709 0.233033 -0.0589203 0.0901203 -0.00145675 0.0908 -0.0908 -0.2996 0.2996 
0.106297 0.00433529 0.301603 0.953424 -0.999314 -0.033762 0.0152241 0.0367811 -0.952836 0.30125 -0.0721379 -0.0902197 -0.00518203 0.216 -0.216 0.0442 -0.0442 
0.105817 -0.00427656 -0.233044 -0.972457 0.999252 -0.0383677 0.0048002 -0.0384296 -0.971709 0.233033 -0.0585645 0.089746 -0.0114434 0.3332 -0.3332 -0.0588 0.0588 
0.10498 -0.00476105 0.23305 0.972453 0.999311 0.0368922 -0.00394874 -0.0367962 0.971765 -0.233065 -0.0733934 0.100072 -0.00118965 0.2008 -0.2008 0.0466 -0.0466 
0.103689 0.0353597 0.262946 0.964162 -0.0366053 0.964459 -0.261685 -0.998704 -0.0260404 0.0437282 -0.0698768 -0.00748447 -0.08273 0.146 -0.146 -0.394 0.394 
0.102996 -0.00427656 -0.233044 -0.972457 0.999252 -0.0383677 0.0048002 -0.0384296 -0.971709 0.233033 -0.0785968 0.0996218 -0.0125272 0.1884 -0.1884 0.0872 -0.0872 
0.102824 0.00433529 0.301603 0.953424 -0.999314 -0.033762 0.0152241 0.0367811 -0.952836 0.30125 -0.0625905 -0.0698012 0.00440618 -0.0398 0.0398 -0.2492 0.2492 
0.102642 -0.00427656 -0.233044 -0.972457 0.999252 -0.0383677 0.0048002 -0.0384296 -0.971709 0.233033 0.0613583 0.0904481 -0.00719761 0.3044 -0.3044 -0.0412 0.0412 
0.10218 0.00470232 -0.30161 -0.95342 -0.99925 0.0352375 -0.0160756 0.0384447 0.95278 -0.301218 0.0618201 -0.0990087 0.0110885 0.3052 -0.3052 -0.0404 0.0404 
0.101955 -0.00476105 0.23305 0.972453 0.999311 0.0368922 -0.00394874 -0.0367962 0.971765 -0.233065 -0.0730376 0.0996978 -0.0111763 -0.0358 0.0358 -0.1924 0.1924 
0.101909 -0.00427656 -0.233044 -0.972457 0.999252 -0.0383677 0.0048002 -0.0384296 -0.971709 0.233033 -0.0686485 0.109673 -0.0125495 0.2036 -0.2036 0.0698 -0.0698 
0.10179 -0.00476105 0.23305 0.972453 0.999311 0.0368922 -0.00394874 -0.0367962 0.971765 -0.233065 -0.0629085 0.0697779 -0.00969411 -0.0098 0.0098 -0.2264 0.2264 
0.100927 0.0357929 -0.262999 -0.964132 -0.0382523 -0.964404 0.261653 -0.998627 0.027515 -0.0445791 0.0654602 0.00101854 -0.108268 0.1604 -0.1604 -0.3684 0.3684 
0.100098 0.0353597 0.262946 0.964162 -0.0366053 0.964459 -0.261685 -0.998704 -0.0260404 0.0437282 0.0803825 -0.00698112 -0.0874094 0.1432 -0.1432 -0.3776 0.3776 
0.0999472 0.00470232 -0.30161 -0.95342 -0.99925 0.0352375 -0.0160756 0.0384447 0.95278 -0.301218 0.0721242 -0.0893316 0.00107951 -0.0286 0.0286 -0.1976 0.1976 
0.099076 0.00433529 0.301603 0.953424 -0.999314 -0.033762 0.0152241 0.0367811 -0.952836 0.30125 0.0673259 -0.0690406 0.00900579 -0.0488 0.0488 -0.2064 0.2064 
0.0985571 0.00433529 0.301603 0.953424 -0.999314 -0.033762 0.0152241 0.0367811 -0.952836 0.30125 0.0777204 -0.0793492 -0.000250919 0.1828 -0.1828 0.0922 -0.0922 
0.0982642 -0.00427656 -0.233044 -0.972457 0.999252 -0.0383677 0.0048002 -0.0384296 -0.971709 0.233033 0.0610025 0.0908224 0.00278905 0.0628 -0.0628 -0.282 0.282 
0.0980504 -0.00427656 -0.233044 -0.972457 0.999252 -0.0383677 0.0048002 -0.0384296 -0.971709 0.233033 -0.0690042 0.110047 -0.00256282 -0.0336 0.0336 -0.1676 0.1676 
0.097926 0.00470232 -0.30161 -0.95342 -0.99925 0.0352375 -0.0160756 0.0384447 0.95278 -0.301218 0.0621759 -0.099383 0.00110183 0.0648 -0.0648 -0.2808 0.2808 
0.0971394 0.0353597 0.262946 0.964162 -0.0366053 0.964459 -0.261685 -0.998704 -0.0260404 0.0437282 0.0803373 0.0030117 -0.0877856 0.3916 -0.3916 -0.1308 0.1308 
0.0969703 -0.0357854 0.271707 0.961714 0.0366028 -0.961329 0.27296 0.998689 0.0449695 0.0244563 -0.0566895 0.00858396 0.107402 0.1624 -0.1624 -0.3756 0.3756 
0.0963855 0.0353597 0.262946 0.964162 -0.0366053 0.964459 -0.261685 -0.998704 -0.0260404 0.0437282 0.0411197 -0.00796374 -0.108798 0.2152 -0.2152 -0.3876 0.3876 
0.0959446 -0.0353671 -0.271655 -0.961745 0.0382548 0.961274 -0.272928 0.998642 -0.0464441 -0.0236054 0.0687339 -0.000650606 0.0821762 0.1488 -0.1488 -0.3944 0.3944 
0.0953915 0.00433529 0.301603 0.953424 -0.999314 -0.033762 0.0152241 0.0367811 -0.952836 0.30125 0.0678624 -0.109386 0.000523652 0.2276 -0.2276 0.0346 -0.0346 
0.0949794 0.00470232 -0.30161 -0.95342 -0.99925 0.0352375 -0.0160756 0.0384447 0.95278 -0.301218 -0.0678761 -0.0701651 -0.00462617 -0.0516 0.0516 -0.2104 0.2104 
0.0945336 -0.00476105 0.23305 0.972453 0.999311 0.0368922 -0.00394874 -0.0367962 0.971765 -0.233065 0.0766005 0.0809641 0.00486985 0.1904 -0.1904 0.0852 -0.0852 
0.0945145 0.0353597 0.262946 0.964162 -0.0366053 0.964459 -0.261685 -0.998704 -0.0260404 0.0437282 -0.0588611 0.001444 -0.112712 0.376 -0.376 -0.1492 0.1492 
0.0944672 -0.00476105 0.23305 0.972453 0.999311 0.0368922 -0.00394874 -0.0367962 0.971765 -0.233065 0.0769563 0.0805898 -0.00511681 -0.0502 0.0502 -0.1536 0.1536 
0.0942866 0.00433529 0.301603 0.953424 -0.999314 -0.033762 0.0152241 0.0367811 -0.952836 0.30125 -0.0620992 -0.100154 -0.00445209 0.3088 -0.3088 -0.0384 0.0384 
0.0940747 -0.00427656 -0.233044 -0.972457 0.999252 -0.0383677 0.0048002 -0.0384296 -0.971709 0.233033 -0.0789074 0.0900033 -0.00216438 -0.0466 0.0466 -0.1516 0.1516 
0.094059 0.00470232 -0.30161 -0.95342 -0.99925 0.0352375 -0.0160756 0.0384447 0.95278 -0.301218 -0.0781802 -0.0798422 0.0053828 0.182 -0.182 0.0882 -0.0882 
0.093151 -0.00427656 -0.233044 -0.972457 0.999252 -0.0383677 0.0048002 -0.0384296 -0.971709 0.233033 -0.0792632 0.0903776 0.00782228 -0.2898 0.2898 -0.3996 0.3996 
0.0918675 -0.00427656 -0.233044 -0.972457 0.999252 -0.0383677 0.0048002 -0.0384296 -0.971709 0.233033 0.0113001 0.110141 -0.00971895 0.3228 -0.3228 -0.0632 0.0632 
0.0914601 -0.00427656 -0.233044 -0.972457 0.999252 -0.0383677 0.0048002 -0.0384296 -0.971709 0.233033 0.0709057 0.110867 0.00239061 -0.0592 0.0592 -0.1624 0.1624 
0.0910156 0.00470232 -0.30161 -0.95342 -0.99925 0.0352375 -0.0160756 0.0384447 0.95278 -0.301218 -0.0682318 -0.0697908 0.00536049 0.2588 -0.2588 0.0786 -0.0786 
0.0900639 -0.00476105 0.23305 0.972453 0.999311 0.0368922 -0.00394874 -0.0367962 0.971765 -0.233065 0.0664714 0.110884 0.00338764 0.1992 -0.1992 0.0666 -0.0666 
0.0900443 -0.00476105 0.23305 0.972453 0.999311 0.0368922 -0.00394874 -0.0367962 0.971765 -0.233065 0.0668271 0.11051 -0.00659901 -0.0376 0.0376 -0.1704 0.1704 
0.0895038 -0.00427656 -0.233044 -0.972457 0.999252 -0.0383677 0.0048002 -0.0384296 -0.971709 0.233033 0.07055 0.111241 0.0123773 -0.3096 0.3096 -0.3984 0.3984 
0.0883023 0.00433529 0.301603 0.953424 -0.999314 -0.033762 0.0152241 0.0367811 -0.952836 0.30125 0.0774098 -0.0889678 0.0101119 -0.0528 0.0528 -0.1552 0.1552 
0.0874349 -0.0357854 0.271707 0.961714 0.0366028 -0.961329 0.27296 0.998689 0.0449695 0.0244563 -0.0666831 0.00852545 0.107048 0.1604 -0.1604 -0.3692 0.3692 
0.0869187 0.00433529 0.301603 0.953424 -0.999314 -0.033762 0.0152241 0.0367811 -0.952836 0.30125 0.0771444 -0.108579 0.0208508 -0.3032 0.3032 -0.3956 0.3956 
0.0866406 0.00470232 -0.30161 -0.95342 -0.99925 0.0352375 -0.0160756 0.0384447 0.95278 -0.301218 -0.0777793 -0.0902093 -0.00422773 -0.0552 0.0552 -0.1604 0.1604 
0.0866179 -0.0357854 0.271707 0.961714 0.0366028 -0.961329 0.27296 0.998689 0.0449695 0.0244563 0.0532397 0.00922756 0.111294 0.1676 -0.1676 -0.3588 0.3588 
0.0846739 -0.0353671 -0.271655 -0.961745 0.0382548 0.961274 -0.272928 0.998642 -0.0464441 -0.0236054 0.0576278 0.0104066 0.111406 0.3776 -0.3776 -0.1444 0.1444 
0.0824896 -0.0357854 0.271707 0.961714 0.0366028 -0.961329 0.27296 0.998689 0.0449695 0.0244563 0.0632333 0.00928607 0.111648 0.1676 -0.1676 -0.3476 0.3476 
0.0822014 -0.0353671 -0.271655 -0.961745 0.0382548 0.961274 -0.272928 0.998642 -0.0464441 -0.0236054 0.057673 0.00041375 0.111782 0.1376 -0.1376 -0.3892 0.3892 
0.0819649 0.0357929 -0.262999 -0.964132 -0.0382523 -0.964404 0.261653 -0.998627 0.027515 -0.0445791 -0.0744046 -0.00979341 -0.112845 0.3852 -0.3852 -0.092 0.092 
0.0816541 0.0353597 0.262946 0.964162 -0.0366053 0.964459 -0.261685 -0.998704 -0.0260404 0.0437282 0.0611069 -0.00784672 -0.10809 0.164 -0.164 -0.3812 0.3812 
0.0810835 0.00470232 -0.30161 -0.95342 -0.99925 0.0352375 -0.0160756 0.0384447 0.95278 -0.301218 -0.0773331 -0.110569 -0.0134621 -0.3052 0.3052 -0.3996 0.3996 
0.0786621 -0.0353671 -0.271655 -0.961745 0.0382548 0.961274 -0.272928 0.998642 -0.0464441 -0.0236054 -0.0222755 -5.43226e-005 0.108952 0.228 -0.228 -0.3908 0.3908 
0.0777763 0.0353597 0.262946 0.964162 -0.0366053 0.964459 -0.261685 -0.998704 -0.0260404 0.0437282 -0.0488675 0.0015025 -0.112358 0.3832 -0.3832 -0.1492 0.1492 
0.0772286 0.0353597 0.262946 0.964162 -0.0366053 0.964459 -0.261685 -0.998704 -0.0260404 0.0437282 0.0211326 -0.00808075 -0.109506 0.2264 -0.2264 -0.3924 0.3924 
0.0772145 -0.00476105 0.23305 0.972453 0.999311 0.0368922 -0.00394874 -0.0367962 0.971765 -0.233065 0.0761092 0.111317 0.0137281 0.3944 -0.3944 0.3666 -0.3666 
0.0765102 -0.00476105 0.23305 0.972453 0.999311 0.0368922 -0.00394874 -0.0367962 0.971765 -0.233065 0.0772217 0.100201 -0.0158557 -0.3012 0.3012 -0.3968 0.3968 
0.0762524 0.0353597 0.262946 0.964162 -0.0366053 0.964459 -0.261685 -0.998704 -0.0260404 0.0437282 -0.0692104 0.00175977 -0.103079 0.3832 -0.3832 -0.1632 0.1632 
0.0736493 -0.0353671 -0.271655 -0.961745 0.0382548 0.961274 -0.272928 0.998642 -0.0464441 -0.0236054 -0.0722886 0.00964595 0.106807 0.3868 -0.3868 -0.1348 0.1348 
0.0711474 -0.0353671 -0.271655 -0.961745 0.0382548 0.961274 -0.272928 0.998642 -0.0464441 -0.0236054 0.0376407 0.0102896 0.110699 0.3928 -0.3928 -0.1884 0.1884 
0.0705923 0.0357929 -0.262999 -0.964132 -0.0382523 -0.964404 0.261653 -0.998627 0.027515 -0.0445791 -0.0544626 0.000316427 -0.112513 0.1724 -0.1724 -0.356 0.356 
0.0699285 -0.0353671 -0.271655 -0.961745 0.0382548 0.961274 -0.272928 0.998642 -0.0464441 -0.0236054 -0.062295 0.00970446 0.10716 0.3956 -0.3956 -0.138 0.138 
0.0651692 -0.0353671 -0.271655 -0.961745 0.0382548 0.961274 -0.272928 0.998642 -0.0464441 -0.0236054 -0.0722434 -0.000346868 0.107183 0.1484 -0.1484 -0.3752 0.3752 
0.0647019 -0.00476105 0.23305 0.972453 0.999311 0.0368922 -0.00394874 -0.0367962 0.971765 -0.233065 0.0471506 0.120011 -0.0176694 -0.3136 0.3136 -0.3864 0.3864 
0.0633694 -0.00476105 0.23305 0.972453 0.999311 0.0368922 -0.00394874 -0.0367962 0.971765 -0.233065 0.0560769 0.121193 0.0126444 0.3904 -0.3904 0.3632 -0.3632 
0.0619368 -0.00476105 0.23305 0.972453 0.999311 0.0368922 -0.00394874 -0.0367962 0.971765 -0.233065 0.0571441 0.12007 -0.0173156 -0.3352 0.3352 -0.368 0.368 
0.0543894 -0.0353671 -0.271655 -0.961745 0.0382548 0.961274 -0.272928 0.998642 -0.0464441 -0.0236054 -0.0322691 -0.000112832 0.108598 0.2228 -0.2228 -0.3892 0.3892 
0.0499884 0.0353597 0.262946 0.964162 -0.0366053 0.964459 -0.261685 -0.998704 -0.0260404 0.0437282 0.011139 -0.00813926 -0.109859 0.2276 -0.2276 -0.396 0.396 
0.0484789 0.00470232 -0.30161 -0.95342 -0.99925 0.0352375 -0.0160756 0.0384447 0.95278 -0.301218 -0.0874623 -0.0806492 -0.0149443 -0.3832 0.3832 -0.3084 0.3084 
0.0473405 -0.00476105 0.23305 0.972453 0.999311 0.0368922 -0.00394874 -0.0367962 0.971765 -0.233065 -0.0538524 0.120549 0.00875238 0.3968 -0.3968 0.3436 -0.3436 
0.0447895 -0.00427656 -0.233044 -0.972457 0.999252 -0.0383677 0.0048002 -0.0384296 -0.971709 0.233033 -0.0889462 0.0999376 -0.00289432 -0.1386 0.1386 -0.0704 0.0704 
0.0444106 0.0353597 0.262946 0.964162 -0.0366053 0.964459 -0.261685 -0.998704 -0.0260404 0.0437282 -0.0388288 -0.00843181 -0.111629 0.1948 -0.1948 -0.3968 0.3968 
0.0419234 -0.00476105 0.23305 0.972453 0.999311 0.0368922 -0.00394874 -0.0367962 0.971765 -0.233065 -0.063846 0.120491 0.00839856 0.3756 -0.3756 0.3702 -0.3702 
0.0393735 -0.00476105 0.23305 0.972453 0.999311 0.0368922 -0.00394874 -0.0367962 0.971765 -0.233065 0.037157 0.119953 -0.0180233 -0.2996 0.2996 -0.396 0.396 
0.037838 -0.00476105 0.23305 0.972453 0.999311 0.0368922 -0.00394874 -0.0367962 0.971765 -0.233065 -0.0527851 0.119426 -0.0212076 -0.3266 0.3266 -0.3844 0.3844 
0.0373876 -0.00476105 0.23305 0.972453 0.999311 0.0368922 -0.00394874 -0.0367962 0.971765 -0.233065 0.0861479 0.101383 0.0144581 0.3436 -0.3436 0.4218 -0.4218 
0.0341457 -0.00427656 -0.233044 -0.972457 0.999252 -0.0383677 0.0048002 -0.0384296 -0.971709 0.233033 -0.0893019 0.100312 0.00709233 -0.3902 0.3902 -0.3116 0.3116 
0.0323386 -0.00476105 0.23305 0.972453 0.999311 0.0368922 -0.00394874 -0.0367962 0.971765 -0.233065 -0.0727722 0.119309 -0.0219152 -0.3926 0.3926 -0.3324 0.3324 
0.0323385 -0.00476105 0.23305 0.972453 0.999311 0.0368922 -0.00394874 -0.0367962 0.971765 -0.233065 -0.0738395 0.120432 0.00804475 0.3456 -0.3456 0.4168 -0.4168 
0.031514 -0.00427656 -0.233044 -0.972457 0.999252 -0.0383677 0.0048002 -0.0384296 -0.971709 0.233033 -0.0886356 0.109556 -0.0132571 0.0796 -0.0796 0.1962 -0.1962 
0.0314642 -0.00476105 0.23305 0.972453 0.999311 0.0368922 -0.00394874 -0.0367962 0.971765 -0.233065 0.0868143 0.110627 -0.00589138 -0.1662 0.1662 -0.0496 0.0496 
0.0289676 -0.00427656 -0.233044 -0.972457 0.999252 -0.0383677 0.0048002 -0.0384296 -0.971709 0.233033 0.0715721 0.120111 -0.0179588 0.3508 -0.3508 0.4226 -0.4226 
0.0289354 -0.00427656 -0.233044 -0.972457 0.999252 -0.0383677 0.0048002 -0.0384296 -0.971709 0.233033 0.0505176 0.121117 0.0112935 -0.3222 0.3222 -0.3792 0.3792 
0.0288487 -0.00476105 0.23305 0.972453 0.999311 0.0368922 -0.00394874 -0.0367962 0.971765 -0.233065 0.0660704 0.121251 0.0129982 0.3648 -0.3648 0.3956 -0.3956 
0.028539 -0.00476105 0.23305 0.972453 0.999311 0.0368922 -0.00394874 -0.0367962 0.971765 -0.233065 0.0671377 0.120128 -0.0169618 -0.3686 0.3686 -0.3444 0.3444 
0.0284723 0.00470232 -0.30161 -0.95342 -0.99925 0.0352375 -0.0160756 0.0384447 0.95278 -0.301218 -0.087818 -0.080275 -0.00495767 -0.1382 0.1382 -0.0636 0.0636 
0.0265565 0.00470232 -0.30161 -0.95342 -0.99925 0.0352375 -0.0160756 0.0384447 0.95278 -0.301218 -0.0885296 -0.0795264 0.0150156 0.3516 -0.3516 0.4212 -0.4212 
0.020333 0.00433529 0.301603 0.953424 -0.999314 -0.033762 0.0152241 0.0367811 -0.952836 0.30125 0.0872678 -0.0589308 0.0093373 -0.2436 0.2436 0.0482 -0.0482 
0.0203151 0.00433529 0.301603 0.953424 -0.999314 -0.033762 0.0152241 0.0367811 -0.952836 0.30125 -0.0716466 -0.120572 -0.0140403 0.3904 -0.3904 0.3632 -0.3632 
0.0184628 -0.00427656 -0.233044 -0.972457 0.999252 -0.0383677 0.0048002 -0.0384296 -0.971709 0.233033 0.0605112 0.121175 0.0116473 -0.3452 0.3452 -0.3612 0.3612 
0.013885 -0.00427656 -0.233044 -0.972457 0.999252 -0.0383677 0.0048002 -0.0384296 -0.971709 0.233033 -0.0583443 0.11935 -0.0225584 0.394 -0.394 0.3666 -0.3666 
