7.7183 0.0120013 0.230874 0.97291 0.982287 -0.18468 0.031708 0.186998 0.955296 -0.229001 0.00805405 0.095692 0.0357465 0.5016 -0.5016 0.5028 -0.5028 
7.65065 -0.012427 0.303702 0.952686 -0.982279 0.174484 -0.0684358 -0.187012 -0.936654 0.296152 0.00645229 -0.0781968 -0.0134295 -0.1111 0.1111 -0.1102 0.1102 
7.33066 0.0120013 0.230874 0.97291 0.982287 -0.18468 0.031708 0.186998 0.955296 -0.229001 0.00911325 0.110119 0.0132638 -0.1111 0.1111 -0.1104 0.1104 
7.31271 -0.012427 0.303702 0.952686 -0.982279 0.174484 -0.0684358 -0.187012 -0.936654 0.296152 0.00751149 -0.0637703 -0.0359122 0.5018 -0.5018 0.5029 -0.5029 
7.30472 0.0120013 0.230874 0.97291 0.982287 -0.18468 0.031708 0.186998 0.955296 -0.229001 0.00992754 0.104896 -0.0129428 -0.7788 0.7788 -0.7778 0.7778 
6.35007 -0.0120637 -0.303684 -0.952697 -0.982593 -0.173033 0.0675987 -0.185377 0.936929 -0.29631 0.0159689 -0.07673 -0.021795 -0.1024 0.1024 -0.1072 0.1072 
6.29198 0.0124894 -0.230892 -0.972899 0.982585 0.183229 -0.0308709 0.185392 -0.955571 0.229159 0.0187757 0.103079 -0.00393686 0.5124 -0.5124 0.5068 -0.5068 
6.09693 0.0124894 -0.230892 -0.972899 0.982585 0.183229 -0.0308709 0.185392 -0.955571 0.229159 0.0169022 0.0938749 0.0447524 -0.7663 0.7663 -0.7726 0.7726 
6.05932 0.0124894 -0.230892 -0.972899 0.982585 0.183229 -0.0308709 0.185392 -0.955571 0.229159 -0.00599824 0.103552 -0.00480079 0.5062 -0.5062 0.4983 -0.4983 
6.0525 -0.0120637 -0.303684 -0.952697 -0.982593 -0.173033 0.0675987 -0.185377 0.936929 -0.29631 0.0151546 -0.0715078 0.0044116 0.5118 -0.5118 0.5063 -0.5063 
6.03268 -0.0120637 -0.303684 -0.952697 -0.982593 -0.173033 0.0675987 -0.185377 0.936929 -0.29631 -0.00880507 -0.0762575 -0.0226589 -0.1071 0.1071 -0.1152 0.1152 
6.03139 0.0124894 -0.230892 -0.972899 0.982585 0.183229 -0.0308709 0.185392 -0.955571 0.229159 0.0179614 0.108301 0.0222697 -0.1019 0.1019 -0.1067 0.1067 
5.97692 0.0124894 -0.230892 -0.972899 0.982585 0.183229 -0.0308709 0.185392 -0.955571 0.229159 -0.00787174 0.0943474 0.0438885 -0.7723 0.7723 -0.7846 0.7846 
5.97106 0.0124894 -0.230892 -0.972899 0.982585 0.183229 -0.0308709 0.185392 -0.955571 0.229159 -0.00681254 0.108774 0.0214058 -0.1068 0.1068 -0.1147 0.1147 
5.96799 -0.0120637 -0.303684 -0.952697 -0.982593 -0.173033 0.0675987 -0.185377 0.936929 -0.29631 -0.00961936 -0.0710353 0.00354766 0.5058 -0.5058 0.4979 -0.4979 
4.67693 -0.0120637 -0.303684 -0.952697 -0.982593 -0.173033 0.0675987 -0.185377 0.936929 -0.29631 0.0170281 -0.0623034 -0.0442777 -0.7718 0.7718 -0.769 0.769 
4.58336 0.0120013 0.230874 0.97291 0.982287 -0.18468 0.031708 0.186998 0.955296 -0.229001 0.032828 0.0952195 0.0366104 0.5104 -0.5104 0.4941 -0.4941 
4.54602 -0.012427 0.303702 0.952686 -0.982279 0.174484 -0.0684358 -0.187012 -0.936654 0.296152 0.0312263 -0.0786694 -0.0125655 -0.1034 0.1034 -0.1179 0.1179 
4.42552 -0.012427 0.303702 0.952686 -0.982279 0.174484 -0.0684358 -0.187012 -0.936654 0.296152 0.0322855 -0.0642428 -0.0350482 0.5104 -0.5104 0.4943 -0.4943 
4.40367 0.0120013 0.230874 0.97291 0.982287 -0.18468 0.031708 0.186998 0.955296 -0.229001 0.0338872 0.109646 0.0141277 -0.1036 0.1036 -0.1179 0.1179 
4.38532 0.0120013 0.230874 0.97291 0.982287 -0.18468 0.031708 0.186998 0.955296 -0.229001 0.0347015 0.104424 -0.0120789 -0.7683 0.7683 -0.7884 0.7884 
3.74341 0.0124894 -0.230892 -0.972899 0.982585 0.183229 -0.0308709 0.185392 -0.955571 0.229159 0.0416762 0.0934024 0.0456164 -0.7559 0.7559 -0.783 0.783 
3.73779 -0.0120637 -0.303684 -0.952697 -0.982593 -0.173033 0.0675987 -0.185377 0.936929 -0.29631 0.0407429 -0.0772025 -0.020931 -0.0951 0.0951 -0.1147 0.1147 
3.7301 0.0124894 -0.230892 -0.972899 0.982585 0.183229 -0.0308709 0.185392 -0.955571 0.229159 0.0427354 0.107829 0.0231337 -0.0944 0.0944 -0.1142 0.1142 
3.71667 0.0124894 -0.230892 -0.972899 0.982585 0.183229 -0.0308709 0.185392 -0.955571 0.229159 0.0436721 0.112431 -0.00121097 0.5208 -0.5208 0.4981 -0.4981 
3.70849 -0.0120637 -0.303684 -0.952697 -0.982593 -0.173033 0.0675987 -0.185377 0.936929 -0.29631 0.0399286 -0.0719804 0.00527554 0.5204 -0.5204 0.4978 -0.4978 
3.48627 -0.0120637 -0.303684 -0.952697 -0.982593 -0.173033 0.0675987 -0.185377 0.936929 -0.29631 -0.00774587 -0.0618309 -0.0451416 -0.7728 0.7728 -0.7852 0.7852 
2.63762 -0.012427 0.303702 0.952686 -0.982279 0.174484 -0.0684358 -0.187012 -0.936654 0.296152 0.030412 -0.0734472 0.013641 -0.7698 0.7698 -0.7844 0.7844 
2.34589 0.0375792 0.279059 0.959538 0.186436 0.941399 -0.281085 -0.981748 0.189455 -0.0166496 -0.0389802 0.0126748 -0.083984 -0.4338 0.4338 -0.4086 0.4086 
2.19329 -0.0380049 0.255516 0.966057 -0.186428 -0.951596 0.244357 0.981733 -0.170813 0.0838006 -0.0453695 0.0123096 0.099031 -0.4293 0.4293 -0.4014 0.4014 
2.15524 0.0120013 0.230874 0.97291 0.982287 -0.18468 0.031708 0.186998 0.955296 -0.229001 0.0595979 0.113776 -0.00935297 -0.7361 0.7361 -0.7998 0.7998 
2.12875 -0.0380049 0.255516 0.966057 -0.186428 -0.951596 0.244357 0.981733 -0.170813 0.0838006 -0.0456731 -0.0120485 0.0944146 0.1768 -0.1768 0.2011 -0.2011 
2.02715 -0.0120637 -0.303684 -0.952697 -0.982593 -0.173033 0.0675987 -0.185377 0.936929 -0.29631 0.0418021 -0.062776 -0.0434137 -0.7568 0.7568 -0.7826 0.7826 
1.94581 -0.0375589 -0.255461 -0.96609 -0.184814 0.95187 -0.244515 0.982056 0.169363 -0.082964 -0.0358434 -0.0172017 0.0734499 -0.4296 0.4296 -0.4114 0.4114 
1.94028 0.0375792 0.279059 0.959538 0.186436 0.941399 -0.281085 -0.981748 0.189455 -0.0166496 -0.037921 0.0407453 -0.0990055 0.1718 -0.1718 0.1958 -0.1958 
1.79747 0.0379846 -0.279115 -0.959506 0.184806 -0.941673 0.281243 -0.982041 -0.188006 0.015813 -0.0289339 0.0249026 -0.101655 0.1926 -0.1926 0.2051 -0.2051 
1.76872 0.0379846 -0.279115 -0.959506 0.184806 -0.941673 0.281243 -0.982041 -0.188006 0.015813 -0.0293859 0.0455482 -0.0774003 -0.4114 0.4114 -0.3976 0.3976 
1.74882 -0.0375589 -0.255461 -0.96609 -0.184814 0.95187 -0.244515 0.982056 0.169363 -0.082964 -0.0362954 0.00344395 0.0977042 0.1758 -0.1758 0.1928 -0.1928 
1.70341 0.0124894 -0.230892 -0.972899 0.982585 0.183229 -0.0308709 0.185392 -0.955571 0.229159 -0.0325232 0.104644 0.0448865 -0.7794 0.7794 -0.7646 0.7646 
1.20011 0.0120013 0.230874 0.97291 0.982287 -0.18468 0.031708 0.186998 0.955296 -0.229001 -0.0156607 0.110591 0.0123998 -0.0596 0.0596 -0.1479 0.1479 
1.17006 0.0124894 -0.230892 -0.972899 0.982585 0.183229 -0.0308709 0.185392 -0.955571 0.229159 -0.0306498 0.113849 -0.00380279 0.539 -0.539 0.4651 -0.4651 
1.15866 0.0120013 0.230874 0.97291 0.982287 -0.18468 0.031708 0.186998 0.955296 -0.229001 -0.0148464 0.105369 -0.0138067 -0.7109 0.7109 -0.824 0.824 
1.15605 -0.0120637 -0.303684 -0.952697 -0.982593 -0.173033 0.0675987 -0.185377 0.936929 -0.29631 -0.0334566 -0.0659606 -0.0216609 -0.0763 0.0763 -0.1399 0.1399 
1.12531 -0.012427 0.303702 0.952686 -0.982279 0.174484 -0.0684358 -0.187012 -0.936654 0.296152 -0.0172625 -0.0632977 -0.0367761 0.5642 -0.5642 0.4603 -0.4603 
1.12175 0.0120013 0.230874 0.97291 0.982287 -0.18468 0.031708 0.186998 0.955296 -0.229001 -0.0413714 0.106461 0.0358805 0.5358 -0.5358 0.4621 -0.4621 
1.08385 -0.012427 0.303702 0.952686 -0.982279 0.174484 -0.0684358 -0.187012 -0.936654 0.296152 -0.0429732 -0.0674274 -0.0132954 -0.0783 0.0783 -0.1419 0.1419 
1.0662 -0.012427 0.303702 0.952686 -0.982279 0.174484 -0.0684358 -0.187012 -0.936654 0.296152 -0.019136 -0.0725021 0.0119132 -0.7099 0.7099 -0.8292 0.8292 
1.05834 0.0375792 0.279059 0.959538 0.186436 0.941399 -0.281085 -0.981748 0.189455 -0.0166496 0.109738 -0.0126622 -0.0932357 -0.3999 0.3999 -1.091 1.091 
0.996562 -0.0380049 0.255516 0.966057 -0.186428 -0.951596 0.244357 0.981733 -0.170813 0.0838006 0.103349 -0.0130274 0.0897793 0.1119 -0.1119 -0.4251 0.4251 
0.991069 -0.012427 0.303702 0.952686 -0.982279 0.174484 -0.0684358 -0.187012 -0.936654 0.296152 -0.0181992 -0.0678999 -0.0124315 -0.0729 0.0729 -0.1362 0.1362 
0.967233 -0.0380049 0.255516 0.966057 -0.186428 -0.951596 0.244357 0.981733 -0.170813 0.0838006 0.103045 -0.0373855 0.0851629 0.7812 -0.7812 0.1801 -0.1801 
0.941554 0.0120013 0.230874 0.97291 0.982287 -0.18468 0.031708 0.186998 0.955296 -0.229001 -0.0404347 0.111064 0.0115359 -0.0548 0.0548 -0.1626 0.1626 
0.936816 0.0375792 0.279059 0.959538 0.186436 0.941399 -0.281085 -0.981748 0.189455 -0.0166496 0.110041 0.0116959 -0.0886193 0.2036 -0.2036 -0.3252 0.3252 
0.934138 0.0120013 0.230874 0.97291 0.982287 -0.18468 0.031708 0.186998 0.955296 -0.229001 -0.0911643 0.0877578 0.0304288 0.429 -0.429 0.5776 -0.5776 
0.928998 0.0120013 0.230874 0.97291 0.982287 -0.18468 0.031708 0.186998 0.955296 -0.229001 -0.0396204 0.105841 -0.0146707 -0.7018 0.7018 -0.8338 0.8338 
0.894935 -0.0120637 -0.303684 -0.952697 -0.982593 -0.173033 0.0675987 -0.185377 0.936929 -0.29631 -0.0343933 -0.0705628 0.00268372 0.5742 -0.5742 0.4498 -0.4498 
0.874679 0.0120013 0.230874 0.97291 0.982287 -0.18468 0.031708 0.186998 0.955296 -0.229001 -0.0167199 0.0961646 0.0348825 0.5634 -0.5634 0.4583 -0.4583 
0.818576 -0.0375589 -0.255461 -0.96609 -0.184814 0.95187 -0.244515 0.982056 0.169363 -0.082964 0.0876486 -0.0214205 0.0875885 0.2024 -0.2024 -0.3658 0.3658 
0.809074 -0.012427 0.303702 0.952686 -0.982279 0.174484 -0.0684358 -0.187012 -0.936654 0.296152 -0.0420364 -0.0628252 -0.03764 0.5736 -0.5736 0.4488 -0.4488 
0.801537 0.0375792 0.279059 0.959538 0.186436 0.941399 -0.281085 -0.981748 0.189455 -0.0166496 0.109967 0.0341977 -0.0741839 0.9178 -0.9178 0.2761 -0.2761 
0.7996 0.0124894 -0.230892 -0.972899 0.982585 0.183229 -0.0308709 0.185392 -0.955571 0.229159 -0.0315865 0.109247 0.0205418 -0.0533 0.0533 -0.1612 0.1612 
0.768311 0.0379846 -0.279115 -0.959506 0.184806 -0.941673 0.281243 -0.982041 -0.188006 0.015813 0.0942545 -0.00367431 -0.0921324 0.8146 -0.8146 0.1789 -0.1789 
0.744965 0.0379846 -0.279115 -0.959506 0.184806 -0.941673 0.281243 -0.982041 -0.188006 0.015813 0.0945581 0.0206838 -0.087516 0.1364 -0.1364 -0.4264 0.4264 
0.715243 0.0120013 0.230874 0.97291 0.982287 -0.18468 0.031708 0.186998 0.955296 -0.229001 0.0822535 0.0844501 0.0364763 0.6608 -0.6608 0.3618 -0.3618 
0.71143 0.0124894 -0.230892 -0.972899 0.982585 0.183229 -0.0308709 0.185392 -0.955571 0.229159 -0.0563605 0.109719 0.0196779 -0.0599 0.0599 -0.1474 0.1474 
0.686007 -0.0120637 -0.303684 -0.952697 -0.982593 -0.173033 0.0675987 -0.185377 0.936929 -0.29631 -0.0582305 -0.0654881 -0.0225248 -0.0869 0.0869 -0.1224 0.1224 
0.679058 0.0124894 -0.230892 -0.972899 0.982585 0.183229 -0.0308709 0.185392 -0.955571 0.229159 -0.0574197 0.0952925 0.0421606 -0.7101 0.7101 -0.8118 0.8118 
0.628884 0.0124894 -0.230892 -0.972899 0.982585 0.183229 -0.0308709 0.185392 -0.955571 0.229159 -0.0555462 0.104497 -0.00652867 0.5738 -0.5738 0.4458 -0.4458 
0.623104 -0.0120637 -0.303684 -0.952697 -0.982593 -0.173033 0.0675987 -0.185377 0.936929 -0.29631 -0.0591673 -0.0700903 0.00181978 0.5666 -0.5666 0.4648 -0.4648 
0.606965 -0.0375589 -0.255461 -0.96609 -0.184814 0.95187 -0.244515 0.982056 0.169363 -0.082964 0.0883301 0.00479374 0.082386 0.9158 -0.9158 0.2376 -0.2376 
0.604647 0.0124894 -0.230892 -0.972899 0.982585 0.183229 -0.0308709 0.185392 -0.955571 0.229159 0.0929752 0.0918374 -0.00320699 0.66 -0.66 0.3611 -0.3611 
0.569093 -0.0120637 -0.303684 -0.952697 -0.982593 -0.173033 0.0675987 -0.185377 0.936929 -0.29631 -0.0325198 -0.0613584 -0.0460055 -0.6848 0.6848 -0.8788 0.8788 
0.561502 -0.0120637 -0.303684 -0.952697 -0.982593 -0.173033 0.0675987 -0.185377 0.936929 -0.29631 -0.0572938 -0.0608859 -0.0468695 -0.6948 0.6948 -0.8502 0.8502 
0.558051 0.0124894 -0.230892 -0.972899 0.982585 0.183229 -0.0308709 0.185392 -0.955571 0.229159 0.0665726 0.102754 0.0483422 -0.7046 0.7046 -0.7956 0.7956 
0.529583 -0.012427 0.303702 0.952686 -0.982279 0.174484 -0.0684358 -0.187012 -0.936654 0.296152 -0.0439099 -0.0720296 0.0110492 -0.6846 0.6846 -0.8786 0.8786 
0.484474 0.0124894 -0.230892 -0.972899 0.982585 0.183229 -0.0308709 0.185392 -0.955571 0.229159 0.0922833 0.106884 0.0248615 0.0209 -0.0209 -0.2378 0.2378 
0.468315 0.0124894 -0.230892 -0.972899 0.982585 0.183229 -0.0308709 0.185392 -0.955571 0.229159 0.0911017 0.082633 0.0454823 -0.6068 0.6068 -0.9792 0.9792 
0.447395 -0.0120637 -0.303684 -0.952697 -0.982593 -0.173033 0.0675987 -0.185377 0.936929 -0.29631 0.0901683 -0.0879719 -0.0210651 0.0212 -0.0212 -0.2411 0.2411 
0.446823 -0.0120637 -0.303684 -0.952697 -0.982593 -0.173033 0.0675987 -0.185377 0.936929 -0.29631 0.089354 -0.0827498 0.00514147 0.66 -0.66 0.3611 -0.3611 
0.430957 -0.012427 0.303702 0.952686 -0.982279 0.174484 -0.0684358 -0.187012 -0.936654 0.296152 0.0807742 -0.0796144 -0.0108377 0.0219 -0.0219 -0.2402 0.2402 
0.427529 -0.012427 0.303702 0.952686 -0.982279 0.174484 -0.0684358 -0.187012 -0.936654 0.296152 0.0817109 -0.0750122 -0.0351823 0.6606 -0.6606 0.3616 -0.3616 
0.421209 0.0120013 0.230874 0.97291 0.982287 -0.18468 0.031708 0.186998 0.955296 -0.229001 0.084127 0.0936545 -0.0122129 -0.6061 0.6061 -0.9782 0.9782 
0.417645 0.0120013 0.230874 0.97291 0.982287 -0.18468 0.031708 0.186998 0.955296 -0.229001 0.0833127 0.0988767 0.0139937 0.0219 -0.0219 -0.2402 0.2402 
0.403563 0.0379846 -0.279115 -0.959506 0.184806 -0.941673 0.281243 -0.982041 -0.188006 0.015813 0.0194806 0.0183889 -0.0704699 0.1419 -0.1419 0.6738 -0.6738 
0.359653 0.0120013 0.230874 0.97291 0.982287 -0.18468 0.031708 0.186998 0.955296 -0.229001 -0.0661454 0.106934 0.0350166 0.5048 -0.5048 0.4973 -0.4973 
0.347428 0.0375792 0.279059 0.959538 0.186436 0.941399 -0.281085 -0.981748 0.189455 -0.0166496 0.0852674 0.0121684 -0.0894833 0.1982 -0.1982 -0.3746 0.3746 
0.335588 0.0120013 0.230874 0.97291 0.982287 -0.18468 0.031708 0.186998 0.955296 -0.229001 -0.0643944 0.106314 -0.0155346 -0.7446 0.7446 -0.803 0.803 
0.313199 -0.0375589 -0.255461 -0.96609 -0.184814 0.95187 -0.244515 0.982056 0.169363 -0.082964 0.0877229 -0.0439224 0.0731531 -0.4014 0.4014 -1.2322 1.2322 
0.288262 -0.0380049 0.255516 0.966057 -0.186428 -0.951596 0.244357 0.981733 -0.170813 0.0838006 0.0785746 -0.0125549 0.0889154 0.1586 -0.1586 -0.4307 0.4307 
0.274625 -0.0380049 0.255516 0.966057 -0.186428 -0.951596 0.244357 0.981733 -0.170813 0.0838006 0.00500831 -0.00742488 0.0666856 0.1346 -0.1346 0.6729 -0.6729 
0.272652 0.0379846 -0.279115 -0.959506 0.184806 -0.941673 0.281243 -0.982041 -0.188006 0.015813 0.0687249 -0.0069142 -0.0733584 0.8694 -0.8694 0.4288 -0.4288 
0.262447 0.0379846 -0.279115 -0.959506 0.184806 -0.941673 0.281243 -0.982041 -0.188006 0.015813 -0.05333 0.0272313 -0.112338 0.1467 -0.1467 0.3236 -0.3236 
0.260152 -0.012427 0.303702 0.952686 -0.982279 0.174484 -0.0684358 -0.187012 -0.936654 0.296152 -0.0669329 -0.0721771 -0.0403659 0.54 -0.54 0.4646 -0.4646 
0.242024 0.0120013 0.230874 0.97291 0.982287 -0.18468 0.031708 0.186998 0.955296 -0.229001 -0.0654536 0.0918874 0.00694808 -0.0771 0.0771 -0.1449 0.1449 
0.23277 -0.012427 0.303702 0.952686 -0.982279 0.174484 -0.0684358 -0.187012 -0.936654 0.296152 -0.0677472 -0.0669549 -0.0141593 -0.1076 0.1076 -0.1134 0.1134 
0.213358 -0.012427 0.303702 0.952686 -0.982279 0.174484 -0.0684358 -0.187012 -0.936654 0.296152 -0.0686839 -0.0715571 0.0101853 -0.7313 0.7313 -0.8276 0.8276 
0.168869 -0.0375589 -0.255461 -0.96609 -0.184814 0.95187 -0.244515 0.982056 0.169363 -0.082964 -0.0603137 0.0076289 0.0772024 0.0657 -0.0657 0.2276 -0.2276 
0.120914 -0.012427 0.303702 0.952686 -0.982279 0.174484 -0.0684358 -0.187012 -0.936654 0.296152 0.106485 -0.0754847 -0.0343184 0.6608 -0.6608 0.3703 -0.3703 
0.114669 0.0120013 0.230874 0.97291 0.982287 -0.18468 0.031708 0.186998 0.955296 -0.229001 0.107027 0.0839776 0.0373403 0.6602 -0.6602 0.3698 -0.3698 
0.107082 -0.0375589 -0.255461 -0.96609 -0.184814 0.95187 -0.244515 0.982056 0.169363 -0.082964 -0.110921 -0.0194965 0.090496 0.0769 -0.0769 0.0863 -0.0863 
0.0839477 0.0120013 0.230874 0.97291 0.982287 -0.18468 0.031708 0.186998 0.955296 -0.229001 0.108087 0.0984041 0.0148576 0.0212 -0.0212 -0.2324 0.2324 
0.0788591 -0.012427 0.303702 0.952686 -0.982279 0.174484 -0.0684358 -0.187012 -0.936654 0.296152 0.105548 -0.0800869 -0.00997372 0.0219 -0.0219 -0.2317 0.2317 
0.0743012 0.0375792 0.279059 0.959538 0.186436 0.941399 -0.281085 -0.981748 0.189455 -0.0166496 0.0851932 0.0346702 -0.0750479 0.9084 -0.9084 0.2284 -0.2284 
0.0735897 0.0379846 -0.279115 -0.959506 0.184806 -0.941673 0.281243 -0.982041 -0.188006 0.015813 -0.0534043 0.0497332 -0.0979021 -0.4488 0.4488 -0.2759 0.2759 
0.0702392 -0.0375589 -0.255461 -0.96609 -0.184814 0.95187 -0.244515 0.982056 0.169363 -0.082964 -0.110239 0.00671774 0.0852934 0.7326 -0.7326 0.7451 -0.7451 
0.0556252 0.0120013 0.230874 0.97291 0.982287 -0.18468 0.031708 0.186998 0.955296 -0.229001 0.0577244 0.104571 0.0393363 0.5362 -0.5362 0.4668 -0.4668 
0.0539905 -0.012427 0.303702 0.952686 -0.982279 0.174484 -0.0684358 -0.187012 -0.936654 0.296152 0.0570594 -0.0647153 -0.0341843 0.5368 -0.5368 0.4674 -0.4674 
0.0509456 0.0120013 0.230874 0.97291 0.982287 -0.18468 0.031708 0.186998 0.955296 -0.229001 0.108901 0.093182 -0.011349 -0.6071 0.6071 -0.9644 0.9644 
0.0222743 -0.0120637 -0.303684 -0.952697 -0.982593 -0.173033 0.0675987 -0.185377 0.936929 -0.29631 -0.083127 -0.0748399 -0.0252507 -0.1249 0.1249 -0.0834 0.0834 
0.021982 0.0124894 -0.230892 -0.972899 0.982585 0.183229 -0.0308709 0.185392 -0.955571 0.229159 -0.0812569 0.100367 0.016952 -0.1246 0.1246 -0.0829 0.0829 
0.0110917 0.0124894 -0.230892 -0.972899 0.982585 0.183229 -0.0308709 0.185392 -0.955571 0.229159 -0.0803201 0.104969 -0.00739261 0.4876 -0.4876 0.5328 -0.5328 
0.00931603 -0.0120637 -0.303684 -0.952697 -0.982593 -0.173033 0.0675987 -0.185377 0.936929 -0.29631 -0.0840637 -0.0794421 -0.000906101 0.4872 -0.4872 0.5323 -0.5323 
0.00483132 0.0375792 0.279059 0.959538 0.186436 0.941399 -0.281085 -0.981748 0.189455 -0.0166496 0.084586 -0.0140459 -0.0842807 -0.4058 0.4058 -1.2502 1.2502 
