9.45688 0.416805 -0.255862 0.872243 -0.0160952 -0.961495 -0.274351 0.908854 0.100312 -0.404874 0.00811199 -0.00118654 0.119638 -0.537632 0 0 -0.500352 0 0 -0.343691 
9.07823 0.641968 0.612984 0.460572 -0.492178 0.790055 -0.365478 -0.58791 0.00794181 0.808888 0.0359736 -0.064468 -0.072493 -0.491975 0 0 -0.589992 0 0 -0.345367 
8.41772 0.880701 0.449744 -0.148646 -0.453057 0.891391 0.0127127 0.138219 0.0561488 0.988809 0.0718292 -0.069907 -0.0115531 -0.140744 0 0 -0.195198 0 0 0.0255517 
8.36022 0.843652 -0.390992 0.367934 -0.374733 -0.919595 -0.117984 0.384481 -0.0383395 -0.922336 0.0583751 -0.0370895 0.0848037 -0.186611 0 0 -0.154357 0 0 0.0360237 
8.06661 0.880701 0.449744 -0.148646 -0.453057 0.891391 0.0127127 0.138219 0.0561488 0.988809 0.0815403 -0.0734184 -0.00371639 -0.483178 0 0 -0.506007 0 0 -0.368824 
7.99625 -0.843656 -0.52257 -0.123146 0.374727 -0.737404 0.561975 -0.38448 0.427967 0.817936 -0.0644356 0.0261835 -0.0626161 -0.150587 0 0 -0.296148 0 0 0.028065 
7.64088 -0.843656 -0.52257 -0.123146 0.374727 -0.737404 0.561975 -0.38448 0.427967 0.817936 -0.0755546 0.0326718 -0.0610935 -0.494069 0 0 -0.62455 0 0 -0.356257 
7.4617 -0.843656 -0.52257 -0.123146 0.374727 -0.737404 0.561975 -0.38448 0.427967 0.817936 -0.0655772 -0.00254294 -0.0589095 0.132157 0 0 0.163573 0 0 0.516688 
7.38385 0.641968 0.612984 0.460572 -0.492178 0.790055 -0.365478 -0.58791 0.00794181 0.808888 0.0248546 -0.0579796 -0.0709704 -0.147446 0 0 -0.257402 0 0 0.0381181 
7.08487 -0.641965 0.300579 -0.70536 0.492184 0.866943 -0.078513 0.587908 -0.397569 -0.704487 -0.0270094 0.0541575 0.0914923 -0.59104 0 0 -0.122313 0 0 0.0291122 
6.91192 -0.416808 -0.657701 -0.627455 0.0160891 -0.695504 0.718342 -0.908852 0.289316 0.300474 -0.00701087 -0.0389802 -0.0765483 0.146817 0 0 0.163992 0 0 0.529255 
6.82157 0.254199 -0.675136 -0.692513 -0.351975 -0.731511 0.583956 -0.900831 0.0953062 -0.423581 0.0476816 -0.0638137 -0.0539213 -0.147446 0 0 -0.14221 0 0 -0.0431446 
6.77238 -0.776302 -0.348902 0.524997 0.513853 -0.832666 0.206452 0.365116 0.430041 0.825685 -0.0910954 0.0256763 0.00126779 0.140953 0 0 0.167761 0 0 0.526532 
6.59747 -0.641965 0.300579 -0.70536 0.492184 0.866943 -0.078513 0.587908 -0.397569 -0.704487 -0.0454004 0.0208004 0.0993359 -0.14954 0 0 -0.175092 0 0 -0.0619942 
6.57446 -0.843656 -0.52257 -0.123146 0.374727 -0.737404 0.561975 -0.38448 0.427967 0.817936 -0.0766962 0.00394541 -0.057387 -0.179909 0 0 -0.14221 0 0 -0.0508939 
6.56127 -0.641965 0.300579 -0.70536 0.492184 0.866943 -0.078513 0.587908 -0.397569 -0.704487 -0.0331398 0.0430385 0.0941069 -0.219284 0 0 -0.157918 0 0 0.028065 
6.53177 -0.0271768 0.22884 -0.973085 0.242991 0.945759 0.215628 0.969648 -0.230591 -0.0813088 0.0283985 0.0137015 0.113633 -0.578473 0 0 -0.502028 0 0 -0.35165 
6.52089 -0.254203 -0.238427 0.937301 0.351969 -0.925488 -0.139966 0.900832 0.294321 0.31918 -0.0686173 0.029147 0.0687326 0.167133 0 0 0.173416 0 0 0.552293 
6.49117 0.0271801 0.684723 0.728297 -0.242985 0.71124 -0.659618 -0.969649 -0.159037 0.185709 -0.0366837 -0.0286427 -0.0904961 -0.495116 0 0 -0.599417 0 0 -0.34788 
6.48698 -0.603529 0.622936 0.497698 0.148546 0.701113 -0.697405 -0.783382 -0.346973 -0.515677 -0.0886408 0.0161167 -0.0219689 0.161478 0 0 0.15352 0 0 0.517526 
6.40295 -0.880698 0.463819 -0.0961425 0.453063 0.765608 -0.456704 -0.13822 -0.445776 -0.884409 -0.102086 0.0362391 0.0320819 -0.49365 0 0 -0.506007 0 0 -0.400659 
6.36196 0.603532 0.290626 -0.742486 -0.14854 0.955885 0.253414 0.78338 -0.0426547 0.620077 0.0733241 -0.0502508 0.0755453 -0.481503 0 0 -0.48988 0 0 -0.395423 
6.28019 -0.416808 -0.657701 -0.627455 0.0160891 -0.695504 0.718342 -0.908852 0.289316 0.300474 -0.016722 -0.0354689 -0.084385 -0.176139 0 0 -0.144723 0 0 -0.0540355 
6.20583 0.843652 -0.390992 0.367934 -0.374733 -0.919595 -0.117984 0.384481 -0.0383395 -0.922336 0.0694942 -0.0435778 0.0832811 -0.520249 0 0 -0.501399 0 0 -0.356257 
6.12622 0.416805 -0.255862 0.872243 -0.0160952 -0.961495 -0.274351 0.908854 0.100312 -0.404874 -0.00159912 0.00232481 0.111802 -0.165248 0 0 -0.147027 0 0 0.029531 
6.01628 -0.0271768 0.22884 -0.973085 0.242991 0.945759 0.215628 0.969648 -0.230591 -0.0813088 0.0161378 -0.00853658 0.118862 -0.493441 0 0 -0.518573 0 0 -0.408617 
5.98844 -0.880698 0.463819 -0.0961425 0.453063 0.765608 -0.456704 -0.13822 -0.445776 -0.884409 -0.0923751 0.0327278 0.0399187 -0.14954 0 0 -0.167971 0 0 -0.0578054 
5.98347 -0.603529 0.622936 0.497698 0.148546 0.701113 -0.697405 -0.783382 -0.346973 -0.515677 -0.0938699 0.0130716 -0.0471797 -0.490927 0 0 -0.499933 0 0 -0.372594 
5.92186 -0.880698 0.463819 -0.0961425 0.453063 0.765608 -0.456704 -0.13822 -0.445776 -0.884409 -0.0826639 0.0292165 0.0477554 0.157918 0 0 0.138021 0 0 0.503913 
5.849 -0.641965 0.300579 -0.70536 0.492184 0.866943 -0.078513 0.587908 -0.397569 -0.704487 -0.0342814 0.0143121 0.0978134 0.161897 0 0 0.142629 0 0 0.519621 
5.8394 -0.776302 -0.348902 0.524997 0.513853 -0.832666 0.206452 0.365116 0.430041 0.825685 -0.0848483 0.0535789 0.00602868 -0.140744 0 0 -0.218655 0 0 0.00670208 
5.82727 -0.776302 -0.348902 0.524997 0.513853 -0.832666 0.206452 0.365116 0.430041 0.825685 -0.097109 0.0313409 0.0112578 -0.158546 0 0 -0.135927 0 0 -0.0368614 
5.76956 -0.641965 0.300579 -0.70536 0.492184 0.866943 -0.078513 0.587908 -0.397569 -0.704487 -0.0442588 0.0495268 0.0956294 -0.544335 0 0 -0.507054 0 0 -0.355629 
5.63113 -0.0271768 0.22884 -0.973085 0.242991 0.945759 0.215628 0.969648 -0.230591 -0.0813088 0.0221514 -0.0142011 0.108872 -0.140534 0 0 -0.157289 0 0 -0.0487995 
5.56894 0.0271801 0.684723 0.728297 -0.242985 0.71124 -0.659618 -0.969649 -0.159037 0.185709 -0.0487109 -0.0173135 -0.0705161 0.163573 0 0 0.157918 0 0 0.562137 
5.52932 -0.0271768 0.22884 -0.973085 0.242991 0.945759 0.215628 0.969648 -0.230591 -0.0813088 0.0344121 0.00803696 0.103643 -0.19834 0 0 -0.14598 0 0 0.0134042 
5.49463 -0.416808 -0.657701 -0.627455 0.0160891 -0.695504 0.718342 -0.908852 0.289316 0.300474 -0.0264331 -0.0319575 -0.0922218 -0.532815 0 0 -0.490927 0 0 -0.404848 
5.48802 -0.843656 -0.52257 -0.123146 0.374727 -0.737404 0.561975 -0.38448 0.427967 0.817936 -0.0878153 0.0104338 -0.0558644 -0.521296 0 0 -0.48632 0 0 -0.397727 
5.44306 0.776299 -0.564661 -0.280209 -0.513859 -0.824333 0.237539 -0.365115 -0.040413 -0.930085 0.0787879 -0.0644849 0.0161589 -0.150168 0 0 -0.150168 0 0 0.00020944 
5.43124 -0.0271768 0.22884 -0.973085 0.242991 0.945759 0.215628 0.969648 -0.230591 -0.0813088 0.028165 -0.0198657 0.0988816 0.171322 0 0 0.16462 0 0 0.560043 
5.36518 -0.641965 0.300579 -0.70536 0.492184 0.866943 -0.078513 0.587908 -0.397569 -0.704487 -0.0565195 0.0272887 0.100858 -0.498258 0 0 -0.524019 0 0 -0.410712 
5.34413 -0.416808 -0.657701 -0.627455 0.0160891 -0.695504 0.718342 -0.908852 0.289316 0.300474 -0.00446132 -0.0132308 -0.0896141 -0.151216 0 0 -0.220331 0 0 0.0150797 
5.2644 -0.776302 -0.348902 0.524997 0.513853 -0.832666 0.206452 0.365116 0.430041 0.825685 -0.103123 0.0370054 0.0212477 -0.490927 0 0 -0.478989 0 0 -0.38516 
5.23948 0.254199 -0.675136 -0.692513 -0.351975 -0.731511 0.583956 -0.900831 0.0953062 -0.423581 0.0450671 -0.0653362 -0.0665267 -0.513966 0 0 -0.490508 0 0 -0.403381 
5.17688 -0.880698 0.463819 -0.0961425 0.453063 0.765608 -0.456704 -0.13822 -0.445776 -0.884409 -0.0801144 0.0549659 0.0346896 -0.157918 0 0 -0.156242 0 0 0.00753984 
5.15532 0.0271801 0.684723 0.728297 -0.242985 0.71124 -0.659618 -0.969649 -0.159037 0.185709 -0.0426973 -0.0229781 -0.0805061 -0.146817 0 0 -0.187868 0 0 0.0108909 
5.07146 -0.776302 -0.348902 0.524997 0.513853 -0.832666 0.206452 0.365116 0.430041 0.825685 -0.0908619 0.0592435 0.0160186 -0.481503 0 0 -0.524438 0 0 -0.38139 
4.97823 0.776299 -0.564661 -0.280209 -0.513859 -0.824333 0.237539 -0.365115 -0.040413 -0.930085 0.0970621 -0.0479114 0.000939891 -0.48988 0 0 -0.488833 0 0 -0.393328 
4.83276 0.416805 -0.255862 0.872243 -0.0160952 -0.961495 -0.274351 0.908854 0.100312 -0.404874 -0.0113102 0.00583615 0.103965 0.165667 0 0 0.166714 0 0 0.607167 
4.79214 0.416805 -0.255862 0.872243 -0.0160952 -0.961495 -0.274351 0.908854 0.100312 -0.404874 0.0203727 0.0210516 0.114409 -0.490927 0 0 -0.513966 0 0 -0.405895 
4.75358 0.641968 0.612984 0.460572 -0.492178 0.790055 -0.365478 -0.58791 0.00794181 0.808888 0.0259962 -0.0292532 -0.0746769 0.141581 0 0 0.166714 0 0 0.526532 
4.75298 0.843652 -0.390992 0.367934 -0.374733 -0.919595 -0.117984 0.384481 -0.0383395 -0.922336 0.0706358 -0.0148514 0.0795746 -0.14598 0 0 -0.164829 0 0 -0.0567582 
4.73314 0.843652 -0.390992 0.367934 -0.374733 -0.919595 -0.117984 0.384481 -0.0383395 -0.922336 0.0817548 -0.0213397 0.078052 -0.49365 0 0 -0.50873 0 0 -0.405476 
4.72158 -0.254203 -0.238427 0.937301 0.351969 -0.925488 -0.139966 0.900832 0.294321 0.31918 -0.0633882 0.0321921 0.0939434 -0.489252 0 0 -0.487367 0 0 -0.357305 
4.71839 0.416805 -0.255862 0.872243 -0.0160952 -0.961495 -0.274351 0.908854 0.100312 -0.404874 0.0106615 0.0245629 0.106573 -0.140115 0 0 -0.159593 0 0 -0.049009 
4.71091 -0.0271768 0.22884 -0.973085 0.242991 0.945759 0.215628 0.969648 -0.230591 -0.0813088 0.0404257 0.0023724 0.0936526 0.148912 0 0 0.169228 0 0 0.580987 
4.70555 0.880701 0.449744 -0.148646 -0.453057 0.891391 0.0127127 0.138219 0.0561488 0.988809 0.0743788 -0.0441576 -0.024619 0.141581 0 0 0.169856 0 0 0.531768 
4.68024 -0.254203 -0.238427 0.937301 0.351969 -0.925488 -0.139966 0.900832 0.294321 0.31918 -0.0511275 0.0544302 0.0887143 -0.482131 0 0 -0.499724 0 0 -0.397517 
4.66838 0.603532 0.290626 -0.742486 -0.14854 0.955885 0.253414 0.78338 -0.0426547 0.620077 0.0855848 -0.0280127 0.0703162 -0.511871 0 0 -0.484225 0 0 -0.368196 
4.66172 0.0271801 0.684723 0.728297 -0.242985 0.71124 -0.659618 -0.969649 -0.159037 0.185709 -0.0304366 -0.000739999 -0.0857352 -0.161059 0 0 -0.141163 0 0 -0.0477523 
4.64602 0.776299 -0.564661 -0.280209 -0.513859 -0.824333 0.237539 -0.365115 -0.040413 -0.930085 0.0910485 -0.0422468 0.0109299 -0.145351 0 0 -0.152263 0 0 -0.0498467 
4.64382 0.776299 -0.564661 -0.280209 -0.513859 -0.824333 0.237539 -0.365115 -0.040413 -0.930085 0.0850349 -0.0365823 0.0209198 0.161478 0 0 0.149959 0 0 0.513966 
4.62499 -0.416808 -0.657701 -0.627455 0.0160891 -0.695504 0.718342 -0.908852 0.289316 0.300474 0.00524979 -0.0167421 -0.0817774 0.160431 0 0 0.16085 0 0 0.584756 
4.58663 -0.254203 -0.238427 0.937301 0.351969 -0.925488 -0.139966 0.900832 0.294321 0.31918 -0.0537421 0.0529077 0.0761089 -0.132366 0 0 -0.148074 0 0 -0.0299499 
4.5773 0.603532 0.290626 -0.742486 -0.14854 0.955885 0.253414 0.78338 -0.0426547 0.620077 0.0707096 -0.0517734 0.0629399 -0.132157 0 0 -0.135298 0 0 -0.0226195 
4.55009 0.603532 0.290626 -0.742486 -0.14854 0.955885 0.253414 0.78338 -0.0426547 0.620077 0.0803557 -0.0310578 0.0451054 0.158337 0 0 0.173416 0 0 0.548942 
4.52803 0.843652 -0.390992 0.367934 -0.374733 -0.919595 -0.117984 0.384481 -0.0383395 -0.922336 0.0595167 -0.00836305 0.0810971 0.163992 0 0 0.146189 0 0 0.521715 
4.52435 0.641968 0.612984 0.460572 -0.492178 0.790055 -0.365478 -0.58791 0.00794181 0.808888 0.0371152 -0.0357415 -0.0761995 -0.172997 0 0 -0.139068 0 0 -0.0467051 
4.52024 0.0271801 0.684723 0.728297 -0.242985 0.71124 -0.659618 -0.969649 -0.159037 0.185709 -0.0364502 0.00492456 -0.0757452 0.160012 0 0 0.165667 0 0 0.540146 
4.51779 0.0271801 0.684723 0.728297 -0.242985 0.71124 -0.659618 -0.969649 -0.159037 0.185709 -0.024423 -0.00640456 -0.0957251 -0.520249 0 0 -0.487367 0 0 -0.401287 
4.51192 -0.880698 0.463819 -0.0961425 0.453063 0.765608 -0.456704 -0.13822 -0.445776 -0.884409 -0.0862447 0.0438469 0.0373041 -0.122313 0 0 -0.176348 0 0 -0.0238762 
4.50254 -0.603529 0.622936 0.497698 0.148546 0.701113 -0.697405 -0.783382 -0.346973 -0.515677 -0.0816093 0.0353097 -0.0524088 -0.496582 0 0 -0.488205 0 0 -0.399193 
4.49527 -0.641965 0.300579 -0.70536 0.492184 0.866943 -0.078513 0.587908 -0.397569 -0.704487 -0.0392701 0.0319194 0.0967214 -0.114354 0 0 -0.185564 0 0 -0.0134042 
4.47103 -0.641965 0.300579 -0.70536 0.492184 0.866943 -0.078513 0.587908 -0.397569 -0.704487 -0.0503891 0.0384078 0.0982439 -0.461606 0 0 -0.53491 0 0 -0.38139 
4.46847 -0.0271768 0.22884 -0.973085 0.242991 0.945759 0.215628 0.969648 -0.230591 -0.0813088 0.0282818 -0.00308209 0.106257 -0.118124 0 0 -0.164829 0 0 -0.013823 
4.45682 -0.880698 0.463819 -0.0961425 0.453063 0.765608 -0.456704 -0.13822 -0.445776 -0.884409 -0.0959558 0.0473582 0.0294674 -0.475848 0 0 -0.5125 0 0 -0.390815 
4.44488 -0.880698 0.463819 -0.0961425 0.453063 0.765608 -0.456704 -0.13822 -0.445776 -0.884409 -0.0898255 0.0584772 0.0268528 -0.482131 0 0 -0.498258 0 0 -0.379715 
4.43451 0.416805 -0.255862 0.872243 -0.0160952 -0.961495 -0.274351 0.908854 0.100312 -0.404874 0.000950429 0.0280742 0.0987359 0.170275 0 0 0.157708 0 0 0.549571 
4.42205 0.880701 0.449744 -0.148646 -0.453057 0.891391 0.0127127 0.138219 0.0561488 0.988809 0.0840899 -0.0476689 -0.0167822 -0.162525 0 0 -0.134251 0 0 -0.0374898 
4.40571 0.603532 0.290626 -0.742486 -0.14854 0.955885 0.253414 0.78338 -0.0426547 0.620077 0.0829702 -0.0295353 0.0577108 -0.147446 0 0 -0.131319 0 0 -0.022829 
4.36361 -0.0271768 0.22884 -0.973085 0.242991 0.945759 0.215628 0.969648 -0.230591 -0.0813088 0.0222682 0.00258247 0.116247 -0.45993 0 0 -0.530093 0 0 -0.377201 
4.36015 -0.0271768 0.22884 -0.973085 0.242991 0.945759 0.215628 0.969648 -0.230591 -0.0813088 0.0342954 -0.00874665 0.0962671 0.180328 0 0 0.16085 0 0 0.572609 
4.34947 0.254199 -0.675136 -0.692513 -0.351975 -0.731511 0.583956 -0.900831 0.0953062 -0.423581 0.0573278 -0.0430981 -0.0717558 -0.495744 0 0 -0.496792 0 0 -0.366729 
4.3489 -0.416808 -0.657701 -0.627455 0.0160891 -0.695504 0.718342 -0.908852 0.289316 0.300474 -0.000880541 -0.0278612 -0.0791628 0.144723 0 0 0.179909 0 0 0.561509 
4.32521 0.254199 -0.675136 -0.692513 -0.351975 -0.731511 0.583956 -0.900831 0.0953062 -0.423581 0.053812 -0.0526946 -0.0565359 -0.149121 0 0 -0.137393 0 0 -0.0316254 
4.32487 -0.603529 0.622936 0.497698 0.148546 0.701113 -0.697405 -0.783382 -0.346973 -0.515677 -0.085125 0.0257132 -0.0371889 -0.139068 0 0 -0.146817 0 0 -0.0368614 
4.31907 -0.880698 0.463819 -0.0961425 0.453063 0.765608 -0.456704 -0.13822 -0.445776 -0.884409 -0.0765336 0.0403355 0.0451409 0.186611 0 0 0.129434 0 0 0.583709 
4.30034 -0.776302 -0.348902 0.524997 0.513853 -0.832666 0.206452 0.365116 0.430041 0.825685 -0.0909786 0.0424599 0.00864322 -0.160012 0 0 -0.114354 0 0 -0.0111003 
4.29297 0.776299 -0.564661 -0.280209 -0.513859 -0.824333 0.237539 -0.365115 -0.040413 -0.930085 0.0848015 -0.0701495 0.00616897 -0.488414 0 0 -0.492603 0 0 -0.389349 
4.28718 -0.843656 -0.52257 -0.123146 0.374727 -0.737404 0.561975 -0.38448 0.427967 0.817936 -0.0594468 0.00857611 -0.0615241 0.129434 0 0 0.192266 0 0 0.591459 
4.28331 0.416805 -0.255862 0.872243 -0.0160952 -0.961495 -0.274351 0.908854 0.100312 -0.404874 0.0142423 0.00993251 0.117024 -0.454275 0 0 -0.52716 0 0 -0.373432 
4.27144 -0.776302 -0.348902 0.524997 0.513853 -0.832666 0.206452 0.365116 0.430041 0.825685 -0.0969922 0.0481245 0.0186332 -0.491975 0 0 -0.469564 0 0 -0.382856 
4.26061 0.416805 -0.255862 0.872243 -0.0160952 -0.961495 -0.274351 0.908854 0.100312 -0.404874 0.00453121 0.0134439 0.109187 -0.11226 0 0 -0.16839 0 0 -0.00691152 
4.25958 -0.776302 -0.348902 0.524997 0.513853 -0.832666 0.206452 0.365116 0.430041 0.825685 -0.0849651 0.0367953 -0.00134675 0.138859 0 0 0.193313 0 0 0.602349 
4.24629 0.641968 0.612984 0.460572 -0.492178 0.790055 -0.365478 -0.58791 0.00794181 0.808888 0.0482343 -0.0422299 -0.077722 -0.519202 0 0 -0.483597 0 0 -0.397098 
4.24246 -0.603529 0.622936 0.497698 0.148546 0.701113 -0.697405 -0.783382 -0.346973 -0.515677 -0.0912554 0.0145942 -0.0345743 -0.142629 0 0 -0.143885 0 0 -0.0362331 
4.2147 -0.603529 0.622936 0.497698 0.148546 0.701113 -0.697405 -0.783382 -0.346973 -0.515677 -0.0825105 0.0272358 -0.0245835 0.175511 0 0 0.148912 0 0 0.562556 
4.21205 0.603532 0.290626 -0.742486 -0.14854 0.955885 0.253414 0.78338 -0.0426547 0.620077 0.0794544 -0.0391318 0.0729307 -0.471659 0 0 -0.494697 0 0 -0.380343 
4.20642 -0.641965 0.300579 -0.70536 0.492184 0.866943 -0.078513 0.587908 -0.397569 -0.704487 -0.028151 0.0254311 0.0951988 0.188705 0 0 0.134251 0 0 0.586223 
4.19567 -0.843656 -0.52257 -0.123146 0.374727 -0.737404 0.561975 -0.38448 0.427967 0.817936 -0.0705659 0.0150645 -0.0600015 -0.182422 0 0 -0.107652 0 0 -0.00376992 
4.18334 -0.254203 -0.238427 0.937301 0.351969 -0.925488 -0.139966 0.900832 0.294321 0.31918 -0.0624869 0.0402661 0.0661181 0.167133 0 0 0.180747 0 0 0.584128 
4.17139 -0.254203 -0.238427 0.937301 0.351969 -0.925488 -0.139966 0.900832 0.294321 0.31918 -0.0598724 0.0417886 0.0787235 -0.127549 0 0 -0.139068 0 0 -0.0184307 
4.15972 0.880701 0.449744 -0.148646 -0.453057 0.891391 0.0127127 0.138219 0.0561488 0.988809 0.093801 -0.0511803 -0.00894547 -0.499933 0 0 -0.47878 0 0 -0.388302 
4.1502 0.843652 -0.390992 0.367934 -0.374733 -0.919595 -0.117984 0.384481 -0.0383395 -0.922336 0.0645054 -0.0259704 0.0821891 -0.110794 0 0 -0.178443 0 0 -0.00963424 
4.14235 0.776299 -0.564661 -0.280209 -0.513859 -0.824333 0.237539 -0.365115 -0.040413 -0.930085 0.0849182 -0.0533659 0.0135444 -0.123988 0 0 -0.163782 0 0 -0.0249234 
4.14179 -0.843656 -0.52257 -0.123146 0.374727 -0.737404 0.561975 -0.38448 0.427967 0.817936 -0.0816849 0.0215528 -0.058479 -0.524019 0 0 -0.452809 0 0 -0.373013 
4.12962 -0.254203 -0.238427 0.937301 0.351969 -0.925488 -0.139966 0.900832 0.294321 0.31918 -0.0572579 0.0433112 0.0913289 -0.464328 0 0 -0.504541 0 0 -0.376154 
4.10549 0.776299 -0.564661 -0.280209 -0.513859 -0.824333 0.237539 -0.365115 -0.040413 -0.930085 0.0909318 -0.0590304 0.00355443 -0.481084 0 0 -0.498886 0 0 -0.392909 
4.07151 0.254199 -0.675136 -0.692513 -0.351975 -0.731511 0.583956 -0.900831 0.0953062 -0.423581 0.0511974 -0.0542172 -0.0691413 -0.516688 0 0 -0.473125 0 0 -0.381809 
4.05515 -0.416808 -0.657701 -0.627455 0.0160891 -0.695504 0.718342 -0.908852 0.289316 0.300474 -0.0105917 -0.0243498 -0.0869996 -0.178862 0 0 -0.116658 0 0 -0.0127758 
4.04558 0.00356432 0.809147 -0.587596 0.866348 0.290967 0.40593 0.499428 -0.510509 -0.699966 0.0418976 0.086957 0.0778006 -0.142629 0 0 -0.410921 0 0 -0.00691152 
4.04496 0.843652 -0.390992 0.367934 -0.374733 -0.919595 -0.117984 0.384481 -0.0383395 -0.922336 0.0756245 -0.0324588 0.0806666 -0.46014 0 0 -0.523391 0 0 -0.380762 
4.03418 0.641968 0.612984 0.460572 -0.492178 0.790055 -0.365478 -0.58791 0.00794181 0.808888 0.0198659 -0.0403722 -0.0720624 0.136764 0 0 0.193313 0 0 0.592087 
4.03161 0.0271801 0.684723 0.728297 -0.242985 0.71124 -0.659618 -0.969649 -0.159037 0.185709 -0.0365669 -0.011859 -0.0831206 -0.167343 0 0 -0.11959 0 0 -0.013823 
4.01319 0.254199 -0.675136 -0.692513 -0.351975 -0.731511 0.583956 -0.900831 0.0953062 -0.423581 0.0564265 -0.0511721 -0.0439305 0.171531 0 0 0.159803 0 0 0.559624 
4.00201 -0.603529 0.622936 0.497698 0.148546 0.701113 -0.697405 -0.783382 -0.346973 -0.515677 -0.0877396 0.0241907 -0.0497943 -0.502865 0 0 -0.478989 0 0 -0.383904 
3.96145 0.776299 -0.564661 -0.280209 -0.513859 -0.824333 0.237539 -0.365115 -0.040413 -0.930085 0.0789046 -0.0477013 0.0235344 0.187658 0 0 0.138859 0 0 0.588945 
3.95155 -0.254203 -0.238427 0.937301 0.351969 -0.925488 -0.139966 0.900832 0.294321 0.31918 -0.0660027 0.0306696 0.081338 -0.132785 0 0 -0.133413 0 0 -0.00900592 
3.95067 0.0271801 0.684723 0.728297 -0.242985 0.71124 -0.659618 -0.969649 -0.159037 0.185709 -0.0425805 -0.00619449 -0.0731307 0.155195 0 0 0.17572 0 0 0.55334 
3.94844 0.416805 -0.255862 0.872243 -0.0160952 -0.961495 -0.274351 0.908854 0.100312 -0.404874 -0.0051799 0.0169552 0.10135 0.186192 0 0 0.153729 0 0 0.580987 
3.94138 0.880701 0.449744 -0.148646 -0.453057 0.891391 0.0127127 0.138219 0.0561488 0.988809 0.0779596 -0.058788 -0.0141677 -0.16462 0 0 -0.106605 0 0 -0.00230384 
3.93981 0.603532 0.290626 -0.742486 -0.14854 0.955885 0.253414 0.78338 -0.0426547 0.620077 0.0768399 -0.0406543 0.0603253 -0.136345 0 0 -0.127549 0 0 -0.0226195 
3.93192 0.880701 0.449744 -0.148646 -0.453057 0.891391 0.0127127 0.138219 0.0561488 0.988809 0.0682484 -0.0552766 -0.0220044 0.13844 0 0 0.19813 0 0 0.61345 
3.93173 0.843652 -0.390992 0.367934 -0.374733 -0.919595 -0.117984 0.384481 -0.0383395 -0.922336 0.0533864 -0.0194821 0.0837117 0.192894 0 0 0.136345 0 0 0.597742 
3.90068 0.880701 0.449744 -0.148646 -0.453057 0.891391 0.0127127 0.138219 0.0561488 0.988809 0.0876707 -0.0622993 -0.00633093 -0.499933 0 0 -0.46014 0 0 -0.378249 
3.89737 0.641968 0.612984 0.460572 -0.492178 0.790055 -0.365478 -0.58791 0.00794181 0.808888 0.0309849 -0.0468606 -0.0735849 -0.177815 0 0 -0.104092 0 0 0.00188496 
3.85135 -0.603529 0.622936 0.497698 0.148546 0.701113 -0.697405 -0.783382 -0.346973 -0.515677 -0.0789947 0.0368323 -0.0398034 -0.133832 0 0 -0.143257 0 0 -0.0362331 
3.83198 0.641968 0.612984 0.460572 -0.492178 0.790055 -0.365478 -0.58791 0.00794181 0.808888 0.042104 -0.0533489 -0.0751075 -0.523391 0 0 -0.447364 0 0 -0.367777 
3.82693 0.880701 0.449744 -0.148646 -0.453057 0.891391 0.0127127 0.138219 0.0561488 0.988809 0.0999313 -0.0400612 -0.01156 -0.473125 0 0 -0.497211 0 0 -0.395004 
3.80431 0.603532 0.290626 -0.742486 -0.14854 0.955885 0.253414 0.78338 -0.0426547 0.620077 0.0742253 -0.0421769 0.0477199 0.158965 0 0 0.187658 0 0 0.600464 
3.77014 -0.416808 -0.657701 -0.627455 0.0160891 -0.695504 0.718342 -0.908852 0.289316 0.300474 -0.0203028 -0.0208385 -0.0948363 -0.535538 0 0 -0.455741 0 0 -0.372384 
3.76345 -0.603529 0.622936 0.497698 0.148546 0.701113 -0.697405 -0.783382 -0.346973 -0.515677 -0.0763802 0.0383548 -0.027198 0.172997 0 0 0.158337 0 0 0.617639 
3.72349 0.0271801 0.684723 0.728297 -0.242985 0.71124 -0.659618 -0.969649 -0.159037 0.185709 -0.0305533 -0.0175236 -0.0931106 -0.526113 0 0 -0.455741 0 0 -0.37029 
3.71307 -0.25073 0.835646 -0.488702 0.943107 0.0969818 -0.318032 -0.218367 -0.540639 -0.81242 0.0144425 0.123741 0.0163802 -0.151216 0 0 -0.251537 0 0 -0.00900592 
3.70076 0.254199 -0.675136 -0.692513 -0.351975 -0.731511 0.583956 -0.900831 0.0953062 -0.423581 0.0502962 -0.0622911 -0.0413159 0.166086 0 0 0.162944 0 0 0.599208 
3.62751 0.254199 -0.675136 -0.692513 -0.351975 -0.731511 0.583956 -0.900831 0.0953062 -0.423581 0.0599423 -0.0415756 -0.0591504 -0.143257 0 0 -0.130691 0 0 -0.0215723 
3.58241 0.0653299 -0.978436 0.195947 -0.865218 -0.15337 -0.477362 0.497121 -0.138351 -0.85658 -0.031612 -0.100048 0.101077 -0.128177 0 0 -0.462653 0 0 -0.00439824 
3.37096 -0.308393 -0.854696 0.417598 0.837955 -0.0362979 0.544532 -0.450251 0.517858 0.727391 -0.00815576 0.0946829 -0.0751902 -0.615963 0 0 -0.461606 0 0 -0.359818 
3.22241 -0.308393 -0.854696 0.417598 0.837955 -0.0362979 0.544532 -0.450251 0.517858 0.727391 -0.00603197 0.0828087 -0.0755328 -0.322328 0 0 -0.144723 0 0 -0.00900592 
3.18521 0.0271801 0.684723 0.728297 -0.242985 0.71124 -0.659618 -0.969649 -0.159037 0.185709 -0.0303199 0.0160436 -0.0783597 0.201272 0 0 0.156242 0 0 0.601931 
3.13784 -0.603529 0.622936 0.497698 0.148546 0.701113 -0.697405 -0.783382 -0.346973 -0.515677 -0.0754789 0.0464287 -0.0550233 -0.446945 0 0 -0.501399 0 0 -0.35521 
3.06281 -0.254203 -0.238427 0.937301 0.351969 -0.925488 -0.139966 0.900832 0.294321 0.31918 -0.0449972 0.0655493 0.0860998 -0.503075 0 0 -0.464119 0 0 -0.362541 
3.04118 -0.0892628 -0.812067 0.576697 0.957802 -0.228815 -0.17395 0.273216 0.536835 0.798224 0.00759622 0.123332 -0.0118818 -0.22431 0 0 -0.130272 0 0 -0.0207346 
2.94084 0.0465544 0.982248 -0.181719 -0.965353 0.0909992 0.244566 0.256761 0.164037 0.952452 -0.0413399 -0.139479 0.00677381 -0.270596 0 0 -0.131738 0 0 -0.0134042 
2.81743 -0.25073 0.835646 -0.488702 0.943107 0.0969818 -0.318032 -0.218367 -0.540639 -0.81242 0.0102789 0.131895 0.00851893 -0.476267 0 0 -0.509777 0 0 -0.35898 
2.75931 -0.358148 0.900923 -0.245088 0.467407 -0.0542323 -0.882377 -0.808246 -0.430578 -0.401674 -0.00544149 0.103145 -0.0547517 -0.150587 0 0 -0.126502 0 0 -0.0169646 
2.68192 -0.25073 0.835646 -0.488702 0.943107 0.0969818 -0.318032 -0.218367 -0.540639 -0.81242 0.0186061 0.115587 0.0242415 0.141581 0 0 0.00753984 0 0 0.552084 
2.62019 -0.308393 -0.854696 0.417598 0.837955 -0.0362979 0.544532 -0.450251 0.517858 0.727391 -0.00390818 0.0709345 -0.0758754 -0.00753984 0 0 0.139487 0 0 0.551665 
2.55618 0.0653299 -0.978436 0.195947 -0.865218 -0.15337 -0.477362 0.497121 -0.138351 -0.85658 -0.0319156 -0.0877083 0.101091 0.163992 0 0 -0.182422 0 0 0.56486 
2.52643 0.00356432 0.809147 -0.587596 0.866348 0.290967 0.40593 0.499428 -0.510509 -0.699966 0.0440214 0.0750828 0.077458 0.151006 0 0 -0.0971802 0 0 0.537004 
2.50692 -0.0271768 0.22884 -0.973085 0.242991 0.945759 0.215628 0.969648 -0.230591 -0.0813088 0.046556 0.0134914 0.091038 -0.291959 0 0 0.178233 0 0 0.57952 
2.44302 -0.0227272 0.984802 -0.172189 -0.866303 -0.105366 -0.488279 -0.499001 0.13807 0.855532 -0.048105 -0.10028 -0.0587773 -0.396679 0 0 -0.129643 0 0 -0.00397936 
2.40752 -0.416808 -0.657701 -0.627455 0.0160891 -0.695504 0.718342 -0.908852 0.289316 0.300474 -0.0131412 -0.0500993 -0.0739337 0.184936 0 0 0.147446 0 0 0.564231 
2.3712 -0.346872 -0.924944 0.155429 0.227244 0.0779002 0.970717 -0.909967 0.372035 0.183167 0.00535474 0.000972414 -0.0876225 0.118962 0 0 0.134879 0 0 0.53847 
2.29862 -0.255766 0.966739 0.000541831 -0.282094 -0.0740963 -0.956521 -0.924666 -0.244799 0.291662 -0.00726666 0.0285966 -0.102273 -0.465376 0 0 -0.445479 0 0 -0.364635 
2.26293 -0.00355769 0.99454 0.1043 -0.866347 0.0490258 -0.497031 -0.49943 -0.0921283 0.861442 0.0107131 -0.0235062 -0.0778547 0.146399 0 0 0.161897 0 0 0.520877 
2.16917 -0.00355769 0.99454 0.1043 -0.866347 0.0490258 -0.497031 -0.49943 -0.0921283 0.861442 0.0128369 -0.0353803 -0.0781974 -0.140115 0 0 -0.128596 0 0 -0.0238762 
2.1415 -0.182161 -0.981659 -0.0562336 -0.516583 0.0468839 0.854952 -0.836636 0.184788 -0.515649 0.0212699 -0.0548956 -0.0715078 -0.498258 0 0 -0.480455 0 0 -0.356257 
2.09179 0.358155 0.902764 -0.238208 -0.467405 0.394225 0.791277 0.808243 -0.17206 0.56315 0.0752073 -0.0491023 0.0620506 -0.465795 0 0 -0.468517 0 0 -0.361493 
2.08308 -0.358148 0.900923 -0.245088 0.467407 -0.0542323 -0.882377 -0.808246 -0.430578 -0.401674 -0.00920591 0.102803 -0.0662118 -0.471659 0 0 -0.44129 0 0 -0.365263 
2.07406 -0.255766 0.966739 0.000541831 -0.282094 -0.0740963 -0.956521 -0.924666 -0.244799 0.291662 -0.00494645 0.0458738 -0.0855812 0.14221 0 0 0.165667 0 0 0.527998 
2.05542 0.0465544 0.982248 -0.181719 -0.965353 0.0909992 0.244566 0.256761 0.164037 0.952452 -0.0403565 -0.148195 0.0154585 -0.542868 0 0 -0.4637 0 0 -0.371547 
2.01909 0.358155 0.902764 -0.238208 -0.467405 0.394225 0.791277 0.808243 -0.17206 0.56315 0.0714428 -0.0494449 0.0505905 -0.147027 0 0 -0.147027 0 0 -0.0113098 
1.95666 -0.346872 -0.924944 0.155429 0.227244 0.0779002 0.970717 -0.909967 0.372035 0.183167 0.00119114 0.00912645 -0.0954838 -0.278346 0 0 -0.154357 0 0 -0.00649264 
1.93717 0.254199 -0.675136 -0.692513 -0.351975 -0.731511 0.583956 -0.900831 0.0953062 -0.423581 0.0389368 -0.0764553 -0.0639122 -0.465376 0 0 -0.512919 0 0 -0.373432 
1.93526 0.00356432 0.809147 -0.587596 0.866348 0.290967 0.40593 0.499428 -0.510509 -0.699966 0.0327545 0.072959 0.0812224 0.158965 0 0 -0.543706 0 0 0.518155 
1.93276 -0.255766 0.966739 0.000541831 -0.282094 -0.0740963 -0.956521 -0.924666 -0.244799 0.291662 -0.00610656 0.0372352 -0.093927 -0.143257 0 0 -0.120847 0 0 -0.024295 
1.92464 -0.00355769 0.99454 0.1043 -0.866347 0.0490258 -0.497031 -0.49943 -0.0921283 0.861442 0.0149607 -0.0472545 -0.07854 -0.460977 0 0 -0.455741 0 0 -0.375107 
1.86749 0.00356432 0.809147 -0.587596 0.866348 0.290967 0.40593 0.499428 -0.510509 -0.699966 0.0531645 0.0890808 0.0740362 -0.147027 0 0 -0.145351 0 0 -0.017593 
1.84539 0.0271801 0.684723 0.728297 -0.242985 0.71124 -0.659618 -0.969649 -0.159037 0.185709 -0.0243063 0.010379 -0.0883497 -0.0946669 0 0 -0.164201 0 0 0.0569677 
1.83853 0.346865 -0.878742 0.327866 -0.227245 -0.417893 -0.879617 0.909969 0.230602 -0.344643 0.0692026 0.0454019 0.089855 -0.153101 0 0 -0.178862 0 0 -0.00607376 
1.83821 0.255773 0.836948 -0.483837 0.282095 0.414089 0.865421 0.924664 -0.357839 -0.130186 0.0721079 0.0164652 0.0897658 -0.139068 0 0 -0.142838 0 0 -0.019059 
1.8203 0.182154 -0.822027 0.539529 0.516582 -0.386876 -0.763852 0.836638 0.41785 0.354173 0.0491238 0.109424 0.0658791 -0.474591 0 0 -0.514385 0 0 -0.352697 
1.81445 -0.0786935 0.973928 -0.21277 -0.259785 -0.226092 -0.938826 -0.962455 -0.0186051 0.270804 -0.0510339 -0.0172485 -0.0687056 0.136345 0 0 0.159384 0 0 0.535957 
1.78453 0.250737 0.96804 0.00540672 -0.943106 0.243011 0.226931 0.218364 -0.061999 0.973896 0.0557225 -0.0781944 -0.0126801 -0.476267 0 0 -0.474172 0 0 -0.356257 
1.77944 0.255773 0.836948 -0.483837 0.282095 0.414089 0.865421 0.924664 -0.357839 -0.130186 0.073268 0.0251038 0.0981116 -0.463281 0 0 -0.469983 0 0 -0.361912 
1.77554 0.182154 -0.822027 0.539529 0.516582 -0.386876 -0.763852 0.836638 0.41785 0.354173 0.0453594 0.109081 0.0544189 -0.145351 0 0 -0.176348 0 0 -0.00586432 
1.7633 0.346865 -0.878742 0.327866 -0.227245 -0.417893 -0.879617 0.909969 0.230602 -0.344643 0.065039 0.053556 0.0819937 0.138859 0 0 0.108699 0 0 0.552084 
1.76194 0.0885672 0.967763 -0.235778 -0.498912 0.247976 0.830419 0.862115 0.0440847 0.504791 -0.0352553 -0.120619 0.080845 -0.156871 0 0 -0.136555 0 0 -0.0316254 
1.74783 0.00356432 0.809147 -0.587596 0.866348 0.290967 0.40593 0.499428 -0.510509 -0.699966 0.0552883 0.0772066 0.0736935 0.147236 0 0 0.142629 0 0 0.529674 
1.72357 -0.182161 -0.981659 -0.0562336 -0.516583 0.0468839 0.854952 -0.836636 0.184788 -0.515649 0.0250344 -0.054553 -0.0600477 -0.124826 0 0 -0.154148 0 0 -0.0159174 
1.7229 -0.0892628 -0.812067 0.576697 0.957802 -0.228815 -0.17395 0.273216 0.536835 0.798224 0.00643611 0.114693 -0.0202277 0.0431446 0 0 0.151006 0 0 0.541821 
1.71878 -0.308393 -0.854696 0.417598 0.837955 -0.0362979 0.544532 -0.450251 0.517858 0.727391 -0.015175 0.0688108 -0.072111 -0.441081 0 0 0.154567 0 0 0.547476 
1.71494 0.308386 -0.94899 0.0656977 -0.837956 -0.303695 -0.453431 0.450253 0.08478 -0.888867 0.0743019 -0.0164062 0.0702467 0.135717 0 0 0.131738 0 0 0.544963 
1.71336 0.0653299 -0.978436 0.195947 -0.865218 -0.15337 -0.477362 0.497121 -0.138351 -0.85658 -0.0442073 -0.0880119 0.102178 0.145351 0 0 0.152053 0 0 0.556901 
1.68852 -0.0892628 -0.812067 0.576697 0.957802 -0.228815 -0.17395 0.273216 0.536835 0.798224 0.0188631 0.125455 -0.0156462 -0.133832 0 0 -0.144723 0 0 -0.0186402 
1.66161 0.358155 0.902764 -0.238208 -0.467405 0.394225 0.791277 0.808243 -0.17206 0.56315 0.0676784 -0.0497875 0.0391303 0.138021 0 0 0.140115 0 0 0.544335 
1.65117 -0.065337 -0.945324 0.319522 0.865218 0.105853 0.490095 -0.49712 0.308477 0.810995 -0.0484031 0.00709402 -0.0588679 0.146817 0 0 0.167343 0 0 0.532815 
1.63656 0.255773 0.836948 -0.483837 0.282095 0.414089 0.865421 0.924664 -0.357839 -0.130186 0.0709478 0.00782665 0.08142 0.147236 0 0 0.144723 0 0 0.537004 
1.62304 0.0465544 0.982248 -0.181719 -0.965353 0.0909992 0.244566 0.256761 0.164037 0.952452 -0.0423232 -0.130763 -0.0019109 -0.00188496 0 0 0.162525 0 0 0.569048 
1.61388 0.182154 -0.822027 0.539529 0.516582 -0.386876 -0.763852 0.836638 0.41785 0.354173 0.0415949 0.108739 0.0429588 0.147446 0 0 0.131738 0 0 0.53491 
1.60749 0.0892562 -0.99162 -0.0934017 -0.957803 -0.111178 0.265051 -0.273214 0.065803 -0.9597 0.0639576 -0.0601648 0.0145989 0.141581 0 0 0.152682 0 0 0.515641 
1.60708 0.000962893 -0.985543 0.169421 -0.965915 0.0429393 0.255273 -0.258858 -0.163892 -0.95191 -0.0481825 -0.130959 0.0452317 0.145351 0 0 0.157708 0 0 0.558995 
1.60589 0.416805 -0.255862 0.872243 -0.0160952 -0.961495 -0.274351 0.908854 0.100312 -0.404874 -0.0174406 -0.0052829 0.10658 -0.537632 0 0 0.182422 0 0 0.608214 
1.60473 -0.0227272 0.984802 -0.172189 -0.866303 -0.105366 -0.488279 -0.499001 0.13807 0.855532 -0.0484086 -0.0879406 -0.0587639 -0.0433541 0 0 0.162525 0 0 0.563184 
1.58641 0.308386 -0.94899 0.0656977 -0.837956 -0.303695 -0.453431 0.450253 0.08478 -0.888867 0.0672826 -0.0422783 0.0733259 -0.458045 0 0 -0.4637 0 0 -0.376573 
1.58001 -0.308393 -0.854696 0.417598 0.837955 -0.0362979 0.544532 -0.450251 0.517858 0.727391 0.00311111 0.0968067 -0.0789546 -0.454275 0 0 -0.4637 0 0 -0.364007 
1.57984 0.255773 0.836948 -0.483837 0.282095 0.414089 0.865421 0.924664 -0.357839 -0.130186 0.060841 0.0143414 0.0935302 -0.130691 0 0 -0.415529 0 0 -0.0180118 
1.57004 -0.0892628 -0.812067 0.576697 0.957802 -0.228815 -0.17395 0.273216 0.536835 0.798224 0.00875632 0.13197 -0.00353599 -0.50873 0 0 -0.450505 0 0 -0.366101 
1.56804 -0.346872 -0.924944 0.155429 0.227244 0.0779002 0.970717 -0.909967 0.372035 0.183167 0.00829442 0.0194043 -0.107109 -0.447573 0 0 -0.476267 0 0 -0.365682 
1.56384 -0.0914326 -0.96213 0.256801 0.257688 0.226237 0.939369 -0.961892 0.152063 0.227244 -0.0495158 -0.0461879 -0.0863326 -0.480036 0 0 -0.453228 0 0 -0.372384 
1.55827 0.308386 -0.94899 0.0656977 -0.837956 -0.303695 -0.453431 0.450253 0.08478 -0.888867 0.0764257 -0.0282803 0.0699041 -0.152053 0 0 -0.144932 0 0 -0.0211534 
1.54678 -0.0914326 -0.96213 0.256801 0.257688 0.226237 0.939369 -0.961892 0.152063 0.227244 -0.0485325 -0.0549039 -0.0776479 -0.146399 0 0 -0.122941 0 0 -0.0257611 
1.5372 0.308386 -0.94899 0.0656977 -0.837956 -0.303695 -0.453431 0.450253 0.08478 -0.888867 0.0876925 -0.0261566 0.0661396 -0.143257 0 0 -0.232269 0 0 -0.0194779 
1.53701 -0.308393 -0.854696 0.417598 0.837955 -0.0362979 0.544532 -0.450251 0.517858 0.727391 0.0052349 0.0849325 -0.0792972 -0.129643 0 0 -0.14598 0 0 -0.0211534 
1.52614 -0.0271768 0.22884 -0.973085 0.242991 0.945759 0.215628 0.969648 -0.230591 -0.0813088 0.0160211 -0.0253202 0.111486 -0.163154 0 0 -0.0957141 0 0 0.0406314 
1.51618 -0.308393 -0.854696 0.417598 0.837955 -0.0362979 0.544532 -0.450251 0.517858 0.727391 0.00735869 0.0730583 -0.0796399 0.160012 0 0 0.13844 0 0 0.519621 
1.51446 0.250737 0.96804 0.00540672 -0.943106 0.243011 0.226931 0.218364 -0.061999 0.973896 0.0515589 -0.0700403 -0.0205414 -0.150587 0 0 -0.151635 0 0 -0.0100531 
1.51267 0.346865 -0.878742 0.327866 -0.227245 -0.417893 -0.879617 0.909969 0.230602 -0.344643 0.0733662 0.0372479 0.0977163 -0.479408 0 0 -0.488833 0 0 -0.358771 
1.48908 -0.0892628 -0.812067 0.576697 0.957802 -0.228815 -0.17395 0.273216 0.536835 0.798224 0.0200232 0.134094 -0.00730041 -0.463281 0 0 -0.483597 0 0 -0.356886 
1.48803 0.0653299 -0.978436 0.195947 -0.865218 -0.15337 -0.477362 0.497121 -0.138351 -0.85658 -0.0439037 -0.100352 0.102164 -0.150168 0 0 -0.140115 0 0 -0.00816816 
1.47112 0.358155 0.902764 -0.238208 -0.467405 0.394225 0.791277 0.808243 -0.17206 0.56315 0.060176 -0.0515687 0.0543549 -0.130272 0 0 -0.158337 0 0 -0.0270178 
1.46358 -0.065337 -0.945324 0.319522 0.865218 0.105853 0.490095 -0.49712 0.308477 0.810995 -0.0487067 0.0194337 -0.0588545 -0.14954 0 0 -0.125455 0 0 -0.028065 
1.45292 0.358155 0.902764 -0.238208 -0.467405 0.394225 0.791277 0.808243 -0.17206 0.56315 0.0827097 -0.0473211 0.046826 -0.305154 0 0 -0.135508 0 0 -0.00753984 
1.45002 -0.00355769 0.99454 0.1043 -0.866347 0.0490258 -0.497031 -0.49943 -0.0921283 0.861442 0.0262275 -0.0451307 -0.0823044 -0.465795 0 0 -0.479408 0 0 -0.359399 
1.44492 -0.0885601 0.955997 -0.279691 0.498912 -0.200459 -0.843151 -0.862116 -0.214211 -0.459206 -0.0508352 0.0398754 -0.0505033 -0.492603 0 0 -0.464328 0 0 -0.367148 
1.43984 0.000962893 -0.985543 0.169421 -0.965915 0.0429393 0.255273 -0.258858 -0.163892 -0.95191 -0.0492904 -0.148429 0.0278244 -0.480036 0 0 -0.461606 0 0 -0.373641 
1.43024 0.0227343 0.938958 -0.34328 0.866304 0.152883 0.475547 0.499 -0.308196 -0.809947 -0.0372021 0.0318899 0.101428 -0.466423 0 0 -0.477942 0 0 -0.386626 
1.41334 0.182154 -0.822027 0.539529 0.516582 -0.386876 -0.763852 0.836638 0.41785 0.354173 0.02659 0.105176 0.0734079 -0.435007 0 0 -0.471031 0 0 -0.332591 
1.40745 0.250737 0.96804 0.00540672 -0.943106 0.243011 0.226931 0.218364 -0.061999 0.973896 0.0473953 -0.0618863 -0.0284027 0.14577 0 0 0.136764 0 0 0.53114 
1.39152 -0.0227272 0.984802 -0.172189 -0.866303 -0.105366 -0.488279 -0.499001 0.13807 0.855532 -0.0603967 -0.100584 -0.0576903 -0.123988 0 0 -0.165876 0 0 -0.0106814 
1.38505 -0.25073 0.835646 -0.488702 0.943107 0.0969818 -0.318032 -0.218367 -0.540639 -0.81242 0.029873 0.11771 0.0204771 0.136345 0 0 0.150378 0 0 0.528627 
1.37893 0.000962893 -0.985543 0.169421 -0.965915 0.0429393 0.255273 -0.258858 -0.163892 -0.95191 -0.0487365 -0.139694 0.0365281 -0.14954 0 0 -0.131319 0 0 -0.0169646 
1.3785 0.0885672 0.967763 -0.235778 -0.498912 0.247976 0.830419 0.862115 0.0440847 0.504791 -0.047547 -0.120922 0.081932 -0.137393 0 0 -0.161688 0 0 -0.0305782 
1.36115 0.00356432 0.809147 -0.587596 0.866348 0.290967 0.40593 0.499428 -0.510509 -0.699966 0.0510407 0.100955 0.0743788 -0.477942 0 0 -0.463072 0 0 -0.364007 
1.35519 0.641968 0.612984 0.460572 -0.492178 0.790055 -0.365478 -0.58791 0.00794181 0.808888 0.0543646 -0.0311108 -0.0803366 -0.444851 0 0 -0.518783 0 0 -0.331125 
1.35301 0.358155 0.902764 -0.238208 -0.467405 0.394225 0.791277 0.808243 -0.17206 0.56315 0.0864741 -0.0469785 0.0582862 -0.577426 0 0 -0.454904 0 0 -0.360865 
1.34576 0.182154 -0.822027 0.539529 0.516582 -0.386876 -0.763852 0.836638 0.41785 0.354173 0.0340925 0.106958 0.0581833 -0.14954 0 0 -0.127549 0 0 -0.0263894 
1.32994 0.182154 -0.822027 0.539529 0.516582 -0.386876 -0.763852 0.836638 0.41785 0.354173 0.0303281 0.106615 0.0467232 0.122104 0 0 0.158756 0 0 0.523809 
1.32973 0.0227343 0.938958 -0.34328 0.866304 0.152883 0.475547 0.499 -0.308196 -0.809947 -0.0368985 0.0195502 0.101414 -0.137602 0 0 -0.147865 0 0 -0.0462862 
1.32215 0.0892562 -0.99162 -0.0934017 -0.957803 -0.111178 0.265051 -0.273214 0.065803 -0.9597 0.0515306 -0.0709271 0.0100175 -0.129643 0 0 -0.143257 0 0 -0.0330915 
1.31044 0.346865 -0.878742 0.327866 -0.227245 -0.417893 -0.879617 0.909969 0.230602 -0.344643 0.0804694 0.0475257 0.0860906 -0.139068 0 0 -0.379924 0 0 -0.00439824 
1.30658 0.0465544 0.982248 -0.181719 -0.965353 0.0909992 0.244566 0.256761 0.164037 0.952452 -0.0526482 -0.148499 0.0165455 -0.461187 0 0 -0.496163 0 0 -0.373013 
1.30334 -0.25073 0.835646 -0.488702 0.943107 0.0969818 -0.318032 -0.218367 -0.540639 -0.81242 0.0257094 0.125865 0.0126158 -0.156871 0 0 -0.127549 0 0 -0.0232478 
1.29798 -0.00355769 0.99454 0.1043 -0.866347 0.0490258 -0.497031 -0.49943 -0.0921283 0.861442 0.0241037 -0.0332566 -0.0819618 -0.135927 0 0 -0.152682 0 0 -0.0207346 
1.28975 0.0914255 -0.96163 0.258668 -0.257689 -0.273755 -0.926636 0.961893 0.0180624 -0.272829 -0.0450612 -0.0172981 0.112273 0.146189 0 0 0.155614 0 0 0.536585 
1.26692 -0.0892628 -0.812067 0.576697 0.957802 -0.228815 -0.17395 0.273216 0.536835 0.798224 0.017703 0.116817 -0.0239921 0.155195 0 0 0.148912 0 0 0.525904 
1.24812 0.0639632 -0.94497 0.320842 0.500792 -0.247695 -0.82937 0.863201 0.213724 0.45739 -0.049157 0.0397729 0.0818993 -0.148074 0 0 -0.139068 0 0 -0.0268083 
1.24253 -0.00355769 0.99454 0.1043 -0.866347 0.0490258 -0.497031 -0.49943 -0.0921283 0.861442 0.0219799 -0.0213824 -0.0816192 0.15352 0 0 0.139487 0 0 0.506635 
1.24022 0.358155 0.902764 -0.238208 -0.467405 0.394225 0.791277 0.808243 -0.17206 0.56315 0.0789453 -0.0476637 0.0353659 -0.033301 0 0 0.148912 0 0 0.557948 
1.23826 -0.0227272 0.984802 -0.172189 -0.866303 -0.105366 -0.488279 -0.499001 0.13807 0.855532 -0.0600931 -0.112923 -0.0577037 -0.455323 0 0 -0.498677 0 0 -0.365054 
1.23293 0.0914255 -0.96163 0.258668 -0.257689 -0.273755 -0.926636 0.961893 0.0180624 -0.272829 -0.0440779 -0.026014 0.120958 -0.149959 0 0 -0.140115 0 0 -0.0127758 
1.22 0.0465544 0.982248 -0.181719 -0.965353 0.0909992 0.244566 0.256761 0.164037 0.952452 -0.0536316 -0.139783 0.00786082 -0.12713 0 0 -0.16462 0 0 -0.0169646 
1.21523 -0.641965 0.300579 -0.70536 0.492184 0.866943 -0.078513 0.587908 -0.397569 -0.704487 -0.00976005 0.0587882 0.0873552 -0.587689 0 0 0.14577 0 0 0.525485 
1.20713 0.0787006 0.949831 -0.302699 0.259785 0.273609 0.926094 0.962454 -0.151521 -0.225219 -0.0328617 -0.0460116 0.12875 -0.468517 0 0 -0.477942 0 0 -0.388092 
1.20295 -0.0786935 0.973928 -0.21277 -0.259785 -0.226092 -0.938826 -0.962455 -0.0186051 0.270804 -0.0633256 -0.0175521 -0.0676186 0.162944 0 0 0.134251 0 0 0.532815 
1.19717 0.0653299 -0.978436 0.195947 -0.865218 -0.15337 -0.477362 0.497121 -0.138351 -0.85658 -0.0436001 -0.112691 0.102151 -0.481503 0 0 -0.466842 0 0 -0.364216 
1.18996 0.308386 -0.94899 0.0656977 -0.837956 -0.303695 -0.453431 0.450253 0.08478 -0.888867 0.0785495 -0.0401545 0.0695614 -0.473125 0 0 -0.458883 0 0 -0.372384 
1.16637 0.0227343 0.938958 -0.34328 0.866304 0.152883 0.475547 0.499 -0.308196 -0.809947 -0.0494938 0.0315863 0.102515 -0.48632 0 0 -0.490508 0 0 -0.381809 
1.16216 0.0465544 0.982248 -0.181719 -0.965353 0.0909992 0.244566 0.256761 0.164037 0.952452 -0.0546149 -0.131067 -0.0008239 0.165667 0 0 0.132157 0 0 0.555854 
1.15773 0.0787006 0.949831 -0.302699 0.259785 0.273609 0.926094 0.962454 -0.151521 -0.225219 -0.0462613 -0.0637851 0.11243 0.150378 0 0 0.136764 0 0 0.520668 
1.14576 0.0227343 0.938958 -0.34328 0.866304 0.152883 0.475547 0.499 -0.308196 -0.809947 -0.0491902 0.0192466 0.102501 -0.155195 0 0 -0.158337 0 0 -0.0393747 
1.14305 0.0227343 0.938958 -0.34328 0.866304 0.152883 0.475547 0.499 -0.308196 -0.809947 -0.0488866 0.00690695 0.102488 0.142 0 0 0.13844 0 0 0.510824 
1.13918 -0.0227272 0.984802 -0.172189 -0.866303 -0.105366 -0.488279 -0.499001 0.13807 0.855532 -0.0607003 -0.0882442 -0.0576769 0.167761 0 0 0.132157 0 0 0.552293 
1.13731 0.0892562 -0.99162 -0.0934017 -0.957803 -0.111178 0.265051 -0.273214 0.065803 -0.9597 0.0503705 -0.0795657 0.00167165 -0.447992 0 0 -0.473753 0 0 -0.365682 
1.12084 -0.0885601 0.955997 -0.279691 0.498912 -0.200459 -0.843151 -0.862116 -0.214211 -0.459206 -0.0497482 0.0398888 -0.0382078 -0.131319 0 0 -0.136555 0 0 -0.0274366 
1.11168 0.0227343 0.938958 -0.34328 0.866304 0.152883 0.475547 0.499 -0.308196 -0.809947 -0.0365949 0.00721056 0.101401 0.155614 0 0 0.148284 0 0 0.497839 
1.10495 -0.00355769 0.99454 0.1043 -0.866347 0.0490258 -0.497031 -0.49943 -0.0921283 0.861442 0.0332468 -0.0192586 -0.0853836 0.120219 0 0 0.143257 0 0 0.51606 
1.09228 0.0787006 0.949831 -0.302699 0.259785 0.273609 0.926094 0.962454 -0.151521 -0.225219 -0.0457073 -0.0550502 0.121133 -0.14954 0 0 -0.159384 0 0 -0.0372803 
1.08985 -0.065337 -0.945324 0.319522 0.865218 0.105853 0.490095 -0.49712 0.308477 0.810995 -0.0490103 0.0317733 -0.0588411 -0.478989 0 0 -0.45637 0 0 -0.379715 
1.08723 0.0639632 -0.94497 0.320842 0.500792 -0.247695 -0.82937 0.863201 0.213724 0.45739 -0.04807 0.0397863 0.0941947 -0.480455 0 0 -0.468517 0 0 -0.368196 
1.07366 -0.0786935 0.973928 -0.21277 -0.259785 -0.226092 -0.938826 -0.962455 -0.0186051 0.270804 -0.0638796 -0.0262871 -0.0763223 -0.126083 0 0 -0.164829 0 0 -0.0152891 
1.07276 0.0914255 -0.96163 0.258668 -0.257689 -0.273755 -0.926636 0.961893 0.0180624 -0.272829 -0.0317862 -0.0257104 0.119871 -0.130272 0 0 -0.609889 0 0 -0.00921536 
1.05157 -0.0639703 -0.978789 0.194627 -0.500792 0.200178 0.842102 -0.863201 -0.0435982 -0.502975 -0.0546582 -0.120981 -0.0252069 0.146817 0 0 0.16085 0 0 0.540146 
1.0156 0.0787006 0.949831 -0.302699 0.259785 0.273609 0.926094 0.962454 -0.151521 -0.225219 -0.0451534 -0.0463152 0.129837 -0.48632 0 0 -0.490508 0 0 -0.382437 
1.00796 0.0914255 -0.96163 0.258668 -0.257689 -0.273755 -0.926636 0.961893 0.0180624 -0.272829 -0.0430946 -0.03473 0.129642 -0.481503 0 0 -0.472706 0 0 -0.361912 
1.00306 -0.0786935 0.973928 -0.21277 -0.259785 -0.226092 -0.938826 -0.962455 -0.0186051 0.270804 -0.0644335 -0.035022 -0.0850259 -0.453856 0 0 -0.498677 0 0 -0.363588 
0.994799 0.250737 0.96804 0.00540672 -0.943106 0.243011 0.226931 0.218364 -0.061999 0.973896 0.0586621 -0.0597625 -0.0321671 -0.034767 0 0 0.144095 0 0 0.544963 
0.981617 0.255773 0.836948 -0.483837 0.282095 0.414089 0.865421 0.924664 -0.357839 -0.130186 0.0596809 0.00570286 0.0851844 0.157289 0 0 0.0624131 0 0 0.518783 
0.97746 0.346865 -0.878742 0.327866 -0.227245 -0.417893 -0.879617 0.909969 0.230602 -0.344643 0.0620993 0.0351241 0.101481 -0.466423 0 0 -0.456789 0 0 -0.376154 
0.972313 -0.065337 -0.945324 0.319522 0.865218 0.105853 0.490095 -0.49712 0.308477 0.810995 -0.0606948 0.00679041 -0.0577809 0.148912 0 0 0.140953 0 0 0.507683 
0.959109 0.250737 0.96804 0.00540672 -0.943106 0.243011 0.226931 0.218364 -0.061999 0.973896 0.040292 -0.0721641 -0.016777 -0.134879 0 0 -0.137602 0 0 -0.0364426 
0.948915 0.308386 -0.94899 0.0656977 -0.837956 -0.303695 -0.453431 0.450253 0.08478 -0.888867 0.0651588 -0.0304041 0.0736685 -0.139487 0 0 -0.137393 0 0 -0.040003 
0.948151 -0.416808 -0.657701 -0.627455 0.0160891 -0.695504 0.718342 -0.908852 0.289316 0.300474 -0.0228523 -0.0465879 -0.0817705 -0.114983 0 0 -0.174254 0 0 0.0213629 
0.943823 0.0885672 0.967763 -0.235778 -0.498912 0.247976 0.830419 0.862115 0.0440847 0.504791 -0.048634 -0.120936 0.0696366 0.16085 0 0 0.134251 0 0 0.540774 
0.927644 0.346865 -0.878742 0.327866 -0.227245 -0.417893 -0.879617 0.909969 0.230602 -0.344643 0.0763058 0.0556797 0.0782293 0.151425 0 0 -0.0915253 0 0 0.556482 
0.914063 -0.0465473 0.941512 -0.33375 0.965353 -0.0434819 -0.257298 -0.256762 -0.334163 -0.906867 -0.054972 0.0497299 0.0456351 0.142629 0 0 0.13844 0 0 0.510196 
0.91243 -0.0914326 -0.96213 0.256801 0.257688 0.226237 0.939369 -0.961892 0.152063 0.227244 -0.0475492 -0.0636198 -0.0689632 0.152053 0 0 0.167761 0 0 0.526532 
0.907168 -0.0465473 0.941512 -0.33375 0.965353 -0.0434819 -0.257298 -0.256762 -0.334163 -0.906867 -0.0436636 0.0587495 0.0358634 -0.13446 0 0 -0.144723 0 0 -0.0414691 
0.905709 -0.0914326 -0.96213 0.256801 0.257688 0.226237 0.939369 -0.961892 0.152063 0.227244 -0.0608242 -0.0552075 -0.0765609 -0.147027 0 0 -0.151216 0 0 -0.0395842 
0.904702 -0.00096996 -0.938216 0.346048 0.965915 -0.0904565 -0.242541 0.258858 0.334018 0.906325 -0.0567196 0.0497373 -0.000834821 0.148493 0 0 0.142629 0 0 0.507264 
0.900321 -0.065337 -0.945324 0.319522 0.865218 0.105853 0.490095 -0.49712 0.308477 0.810995 -0.061302 0.0314697 -0.0577541 -0.477314 0 0 -0.485691 0 0 -0.382856 
0.892688 -0.0639703 -0.978789 0.194627 -0.500792 0.200178 0.842102 -0.863201 -0.0435982 -0.502975 -0.0445405 -0.120704 -0.0508848 -0.472706 0 0 -0.453647 0 0 -0.374688 
0.852771 0.0914255 -0.96163 0.258668 -0.257689 -0.273755 -0.926636 0.961893 0.0180624 -0.272829 -0.0327695 -0.0169945 0.111186 0.160431 0 0 -0.129224 0 0 0.53847 
0.837895 -0.0639703 -0.978789 0.194627 -0.500792 0.200178 0.842102 -0.863201 -0.0435982 -0.502975 -0.0568322 -0.121008 -0.0497978 -0.478361 0 0 -0.476267 0 0 -0.380971 
0.832847 -0.0885601 0.955997 -0.279691 0.498912 -0.200459 -0.843151 -0.862116 -0.214211 -0.459206 -0.0609529 0.0395986 -0.0248254 0.151425 0 0 0.136764 0 0 0.517107 
0.812931 0.182154 -0.822027 0.539529 0.516582 -0.386876 -0.763852 0.836638 0.41785 0.354173 0.0378569 0.1073 0.0696435 -0.469983 0 0 -0.451134 0 0 -0.371337 
0.812451 -0.255766 0.966739 0.000541831 -0.282094 -0.0740963 -0.956521 -0.924666 -0.244799 0.291662 0.00632042 0.0479976 -0.0893456 0.141163 0 0 0.148912 0 0 0.500352 
0.809542 0.250737 0.96804 0.00540672 -0.943106 0.243011 0.226931 0.218364 -0.061999 0.973896 0.0628257 -0.0679165 -0.0243058 -0.38516 0 0 -0.142838 0 0 -0.00272272 
0.808014 -0.0465473 0.941512 -0.33375 0.965353 -0.0434819 -0.257298 -0.256762 -0.334163 -0.906867 -0.0569387 0.0671618 0.0282657 -0.475219 0 0 -0.493022 0 0 -0.378249 
0.799031 -0.0786935 0.973928 -0.21277 -0.259785 -0.226092 -0.938826 -0.962455 -0.0186051 0.270804 -0.0515879 -0.0259835 -0.0774093 -0.285257 0 0 -0.131738 0 0 -0.0102626 
0.798037 0.346865 -0.878742 0.327866 -0.227245 -0.417893 -0.879617 0.909969 0.230602 -0.344643 0.0579357 0.0432781 0.0936194 -0.144932 0 0 -0.131319 0 0 -0.0341387 
0.790478 0.308386 -0.94899 0.0656977 -0.837956 -0.303695 -0.453431 0.450253 0.08478 -0.888867 0.063035 -0.01853 0.0740111 0.146189 0 0 0.153101 0 0 0.500771 
0.783602 0.0639632 -0.94497 0.320842 0.500792 -0.247695 -0.82937 0.863201 0.213724 0.45739 -0.050244 0.0397595 0.0696038 0.147865 0 0 0.152053 0 0 0.516688 
0.783318 -0.0639703 -0.978789 0.194627 -0.500792 0.200178 0.842102 -0.863201 -0.0435982 -0.502975 -0.0434535 -0.120691 -0.0385894 -0.137393 0 0 -0.128177 0 0 -0.0274366 
0.780907 -0.255766 0.966739 0.000541831 -0.282094 -0.0740963 -0.956521 -0.924666 -0.244799 0.291662 0.0152671 0.0328442 -0.109802 -0.495535 0 0 -0.469564 0 0 -0.364635 
0.779615 -0.0465473 0.941512 -0.33375 0.965353 -0.0434819 -0.257298 -0.256762 -0.334163 -0.906867 -0.0559553 0.0584458 0.0369504 -0.149121 0 0 -0.159384 0 0 -0.0358142 
0.771663 -0.182161 -0.981659 -0.0562336 -0.516583 0.0468839 0.854952 -0.836636 0.184788 -0.515649 0.0400656 -0.0520866 -0.0523519 0.148912 0 0 0.140953 0 0 0.496582 
0.771187 0.0885672 0.967763 -0.235778 -0.498912 0.247976 0.830419 0.862115 0.0440847 0.504791 -0.04646 -0.120909 0.0942275 -0.474172 0 0 -0.492603 0 0 -0.379715 
0.765114 0.346865 -0.878742 0.327866 -0.227245 -0.417893 -0.879617 0.909969 0.230602 -0.344643 0.0537721 0.0514322 0.0857581 0.142629 0 0 0.157708 0 0 0.512919 
0.741078 -0.065337 -0.945324 0.319522 0.865218 0.105853 0.490095 -0.49712 0.308477 0.810995 -0.0609984 0.0191301 -0.0577675 -0.146399 0 0 -0.155823 0 0 -0.0414691 
0.737451 0.0892562 -0.99162 -0.0934017 -0.957803 -0.111178 0.265051 -0.273214 0.065803 -0.9597 0.0627975 -0.0688033 0.00625306 -0.143885 0 0 -0.140744 0 0 -0.0393747 
0.703095 0.308386 -0.94899 0.0656977 -0.837956 -0.303695 -0.453431 0.450253 0.08478 -0.888867 0.0898163 -0.0380307 0.065797 -0.46747 0 0 -0.49365 0 0 -0.367358 
0.69873 0.0639632 -0.94497 0.320842 0.500792 -0.247695 -0.82937 0.863201 0.213724 0.45739 -0.0368653 0.0400765 0.0808123 -0.135927 0 0 -0.19457 0 0 -0.0263894 
0.696047 -0.0914326 -0.96213 0.256801 0.257688 0.226237 0.939369 -0.961892 0.152063 0.227244 -0.0618075 -0.0464915 -0.0852456 -0.477314 0 0 -0.486739 0 0 -0.384113 
0.656181 -0.843656 -0.52257 -0.123146 0.374727 -0.737404 0.561975 -0.38448 0.427967 0.817936 -0.0939456 -0.000685297 -0.0532499 -0.454904 0 0 -0.518783 0 0 -0.355839 
0.652686 -0.0639703 -0.978789 0.194627 -0.500792 0.200178 0.842102 -0.863201 -0.0435982 -0.502975 -0.0557452 -0.120994 -0.0375024 -0.148074 0 0 -0.137602 0 0 -0.0320443 
0.652251 -0.00096996 -0.938216 0.346048 0.965915 -0.0904565 -0.242541 0.258858 0.334018 0.906325 -0.0556117 0.0672072 0.0165725 -0.478361 0 0 -0.474172 0 0 -0.37762 
0.65219 -0.00096996 -0.938216 0.346048 0.965915 -0.0904565 -0.242541 0.258858 0.334018 0.906325 -0.043874 0.0587759 0.00678183 -0.144932 0 0 -0.129643 0 0 -0.0372803 
0.643315 -0.358148 0.900923 -0.245088 0.467407 -0.0542323 -0.882377 -0.808246 -0.430578 -0.401674 0.00206096 0.104926 -0.0699763 -0.473544 0 0 -0.462234 0 0 -0.376573 
0.63704 -0.25073 0.835646 -0.488702 0.943107 0.0969818 -0.318032 -0.218367 -0.540639 -0.81242 0.0215458 0.134019 0.00475451 -0.481921 0 0 -0.449458 0 0 -0.369871 
0.62002 -0.00096996 -0.938216 0.346048 0.965915 -0.0904565 -0.242541 0.258858 0.334018 0.906325 -0.0561657 0.0584722 0.00786884 -0.146817 0 0 -0.149121 0 0 -0.0368614 
0.619353 -0.0465473 0.941512 -0.33375 0.965353 -0.0434819 -0.257298 -0.256762 -0.334163 -0.906867 -0.044647 0.0674654 0.0271787 -0.461606 0 0 -0.472078 0 0 -0.378877 
0.613485 -0.0914326 -0.96213 0.256801 0.257688 0.226237 0.939369 -0.961892 0.152063 0.227244 -0.0598409 -0.0639235 -0.0678761 0.147865 0 0 0.149331 0 0 0.517736 
0.601725 0.255773 0.836948 -0.483837 0.282095 0.414089 0.865421 0.924664 -0.357839 -0.130186 0.0833748 0.018589 0.0860014 -0.176767 0 0 -0.129643 0 0 -0.0236667 
0.59503 -0.358148 0.900923 -0.245088 0.467407 -0.0542323 -0.882377 -0.808246 -0.430578 -0.401674 0.00582538 0.105269 -0.0585161 -0.154357 0 0 -0.133204 0 0 -0.033301 
0.585643 -0.346872 -0.924944 0.155429 0.227244 0.0779002 0.970717 -0.909967 0.372035 0.183167 0.0166216 0.0030962 -0.0913869 0.156242 0 0 0.13467 0 0 0.507264 
0.583575 0.0653299 -0.978436 0.195947 -0.865218 -0.15337 -0.477362 0.497121 -0.138351 -0.85658 -0.056499 -0.0883155 0.103265 0.121685 0 0 0.166086 0 0 0.54601 
0.583217 -0.358148 0.900923 -0.245088 0.467407 -0.0542323 -0.882377 -0.808246 -0.430578 -0.401674 0.0095898 0.105612 -0.0470559 0.133623 0 0 0.158756 0 0 0.517107 
0.55039 0.250737 0.96804 0.00540672 -0.943106 0.243011 0.226931 0.218364 -0.061999 0.973896 0.0444556 -0.0803181 -0.00891571 -0.455323 0 0 -0.466213 0 0 -0.371965 
0.536381 0.0914255 -0.96163 0.258668 -0.257689 -0.273755 -0.926636 0.961893 0.0180624 -0.272829 -0.0563696 -0.0263176 0.122045 -0.176767 0 0 -0.128177 0 0 -0.0165458 
0.531396 0.0465544 0.982248 -0.181719 -0.965353 0.0909992 0.244566 0.256761 0.164037 0.952452 -0.0669066 -0.131371 0.000263105 0.16462 0 0 0.120637 0 0 0.57219 
0.513511 -0.255766 0.966739 0.000541831 -0.282094 -0.0740963 -0.956521 -0.924666 -0.244799 0.291662 0.0164272 0.0414828 -0.101456 -0.126502 0 0 -0.143885 0 0 -0.0270178 
0.502376 -0.00355769 0.99454 0.1043 -0.866347 0.0490258 -0.497031 -0.49943 -0.0921283 0.861442 0.0353706 -0.0311328 -0.0857262 -0.294473 0 0 -0.146399 0 0 -0.013823 
0.501571 -0.0885601 0.955997 -0.279691 0.498912 -0.200459 -0.843151 -0.862116 -0.214211 -0.459206 -0.0620399 0.0395852 -0.0371208 -0.136555 0 0 -0.162107 0 0 -0.0289027 
0.500712 -0.0885601 0.955997 -0.279691 0.498912 -0.200459 -0.843151 -0.862116 -0.214211 -0.459206 -0.0631269 0.0395718 -0.0494163 -0.460977 0 0 -0.496163 0 0 -0.369871 
0.489283 -0.0227272 0.984802 -0.172189 -0.866303 -0.105366 -0.488279 -0.499001 0.13807 0.855532 -0.072992 -0.0885478 -0.0565899 0.16462 0 0 0.120637 0 0 0.573656 
0.483392 0.000962893 -0.985543 0.169421 -0.965915 0.0429393 0.255273 -0.258858 -0.163892 -0.95191 -0.0604742 -0.131262 0.0463187 0.122104 0 0 0.165667 0 0 0.54601 
0.482701 0.308386 -0.94899 0.0656977 -0.837956 -0.303695 -0.453431 0.450253 0.08478 -0.888867 0.101083 -0.0359069 0.0620326 -0.458464 0 0 -0.509777 0 0 -0.357305 
0.454868 0.0653299 -0.978436 0.195947 -0.865218 -0.15337 -0.477362 0.497121 -0.138351 -0.85658 -0.0558918 -0.112995 0.103238 -0.511871 0 0 -0.455741 0 0 -0.367358 
0.452212 -0.182161 -0.981659 -0.0562336 -0.516583 0.0468839 0.854952 -0.836636 0.184788 -0.515649 0.0363012 -0.0524292 -0.0638121 -0.134879 0 0 -0.15331 0 0 -0.0341387 
0.426646 0.0914255 -0.96163 0.258668 -0.257689 -0.273755 -0.926636 0.961893 0.0180624 -0.272829 -0.0573529 -0.0176017 0.11336 0.124826 0 0 0.161478 0 0 0.548523 
0.424726 0.0639632 -0.94497 0.320842 0.500792 -0.247695 -0.82937 0.863201 0.213724 0.45739 -0.0625357 0.0394559 0.0706908 0.128387 0 0 0.153101 0 0 0.552712 
0.41174 0.0892562 -0.99162 -0.0934017 -0.957803 -0.111178 0.265051 -0.273214 0.065803 -0.9597 0.0616374 -0.0774419 -0.00209277 -0.463281 0 0 -0.472078 0 0 -0.375526 
0.407986 -0.255766 0.966739 0.000541831 -0.282094 -0.0740963 -0.956521 -0.924666 -0.244799 0.291662 0.00516031 0.039359 -0.0976914 -0.141581 0 0 -0.144932 0 0 -0.0362331 
0.401058 0.000962893 -0.985543 0.169421 -0.965915 0.0429393 0.255273 -0.258858 -0.163892 -0.95191 -0.0615821 -0.148732 0.0289114 -0.506635 0 0 -0.462653 0 0 -0.366101 
0.399246 0.0914255 -0.96163 0.258668 -0.257689 -0.273755 -0.926636 0.961893 0.0180624 -0.272829 -0.0553863 -0.0350336 0.130729 -0.5125 0 0 -0.455741 0 0 -0.367777 
0.398808 0.0639632 -0.94497 0.320842 0.500792 -0.247695 -0.82937 0.863201 0.213724 0.45739 -0.0614487 0.0394693 0.0829863 -0.171531 0 0 -0.135508 0 0 -0.0148702 
0.393729 -0.0914326 -0.96213 0.256801 0.257688 0.226237 0.939369 -0.961892 0.152063 0.227244 -0.0731159 -0.0555111 -0.0754739 -0.168809 0 0 -0.148493 0 0 -0.012357 
0.381888 0.0653299 -0.978436 0.195947 -0.865218 -0.15337 -0.477362 0.497121 -0.138351 -0.85658 -0.0561954 -0.100655 0.103251 -0.178443 0 0 -0.125455 0 0 -0.0169646 
0.381391 0.0465544 0.982248 -0.181719 -0.965353 0.0909992 0.244566 0.256761 0.164037 0.952452 -0.0659233 -0.140087 0.00894782 -0.129643 0 0 -0.177396 0 0 0.00041888 
0.38136 -0.0639703 -0.978789 0.194627 -0.500792 0.200178 0.842102 -0.863201 -0.0435982 -0.502975 -0.0691239 -0.121311 -0.0487108 -0.502865 0 0 -0.474172 0 0 -0.364635 
0.380385 -0.346872 -0.924944 0.155429 0.227244 0.0779002 0.970717 -0.909967 0.372035 0.183167 0.012458 0.0112502 -0.0992482 -0.127549 0 0 -0.155195 0 0 -0.0259706 
0.378449 -0.0639703 -0.978789 0.194627 -0.500792 0.200178 0.842102 -0.863201 -0.0435982 -0.502975 -0.0669498 -0.121285 -0.0241199 0.125873 0 0 0.160012 0 0 0.548104 
0.372496 -0.065337 -0.945324 0.319522 0.865218 0.105853 0.490095 -0.49712 0.308477 0.810995 -0.0732901 0.0188265 -0.0566805 -0.167971 0 0 -0.152263 0 0 -0.0113098 
0.34905 0.0892562 -0.99162 -0.0934017 -0.957803 -0.111178 0.265051 -0.273214 0.065803 -0.9597 0.0740644 -0.0666795 0.00248864 -0.143676 0 0 -0.120219 0 0 -0.017593 
0.346909 -0.0914326 -0.96213 0.256801 0.257688 0.226237 0.939369 -0.961892 0.152063 0.227244 -0.0740992 -0.0467951 -0.0841586 -0.501399 0 0 -0.482969 0 0 -0.364007 
0.341546 0.358155 0.902764 -0.238208 -0.467405 0.394225 0.791277 0.808243 -0.17206 0.56315 0.0639404 -0.0512261 0.0658151 -0.451762 0 0 -0.58727 0 0 -0.365054 
0.339286 0.0227343 0.938958 -0.34328 0.866304 0.152883 0.475547 0.499 -0.308196 -0.809947 -0.0617855 0.0312827 0.103602 -0.480874 0 0 -0.499305 0 0 -0.350393 
0.333313 0.0787006 0.949831 -0.302699 0.259785 0.273609 0.926094 0.962454 -0.151521 -0.225219 -0.0339696 -0.0634815 0.111343 0.155195 0 0 0.15352 0 0 0.515013 
0.331404 0.0885672 0.967763 -0.235778 -0.498912 0.247976 0.830419 0.862115 0.0440847 0.504791 -0.0609257 -0.121239 0.0707236 0.160012 0 0 0.125245 0 0 0.576379 
0.331264 -0.0885601 0.955997 -0.279691 0.498912 -0.200459 -0.843151 -0.862116 -0.214211 -0.459206 -0.0732446 0.039295 -0.0237384 0.152472 0 0 0.129434 0 0 0.585594 
0.327226 0.0787006 0.949831 -0.302699 0.259785 0.273609 0.926094 0.962454 -0.151521 -0.225219 -0.0574451 -0.0466188 0.130924 -0.480455 0 0 -0.499305 0 0 -0.349974 
0.325987 -0.00096996 -0.938216 0.346048 0.965915 -0.0904565 -0.242541 0.258858 0.334018 0.906325 -0.0684574 0.0581686 0.00895584 -0.169018 0 0 -0.146817 0 0 -0.0127758 
0.325682 0.0787006 0.949831 -0.302699 0.259785 0.273609 0.926094 0.962454 -0.151521 -0.225219 -0.0334156 -0.0547465 0.120046 -0.137602 0 0 -0.144304 0 0 -0.0456579 
0.324901 -0.0786935 0.973928 -0.21277 -0.259785 -0.226092 -0.938826 -0.962455 -0.0186051 0.270804 -0.0761713 -0.0265907 -0.0752353 -0.130062 0 0 -0.177815 0 0 0.00020944 
0.316264 -0.0465473 0.941512 -0.33375 0.965353 -0.0434819 -0.257298 -0.256762 -0.334163 -0.906867 -0.068247 0.0581422 0.0380374 -0.146399 0 0 -0.167761 0 0 0.00774928 
0.311553 -0.182161 -0.981659 -0.0562336 -0.516583 0.0468839 0.854952 -0.836636 0.184788 -0.515649 0.0325368 -0.0527719 -0.0752723 -0.453856 0 0 -0.480455 0 0 -0.37029 
0.309377 0.255773 0.836948 -0.483837 0.282095 0.414089 0.865421 0.924664 -0.357839 -0.130186 0.0845349 0.0272276 0.0943472 -0.459092 0 0 -0.454904 0 0 -0.372384 
0.307874 0.00356432 0.809147 -0.587596 0.866348 0.290967 0.40593 0.499428 -0.510509 -0.699966 0.0623076 0.103079 0.0706144 -0.446526 0 0 -0.463072 0 0 -0.365054 
0.297572 -0.0786935 0.973928 -0.21277 -0.259785 -0.226092 -0.938826 -0.962455 -0.0186051 0.270804 -0.0756173 -0.0178557 -0.0665316 0.160431 0 0 0.124407 0 0 0.578892 
0.296997 0.00356432 0.809147 -0.587596 0.866348 0.290967 0.40593 0.499428 -0.510509 -0.699966 0.0644313 0.0912045 0.0702717 -0.127968 0 0 -0.136345 0 0 -0.0316254 
0.290378 0.0885672 0.967763 -0.235778 -0.498912 0.247976 0.830419 0.862115 0.0440847 0.504791 -0.0341683 -0.120605 0.0931405 -0.468936 0 0 -0.471031 0 0 -0.383904 
0.289606 0.182154 -0.822027 0.539529 0.516582 -0.386876 -0.763852 0.836638 0.41785 0.354173 0.0528618 0.110863 0.0391943 0.156242 0 0 -0.0448202 0 0 0.535957 
0.287503 0.0787006 0.949831 -0.302699 0.259785 0.273609 0.926094 0.962454 -0.151521 -0.225219 -0.057999 -0.0553538 0.12222 -0.146399 0 0 -0.167343 0 0 0.00774928 
0.279398 -0.0227272 0.984802 -0.172189 -0.866303 -0.105366 -0.488279 -0.499001 0.13807 0.855532 -0.0726884 -0.100887 -0.0566032 -0.12713 0 0 -0.180328 0 0 -0.00083776 
0.274837 0.000962893 -0.985543 0.169421 -0.965915 0.0429393 0.255273 -0.258858 -0.163892 -0.95191 -0.0610282 -0.139997 0.0376151 -0.17572 0 0 -0.129224 0 0 -0.0163363 
0.272534 -0.255766 0.966739 0.000541831 -0.282094 -0.0740963 -0.956521 -0.924666 -0.244799 0.291662 0.00400021 0.0307204 -0.106037 -0.457417 0 0 -0.473753 0 0 -0.368824 
0.26569 -0.0465473 0.941512 -0.33375 0.965353 -0.0434819 -0.257298 -0.256762 -0.334163 -0.906867 -0.0672637 0.0494263 0.0467221 0.146189 0 0 0.131528 0 0 0.590411 
0.247701 -0.00096996 -0.938216 0.346048 0.965915 -0.0904565 -0.242541 0.258858 0.334018 0.906325 -0.0690113 0.0494337 0.000252184 0.130062 0 0 0.145142 0 0 0.555225 
0.243155 -0.0885601 0.955997 -0.279691 0.498912 -0.200459 -0.843151 -0.862116 -0.214211 -0.459206 -0.0743316 0.0392816 -0.0360338 -0.136555 0 0 -0.171112 0 0 0.00356048 
0.22298 0.0639632 -0.94497 0.320842 0.500792 -0.247695 -0.82937 0.863201 0.213724 0.45739 -0.0603617 0.0394827 0.0952817 -0.508101 0 0 -0.462234 0 0 -0.367148 
0.219836 0.0227343 0.938958 -0.34328 0.866304 0.152883 0.475547 0.499 -0.308196 -0.809947 -0.0614819 0.018943 0.103588 -0.150587 0 0 -0.166295 0 0 0.00963424 
0.216546 -0.0639703 -0.978789 0.194627 -0.500792 0.200178 0.842102 -0.863201 -0.0435982 -0.502975 -0.0680369 -0.121298 -0.0364154 -0.170903 0 0 -0.137602 0 0 -0.0144514 
0.21509 -0.25073 0.835646 -0.488702 0.943107 0.0969818 -0.318032 -0.218367 -0.540639 -0.81242 0.0411398 0.119834 0.0167127 0.161897 0 0 0.147865 0 0 0.513966 
0.209332 -0.0227272 0.984802 -0.172189 -0.866303 -0.105366 -0.488279 -0.499001 0.13807 0.855532 -0.0723848 -0.113227 -0.0566166 -0.456998 0 0 -0.513547 0 0 -0.356257 
0.203431 0.0787006 0.949831 -0.302699 0.259785 0.273609 0.926094 0.962454 -0.151521 -0.225219 -0.058553 -0.0640887 0.113517 0.152472 0 0 0.129434 0 0 0.5835 
0.200584 -0.065337 -0.945324 0.319522 0.865218 0.105853 0.490095 -0.49712 0.308477 0.810995 -0.0735937 0.0311661 -0.0566671 -0.501399 0 0 -0.481921 0 0 -0.364216 
0.197283 0.00356432 0.809147 -0.587596 0.866348 0.290967 0.40593 0.499428 -0.510509 -0.699966 0.0665551 0.0793304 0.0699291 0.153101 0 0 0.154148 0 0 0.513337 
0.196402 -0.308393 -0.854696 0.417598 0.837955 -0.0362979 0.544532 -0.450251 0.517858 0.727391 0.0165018 0.0870563 -0.0830617 -0.138649 0 0 -0.118543 0 0 -0.0253422 
0.186778 -0.0786935 0.973928 -0.21277 -0.259785 -0.226092 -0.938826 -0.962455 -0.0186051 0.270804 -0.0767252 -0.0353256 -0.0839389 -0.457417 0 0 -0.513966 0 0 -0.356676 
0.18646 -0.346872 -0.924944 0.155429 0.227244 0.0779002 0.970717 -0.909967 0.372035 0.183167 0.0195613 0.0215281 -0.110874 -0.467261 0 0 -0.43019 0 0 -0.354163 
0.179134 0.0885672 0.967763 -0.235778 -0.498912 0.247976 0.830419 0.862115 0.0440847 0.504791 -0.0587517 -0.121213 0.0953145 -0.472078 0 0 -0.502028 0 0 -0.35165 
0.179085 0.0227343 0.938958 -0.34328 0.866304 0.152883 0.475547 0.499 -0.308196 -0.809947 -0.0611783 0.00660334 0.103575 0.146189 0 0 0.131528 0 0 0.588945 
0.175239 0.182154 -0.822027 0.539529 0.516582 -0.386876 -0.763852 0.836638 0.41785 0.354173 0.0566262 0.111205 0.0506545 -0.132785 0 0 -0.446526 0 0 -0.00439824 
0.175101 -0.308393 -0.854696 0.417598 0.837955 -0.0362979 0.544532 -0.450251 0.517858 0.727391 0.014378 0.0989305 -0.082719 -0.457417 0 0 -0.45637 0 0 -0.368405 
0.174333 -0.065337 -0.945324 0.319522 0.865218 0.105853 0.490095 -0.49712 0.308477 0.810995 -0.0729865 0.0064868 -0.0566939 0.130062 0 0 0.144095 0 0 0.554807 
0.163631 0.0465544 0.982248 -0.181719 -0.965353 0.0909992 0.244566 0.256761 0.164037 0.952452 -0.0649399 -0.148803 0.0176325 -0.462653 0 0 -0.507683 0 0 -0.354163 
0.162714 -0.00096996 -0.938216 0.346048 0.965915 -0.0904565 -0.242541 0.258858 0.334018 0.906325 -0.0679034 0.0669036 0.0176595 -0.503494 0 0 -0.472706 0 0 -0.365263 
0.157393 0.358155 0.902764 -0.238208 -0.467405 0.394225 0.791277 0.808243 -0.17206 0.56315 0.0902122 -0.0455399 0.0316015 -0.117077 0 0 0.163573 0 0 0.524857 
0.155266 0.308386 -0.94899 0.0656977 -0.837956 -0.303695 -0.453431 0.450253 0.08478 -0.888867 0.0989594 -0.0240328 0.0623752 -0.129643 0 0 -0.28044 0 0 -0.0320443 
0.147087 -0.0465473 0.941512 -0.33375 0.965353 -0.0434819 -0.257298 -0.256762 -0.334163 -0.906867 -0.0692303 0.0668582 0.0293527 -0.473125 0 0 -0.502447 0 0 -0.352488 
0.141733 -0.00096996 -0.938216 0.346048 0.965915 -0.0904565 -0.242541 0.258858 0.334018 0.906325 -0.04332 0.0675108 0.0154855 -0.471659 0 0 -0.465795 0 0 -0.379296 
0.131869 0.0885672 0.967763 -0.235778 -0.498912 0.247976 0.830419 0.862115 0.0440847 0.504791 -0.0598387 -0.121226 0.083019 -0.136555 0 0 -0.170484 0 0 0.00439824 
0.118402 0.0639632 -0.94497 0.320842 0.500792 -0.247695 -0.82937 0.863201 0.213724 0.45739 -0.0748274 0.0391523 0.0717778 0.130481 0 0 0.155195 0 0 0.619105 
0.109063 -0.0885601 0.955997 -0.279691 0.498912 -0.200459 -0.843151 -0.862116 -0.214211 -0.459206 -0.0754186 0.0392682 -0.0483293 -0.463281 0 0 -0.508311 0 0 -0.35521 
0.106559 -0.358148 0.900923 -0.245088 0.467407 -0.0542323 -0.882377 -0.808246 -0.430578 -0.401674 0.0133278 0.10705 -0.0737407 -0.443384 0 0 -0.468517 0 0 -0.368196 
0.0991195 -0.25073 0.835646 -0.488702 0.943107 0.0969818 -0.318032 -0.218367 -0.540639 -0.81242 0.0369762 0.127988 0.00885137 -0.122313 0 0 -0.142838 0 0 -0.0159174 
0.0990216 -0.0914326 -0.96213 0.256801 0.257688 0.226237 0.939369 -0.961892 0.152063 0.227244 -0.0854076 -0.0558147 -0.0743869 -0.162525 0 0 -0.142629 0 0 0.0259706 
0.0916041 -0.346872 -0.924944 0.155429 0.227244 0.0779002 0.970717 -0.909967 0.372035 0.183167 0.0237249 0.013374 -0.103013 -0.146817 0 0 -0.106186 0 0 0.0196874 
0.0904486 -0.0914326 -0.96213 0.256801 0.257688 0.226237 0.939369 -0.961892 0.152063 0.227244 -0.0721326 -0.0642271 -0.0667891 0.129015 0 0 0.151006 0 0 0.551665 
0.0855039 -0.0639703 -0.978789 0.194627 -0.500792 0.200178 0.842102 -0.863201 -0.0435982 -0.502975 -0.0814156 -0.121615 -0.0476238 -0.498677 0 0 -0.470402 0 0 -0.340131 
0.0758736 0.346865 -0.878742 0.327866 -0.227245 -0.417893 -0.879617 0.909969 0.230602 -0.344643 0.0466688 0.0411543 0.0973839 -0.0846138 0 0 -0.151216 0 0 0.0888026 
0.0756252 -0.358148 0.900923 -0.245088 0.467407 -0.0542323 -0.882377 -0.808246 -0.430578 -0.401674 0.0170923 0.107393 -0.0622805 -0.120847 0 0 -0.145351 0 0 -0.0205251 
0.0749658 0.255773 0.836948 -0.483837 0.282095 0.414089 0.865421 0.924664 -0.357839 -0.130186 0.0958017 0.0293514 0.0905828 -0.452809 0 0 -0.463072 0 0 -0.331544 
0.0678532 -0.25073 0.835646 -0.488702 0.943107 0.0969818 -0.318032 -0.218367 -0.540639 -0.81242 0.0328126 0.136142 0.000990082 -0.442756 0 0 -0.468517 0 0 -0.360446 
0.0564118 -0.0914326 -0.96213 0.256801 0.257688 0.226237 0.939369 -0.961892 0.152063 0.227244 -0.0863909 -0.0470987 -0.0830716 -0.492603 0 0 -0.4748 0 0 -0.33678 
0.0508054 -0.065337 -0.945324 0.319522 0.865218 0.105853 0.490095 -0.49712 0.308477 0.810995 -0.0858854 0.0308625 -0.0555801 -0.49365 0 0 -0.474172 0 0 -0.337408 
0.0325113 -0.00096996 -0.938216 0.346048 0.965915 -0.0904565 -0.242541 0.258858 0.334018 0.906325 -0.0807491 0.057865 0.0100428 -0.163782 0 0 -0.141791 0 0 0.0245045 
