0.132735 0.00339838 0.271207 0.962515 -0.110396 0.956739 -0.269189 -0.993882 -0.105343 0.0331916 -0.00245627 -0.014294 -0.0889233 0.1572 -0.1572 -0.3892 0.3892 
0.132626 -0.0038244 0.263783 0.964574 0.110398 -0.958574 0.26258 0.99388 0.107491 -0.0254551 0.0169641 0.0133365 0.0791281 0.152 -0.152 -0.3932 0.3932 
0.132586 0.00339838 0.271207 0.962515 -0.110396 0.956739 -0.269189 -0.993882 -0.105343 0.0331916 0.0175074 -0.0132504 -0.0789051 0.1436 -0.1436 -0.396 0.396 
0.132561 -0.0038244 0.263783 0.964574 0.110398 -0.958574 0.26258 0.99388 0.107491 -0.0254551 -0.00307169 0.0145173 0.0889857 0.1632 -0.1632 -0.3836 0.3836 
0.13253 0.00339838 0.271207 0.962515 -0.110396 0.956739 -0.269189 -0.993882 -0.105343 0.0331916 0.00754359 -0.0143283 -0.0888832 0.1576 -0.1576 -0.3896 0.3896 
0.132505 -0.00339201 -0.263778 -0.964577 0.112037 0.95841 -0.262485 0.993698 -0.108958 0.0263019 0.00129273 0.0167613 0.0988129 0.3948 -0.3948 -0.15 0.15 
0.132495 -0.0038244 0.263783 0.964574 0.110398 -0.958574 0.26258 0.99388 0.107491 -0.0254551 0.00692817 0.014483 0.0890259 0.164 -0.164 -0.3836 0.3836 
0.132185 -0.0038244 0.263783 0.964574 0.110398 -0.958574 0.26258 0.99388 0.107491 -0.0254551 -0.0130715 0.0145516 0.0889456 0.1628 -0.1628 -0.3836 0.3836 
0.1319 -0.00339201 -0.263778 -0.964577 0.112037 0.95841 -0.262485 0.993698 -0.108958 0.0263019 0.0212925 0.0166927 0.0988932 0.394 -0.394 -0.1448 0.1448 
0.131789 -0.0038244 0.263783 0.964574 0.110398 -0.958574 0.26258 0.99388 0.107491 -0.0254551 -0.0230353 0.0134737 0.0789675 0.1448 -0.1448 -0.3972 0.3972 
0.131762 -0.00406482 0.270975 0.962578 -0.993881 -0.107348 0.0260225 0.110382 -0.956582 0.269753 0.0269112 -0.0790078 0.013444 0.1124 -0.1124 -0.3348 0.3348 
0.131754 0.00339838 0.271207 0.962515 -0.110396 0.956739 -0.269189 -0.993882 -0.105343 0.0331916 -0.0124561 -0.0142597 -0.0889635 0.1572 -0.1572 -0.3888 0.3888 
0.131735 0.00339838 0.271207 0.962515 -0.110396 0.956739 -0.269189 -0.993882 -0.105343 0.0331916 -0.022456 -0.0142254 -0.0890036 0.1584 -0.1584 -0.3888 0.3888 
0.131671 0.00381804 -0.271212 -0.962512 -0.112038 -0.956575 0.269095 -0.993697 0.106811 -0.0340384 0.0219375 -0.00447451 -0.0798712 0.1692 -0.1692 -0.3692 0.3692 
0.13155 0.00339838 0.271207 0.962515 -0.110396 0.956739 -0.269189 -0.993882 -0.105343 0.0331916 0.0275433 -0.0143969 -0.0888029 0.156 -0.156 -0.3868 0.3868 
0.131465 -0.00339201 -0.263778 -0.964577 0.112037 0.95841 -0.262485 0.993698 -0.108958 0.0263019 -0.018707 0.0168299 0.0987326 0.392 -0.392 -0.1492 0.1492 
0.131437 0.00381804 -0.271212 -0.962512 -0.112038 -0.956575 0.269095 -0.993697 0.106811 -0.0340384 -0.0180283 -0.0164996 -0.0987955 0.398 -0.398 -0.146 0.146 
0.131377 -0.0038244 0.263783 0.964574 0.110398 -0.958574 0.26258 0.99388 0.107491 -0.0254551 0.0269279 0.0144144 0.0891062 0.1616 -0.1616 -0.3816 0.3816 
0.130655 0.00381804 -0.271212 -0.962512 -0.112038 -0.956575 0.269095 -0.993697 0.106811 -0.0340384 0.0118991 -0.0143781 -0.0787993 0.2936 -0.2936 -0.1196 0.1196 
0.130524 -0.00339201 -0.263778 -0.964577 0.112037 0.95841 -0.262485 0.993698 -0.108958 0.0263019 0.0113648 0.0145027 0.0789773 0.292 -0.292 -0.1284 0.1284 
0.129968 0.00339838 0.271207 0.962515 -0.110396 0.956739 -0.269189 -0.993882 -0.105343 0.0331916 0.0375071 -0.013319 -0.0788249 0.1424 -0.1424 -0.3964 0.3964 
0.129603 -0.00339201 -0.263778 -0.964577 0.112037 0.95841 -0.262485 0.993698 -0.108958 0.0263019 -0.00870713 0.0167956 0.0987728 0.394 -0.394 -0.1496 0.1496 
0.129229 0.00339838 0.271207 0.962515 -0.110396 0.956739 -0.269189 -0.993882 -0.105343 0.0331916 0.0175459 -0.00331249 -0.0800172 0.396 -0.396 -0.146 0.146 
0.128843 0.00339838 0.271207 0.962515 -0.110396 0.956739 -0.269189 -0.993882 -0.105343 0.0331916 -0.00245381 -0.00324389 -0.0800975 0.396 -0.396 -0.1428 0.1428 
0.128476 -0.00339201 -0.263778 -0.964577 0.112037 0.95841 -0.262485 0.993698 -0.108958 0.0263019 0.0412922 0.0166242 0.0989735 0.396 -0.396 -0.15 0.15 
0.128383 -0.0038244 0.263783 0.964574 0.110398 -0.958574 0.26258 0.99388 0.107491 -0.0254551 0.0369278 0.0143801 0.0891463 0.1604 -0.1604 -0.3808 0.3808 
0.128264 0.0036388 0.264015 0.964512 0.993882 0.105513 -0.0326317 -0.110384 0.95873 -0.262016 0.0375598 0.0789911 -0.0131006 0.1108 -0.1108 -0.3408 0.3408 
0.128037 0.00339838 0.271207 0.962515 -0.110396 0.956739 -0.269189 -0.993882 -0.105343 0.0331916 0.00754606 -0.00327819 -0.0800573 0.3964 -0.3964 -0.146 0.146 
0.127613 -0.00339201 -0.263778 -0.964577 0.112037 0.95841 -0.262485 0.993698 -0.108958 0.0263019 -0.0287068 0.0168642 0.0986925 0.3944 -0.3944 -0.15 0.15 
0.12718 -0.00364475 -0.270969 -0.962581 -0.993699 0.108815 -0.0268692 0.112024 0.956418 -0.269658 0.0713387 -0.0801439 0.00483125 0.1148 -0.1148 -0.3416 0.3416 
0.126843 0.00381804 -0.271212 -0.962512 -0.112038 -0.956575 0.269095 -0.993697 0.106811 -0.0340384 -0.0780972 -0.00301938 -0.0703347 0.0844 -0.0844 -0.3564 0.3564 
0.126826 0.00381804 -0.271212 -0.962512 -0.112038 -0.956575 0.269095 -0.993697 0.106811 -0.0340384 -0.0780635 -0.0151816 -0.0890985 0.3756 -0.3756 -0.1032 0.1032 
0.126533 -0.00339201 -0.263778 -0.964577 0.112037 0.95841 -0.262485 0.993698 -0.108958 0.0263019 0.0313259 0.0044962 0.0801696 0.1608 -0.1608 -0.3768 0.3768 
0.126302 0.00339838 0.271207 0.962515 -0.110396 0.956739 -0.269189 -0.993882 -0.105343 0.0331916 0.0275458 -0.00334678 -0.079977 0.3948 -0.3948 -0.1404 0.1404 
0.125538 0.00381804 -0.271212 -0.962512 -0.112038 -0.956575 0.269095 -0.993697 0.106811 -0.0340384 0.0718622 -0.0134717 -0.0686205 0.384 -0.384 -0.0548 0.0548 
0.125257 0.00381804 -0.271212 -0.962512 -0.112038 -0.956575 0.269095 -0.993697 0.106811 -0.0340384 -0.0280618 -0.00430303 -0.0800719 0.1576 -0.1576 -0.3704 0.3704 
0.125253 0.00381804 -0.271212 -0.962512 -0.112038 -0.956575 0.269095 -0.993697 0.106811 -0.0340384 0.00197388 -0.00551809 -0.0898894 0.1684 -0.1684 -0.384 0.384 
0.12521 -0.00339201 -0.263778 -0.964577 0.112037 0.95841 -0.262485 0.993698 -0.108958 0.0263019 -0.00870959 0.00574556 0.0899469 0.1632 -0.1632 -0.3896 0.3896 
0.125037 0.00381804 -0.271212 -0.962512 -0.112038 -0.956575 0.269095 -0.993697 0.106811 -0.0340384 0.0119737 -0.00555239 -0.0898492 0.1688 -0.1688 -0.3844 0.3844 
0.124963 -0.00339201 -0.263778 -0.964577 0.112037 0.95841 -0.262485 0.993698 -0.108958 0.0263019 0.00129027 0.00571126 0.0899871 0.1636 -0.1636 -0.39 0.39 
0.124744 -0.00339201 -0.263778 -0.964577 0.112037 0.95841 -0.262485 0.993698 -0.108958 0.0263019 0.0112901 0.00567697 0.0900272 0.1636 -0.1636 -0.3904 0.3904 
0.124634 0.00381804 -0.271212 -0.962512 -0.112038 -0.956575 0.269095 -0.993697 0.106811 -0.0340384 -0.0180258 -0.0054495 -0.0899697 0.168 -0.168 -0.3848 0.3848 
0.124556 -0.00406482 0.270975 0.962578 -0.993881 -0.107348 0.0260225 0.110382 -0.956582 0.269753 -0.0330518 -0.0799142 0.0032652 0.3904 -0.3904 -0.0992 0.0992 
0.124446 -0.00339201 -0.263778 -0.964577 0.112037 0.95841 -0.262485 0.993698 -0.108958 0.0263019 -0.0187095 0.00577985 0.0899068 0.1636 -0.1636 -0.3896 0.3896 
0.124391 0.00407078 -0.264021 -0.964508 0.993697 -0.106981 0.0334785 -0.112023 -0.958566 0.261922 -0.0781129 0.0704335 -0.00366168 0.0876 -0.0876 -0.3508 0.3508 
0.124156 -0.00339201 -0.263778 -0.964577 0.112037 0.95841 -0.262485 0.993698 -0.108958 0.0263019 0.02129 0.00564267 0.0900673 0.162 -0.162 -0.3892 0.3892 
0.123577 -0.00406482 0.270975 0.962578 -0.993881 -0.107348 0.0260225 0.110382 -0.956582 0.269753 -0.0330879 -0.0788021 0.0132031 0.1284 -0.1284 -0.3484 0.3484 
0.122903 0.00339838 0.271207 0.962515 -0.110396 0.956739 -0.269189 -0.993882 -0.105343 0.0331916 0.0775812 -0.00463043 -0.0897142 0.3684 -0.3684 -0.0952 0.0952 
0.122454 0.00381804 -0.271212 -0.962512 -0.112038 -0.956575 0.269095 -0.993697 0.106811 -0.0340384 0.0319735 -0.00562098 -0.0897689 0.1652 -0.1652 -0.3816 0.3816 
0.122322 -0.0038244 0.263783 0.964574 0.110398 -0.958574 0.26258 0.99388 0.107491 -0.0254551 0.0769633 0.0131307 0.079369 0.1204 -0.1204 -0.336 0.336 
0.122138 0.00381804 -0.271212 -0.962512 -0.112038 -0.956575 0.269095 -0.993697 0.106811 -0.0340384 0.0719368 -0.00464599 -0.0796705 0.1208 -0.1208 -0.3396 0.3396 
0.121634 0.00381804 -0.271212 -0.962512 -0.112038 -0.956575 0.269095 -0.993697 0.106811 -0.0340384 0.0418626 -0.0133688 -0.068741 0.3672 -0.3672 -0.0272 0.0272 
0.120999 0.00381804 -0.271212 -0.962512 -0.112038 -0.956575 0.269095 -0.993697 0.106811 -0.0340384 0.0419733 -0.00565528 -0.0897288 0.1704 -0.1704 -0.3868 0.3868 
0.120793 -0.00406482 0.270975 0.962578 -0.993881 -0.107348 0.0260225 0.110382 -0.956582 0.269753 0.0769466 -0.0802915 0.0037068 0.3656 -0.3656 -0.0872 0.0872 
0.120593 0.00381804 -0.271212 -0.962512 -0.112038 -0.956575 0.269095 -0.993697 0.106811 -0.0340384 -0.00802598 -0.0054838 -0.0899295 0.168 -0.168 -0.3836 0.3836 
0.120477 -0.00339201 -0.263778 -0.964577 0.112037 0.95841 -0.262485 0.993698 -0.108958 0.0263019 0.0412897 0.00557408 0.0901476 0.1664 -0.1664 -0.3912 0.3912 
0.120302 0.00407078 -0.264021 -0.964508 0.993697 -0.106981 0.0334785 -0.112023 -0.958566 0.261922 0.0720006 0.0997328 -0.00639561 0.1148 -0.1148 -0.3444 0.3444 
0.119782 0.00339838 0.271207 0.962515 -0.110396 0.956739 -0.269189 -0.993882 -0.105343 0.0331916 0.0674706 -0.0123097 -0.0687665 0.082 -0.082 -0.3496 0.3496 
0.119716 0.0036388 0.264015 0.964512 0.993882 0.105513 -0.0326317 -0.110384 0.95873 -0.262016 0.0775232 0.0799661 -0.00300209 0.3656 -0.3656 -0.0872 0.0872 
0.119316 -0.00364475 -0.270969 -0.962581 -0.993699 0.108815 -0.0268692 0.112024 0.956418 -0.269658 -0.00866023 -0.0798696 0.00451009 0.1036 -0.1036 -0.3468 0.3468 
0.118637 -0.00406482 0.270975 0.962578 -0.993881 -0.107348 0.0260225 0.110382 -0.956582 0.269753 0.076872 -0.0891172 0.0147567 0.1164 -0.1164 -0.332 0.332 
0.11826 0.00339838 0.271207 0.962515 -0.110396 0.956739 -0.269189 -0.993882 -0.105343 0.0331916 -0.0525277 -0.0118981 -0.0692483 0.0948 -0.0948 -0.3664 0.3664 
0.117366 0.0036388 0.264015 0.964512 0.993882 0.105513 -0.0326317 -0.110384 0.95873 -0.262016 0.0775978 0.0887918 -0.014052 0.1184 -0.1184 -0.3308 0.3308 
0.11723 -0.0038244 0.263783 0.964574 0.110398 -0.958574 0.26258 0.99388 0.107491 -0.0254551 0.0769247 0.00319285 0.080481 0.372 -0.372 -0.0912 0.0912 
0.116981 0.00407078 -0.264021 -0.964508 0.993697 -0.106981 0.0334785 -0.112023 -0.958566 0.261922 -0.00811389 0.0701934 -0.00338067 0.0664 -0.0664 -0.2888 0.2888 
0.116535 -0.00364475 -0.270969 -0.962581 -0.993699 0.108815 -0.0268692 0.112024 0.956418 -0.269658 -0.0186601 -0.0798353 0.00446994 0.0996 -0.0996 -0.3464 0.3464 
0.116236 -0.00364475 -0.270969 -0.962581 -0.993699 0.108815 -0.0268692 0.112024 0.956418 -0.269658 -0.0787339 -0.0884552 0.015279 0.3764 -0.3764 -0.1008 0.1008 
0.116075 0.00339838 0.271207 0.962515 -0.110396 0.956739 -0.269189 -0.993882 -0.105343 0.0331916 0.0375456 -0.00338108 -0.0799369 0.3976 -0.3976 -0.134 0.134 
0.115703 -0.00339201 -0.263778 -0.964577 0.112037 0.95841 -0.262485 0.993698 -0.108958 0.0263019 -0.0787447 0.0070978 0.0996038 0.1316 -0.1316 -0.3436 0.3436 
0.115547 -0.00339201 -0.263778 -0.964577 0.112037 0.95841 -0.262485 0.993698 -0.108958 0.0263019 -0.0287454 0.00692632 0.0998045 0.1512 -0.1512 -0.3996 0.3996 
0.115371 0.0036388 0.264015 0.964512 0.993882 0.105513 -0.0326317 -0.110384 0.95873 -0.262016 0.0676004 0.0998762 -0.0052663 0.3672 -0.3672 -0.0984 0.0984 
0.115075 -0.00364475 -0.270969 -0.962581 -0.993699 0.108815 -0.0268692 0.112024 0.956418 -0.269658 0.0713026 -0.0790318 0.0147691 0.3636 -0.3636 -0.0972 0.0972 
0.113794 0.00339838 0.271207 0.962515 -0.110396 0.956739 -0.269189 -0.993882 -0.105343 0.0331916 0.0675452 -0.00348397 -0.0798165 0.364 -0.364 -0.0972 0.0972 
0.113371 -0.00339201 -0.263778 -0.964577 0.112037 0.95841 -0.262485 0.993698 -0.108958 0.0263019 0.0712918 0.0165213 0.0990939 0.358 -0.358 -0.1008 0.1008 
0.113199 0.0036388 0.264015 0.964512 0.993882 0.105513 -0.0326317 -0.110384 0.95873 -0.262016 -0.0324392 0.0792312 -0.0133816 0.1304 -0.1304 -0.3432 0.3432 
0.113177 -0.00364475 -0.270969 -0.962581 -0.993699 0.108815 -0.0268692 0.112024 0.956418 -0.269658 0.121335 -0.0913655 -0.00379389 -0.3446 0.3446 -0.3396 0.3396 
0.113019 0.0036388 0.264015 0.964512 0.993882 0.105513 -0.0326317 -0.110384 0.95873 -0.262016 -0.0324753 0.0803433 -0.00344369 0.3996 -0.3996 -0.0964 0.0964 
0.112837 -0.00339201 -0.263778 -0.964577 0.112037 0.95841 -0.262485 0.993698 -0.108958 0.0263019 0.0312923 0.0166584 0.0989334 0.394 -0.394 -0.146 0.146 
0.112461 -0.00364475 -0.270969 -0.962581 -0.993699 0.108815 -0.0268692 0.112024 0.956418 -0.269658 0.121227 -0.088029 0.0260198 0.3872 -0.3872 0.3926 -0.3926 
0.112391 0.0036388 0.264015 0.964512 0.993882 0.105513 -0.0326317 -0.110384 0.95873 -0.262016 0.00756024 0.079094 -0.013221 0.1096 -0.1096 -0.3324 0.3324 
0.112269 -0.00339201 -0.263778 -0.964577 0.112037 0.95841 -0.262485 0.993698 -0.108958 0.0263019 0.0713254 0.00435902 0.0803302 0.1168 -0.1168 -0.3432 0.3432 
0.111952 -0.00406482 0.270975 0.962578 -0.993881 -0.107348 0.0260225 0.110382 -0.956582 0.269753 0.136874 -0.0782729 0.0238235 -0.4958 0.4958 -0.2316 0.2316 
0.111715 0.00339838 0.271207 0.962515 -0.110396 0.956739 -0.269189 -0.993882 -0.105343 0.0331916 -0.0324534 -0.003141 -0.0802179 0.3988 -0.3988 -0.1284 0.1284 
0.1114 0.00407078 -0.264021 -0.964508 0.993697 -0.106981 0.0334785 -0.112023 -0.958566 0.261922 0.121925 0.0907355 0.00485505 -0.3668 0.3668 -0.3624 0.3624 
0.110886 0.00407078 -0.264021 -0.964508 0.993697 -0.106981 0.0334785 -0.112023 -0.958566 0.261922 0.121961 0.0896234 -0.00508285 -0.1198 0.1198 -0.1132 0.1132 
0.11073 0.00407078 -0.264021 -0.964508 0.993697 -0.106981 0.0334785 -0.112023 -0.958566 0.261922 -0.0779612 0.099135 -0.0169357 0.3768 -0.3768 -0.1008 0.1008 
0.110701 0.00407078 -0.264021 -0.964508 0.993697 -0.106981 0.0334785 -0.112023 -0.958566 0.261922 0.121997 0.0885112 -0.0150207 0.1192 -0.1192 0.1262 -0.1262 
0.11067 -0.00406482 0.270975 0.962578 -0.993881 -0.107348 0.0260225 0.110382 -0.956582 0.269753 0.126987 -0.059475 0.0116213 -0.3086 0.3086 0.0676 -0.0676 
0.110295 0.00407078 -0.264021 -0.964508 0.993697 -0.106981 0.0334785 -0.112023 -0.958566 0.261922 0.122034 0.087399 -0.0249586 0.3652 -0.3652 0.3698 -0.3698 
0.110229 0.00339838 0.271207 0.962515 -0.110396 0.956739 -0.269189 -0.993882 -0.105343 0.0331916 0.0775426 -0.0145683 -0.0886022 0.122 -0.122 -0.3404 0.3404 
0.11003 -0.00364475 -0.270969 -0.962581 -0.993699 0.108815 -0.0268692 0.112024 0.956418 -0.269658 0.0413391 -0.080041 0.00471081 0.1216 -0.1216 -0.3504 0.3504 
0.109734 -0.00406482 0.270975 0.962578 -0.993881 -0.107348 0.0260225 0.110382 -0.956582 0.269753 -0.0530491 -0.0687956 0.0120108 0.09 -0.09 -0.3696 0.3696 
0.108507 0.0036388 0.264015 0.964512 0.993882 0.105513 -0.0326317 -0.110384 0.95873 -0.262016 0.137556 0.0675981 -0.021525 -0.4582 0.4582 -0.1752 0.1752 
0.107687 0.00339838 0.271207 0.962515 -0.110396 0.956739 -0.269189 -0.993882 -0.105343 0.0331916 0.127503 -0.0246777 -0.0872894 -0.3572 0.3572 -0.3448 0.3448 
0.10751 0.00339838 0.271207 0.962515 -0.110396 0.956739 -0.269189 -0.993882 -0.105343 0.0331916 -0.0324559 -0.0141911 -0.0890438 0.1648 -0.1648 -0.3944 0.3944 
0.107295 -0.0038244 0.263783 0.964574 0.110398 -0.958574 0.26258 0.99388 0.107491 -0.0254551 0.126965 0.0240093 0.0883956 -0.3612 0.3612 -0.3496 0.3496 
0.106548 -0.00339201 -0.263778 -0.964577 0.112037 0.95841 -0.262485 0.993698 -0.108958 0.0263019 0.12125 -0.00463819 0.0915808 -0.3492 0.3492 -0.3572 0.3572 
0.106413 -0.00364475 -0.270969 -0.962581 -0.993699 0.108815 -0.0268692 0.112024 0.956418 -0.269658 0.121263 -0.0891411 0.0160819 0.1368 -0.1368 0.1452 -0.1452 
0.106287 0.00407078 -0.264021 -0.964508 0.993697 -0.106981 0.0334785 -0.112023 -0.958566 0.261922 0.04196 0.0788477 -0.0142299 0.3692 -0.3692 -0.0908 0.0908 
0.105918 0.00381804 -0.271212 -0.962512 -0.112038 -0.956575 0.269095 -0.993697 0.106811 -0.0340384 0.122011 0.00400825 -0.0905197 -0.3502 0.3502 -0.3576 0.3576 
0.105721 -0.00406482 0.270975 0.962578 -0.993881 -0.107348 0.0260225 0.110382 -0.956582 0.269753 0.136987 -0.0595093 0.0116615 -0.3346 0.3346 0.0818 -0.0818 
0.105593 0.00407078 -0.264021 -0.964508 0.993697 -0.106981 0.0334785 -0.112023 -0.958566 0.261922 0.0420011 0.0998356 -0.00651604 0.1672 -0.1672 -0.3476 0.3476 
0.105181 -0.0038244 0.263783 0.964574 0.110398 -0.958574 0.26258 0.99388 0.107491 -0.0254551 0.136852 0.00521142 0.100598 0.0172 -0.0172 0.2526 -0.2526 
0.104245 0.00407078 -0.264021 -0.964508 0.993697 -0.106981 0.0334785 -0.112023 -0.958566 0.261922 0.111925 0.0907698 0.0048149 -0.3338 0.3338 -0.374 0.374 
0.103554 0.00339838 0.271207 0.962515 -0.110396 0.956739 -0.269189 -0.993882 -0.105343 0.0331916 0.127544 -0.00368974 -0.0795756 0.0328 -0.0328 0.2452 -0.2452 
0.103069 -0.00364475 -0.270969 -0.962581 -0.993699 0.108815 -0.0268692 0.112024 0.956418 -0.269658 0.0213033 -0.0788603 0.0145684 0.3692 -0.3692 -0.0868 0.0868 
0.102706 0.0036388 0.264015 0.964512 0.993882 0.105513 -0.0326317 -0.110384 0.95873 -0.262016 0.137636 0.0985239 -0.0149232 -0.2178 0.2178 0.0272 -0.0272 
0.102437 0.00339838 0.271207 0.962515 -0.110396 0.956739 -0.269189 -0.993882 -0.105343 0.0331916 0.127542 -0.0147398 -0.0884014 -0.1146 0.1146 -0.0992 0.0992 
0.102353 0.00339838 0.271207 0.962515 -0.110396 0.956739 -0.269189 -0.993882 -0.105343 0.0331916 -0.0224535 -0.0031753 -0.0801778 0.394 -0.394 -0.1348 0.1348 
0.102209 0.0036388 0.264015 0.964512 0.993882 0.105513 -0.0326317 -0.110384 0.95873 -0.262016 0.02756 0.0790254 -0.0131407 0.1128 -0.1128 -0.3292 0.3292 
0.102103 0.0036388 0.264015 0.964512 0.993882 0.105513 -0.0326317 -0.110384 0.95873 -0.262016 0.127481 0.0588066 -0.0105152 -0.3012 0.3012 0.0736 -0.0736 
0.102047 -0.00406482 0.270975 0.962578 -0.993881 -0.107348 0.0260225 0.110382 -0.956582 0.269753 0.116944 -0.0914788 -0.00495848 0.3836 -0.3836 0.3626 -0.3626 
0.101624 -0.00406482 0.270975 0.962578 -0.993881 -0.107348 0.0260225 0.110382 -0.956582 0.269753 0.116835 -0.0881422 0.0248552 -0.3498 0.3498 -0.3684 0.3684 
0.101282 0.00339838 0.271207 0.962515 -0.110396 0.956739 -0.269189 -0.993882 -0.105343 0.0331916 0.117504 -0.0246434 -0.0873296 -0.3442 0.3442 -0.362 0.362 
0.101211 -0.00339201 -0.263778 -0.964577 0.112037 0.95841 -0.262485 0.993698 -0.108958 0.0263019 -0.0387453 0.00696062 0.0997644 0.18 -0.18 -0.3952 0.3952 
0.100685 -0.0038244 0.263783 0.964574 0.110398 -0.958574 0.26258 0.99388 0.107491 -0.0254551 -0.0330713 0.0146202 0.0888653 0.1692 -0.1692 -0.3904 0.3904 
0.100635 -0.00364475 -0.270969 -0.962581 -0.993699 0.108815 -0.0268692 0.112024 0.956418 -0.269658 0.121299 -0.0902533 0.00614401 -0.1032 0.1032 -0.094 0.094 
0.100488 -0.00406482 0.270975 0.962578 -0.993881 -0.107348 0.0260225 0.110382 -0.956582 0.269753 0.136943 -0.0915474 -0.00487819 0.2428 -0.2428 0.5068 -0.5068 
0.100483 0.00339838 0.271207 0.962515 -0.110396 0.956739 -0.269189 -0.993882 -0.105343 0.0331916 0.117542 -0.0147055 -0.0884416 -0.0998 0.0998 -0.1088 0.1088 
0.0997156 0.00339838 0.271207 0.962515 -0.110396 0.956739 -0.269189 -0.993882 -0.105343 0.0331916 0.137616 -0.00594838 -0.0994112 0.0184 -0.0184 0.2546 -0.2546 
0.0990244 -0.00364475 -0.270969 -0.962581 -0.993699 0.108815 -0.0268692 0.112024 0.956418 -0.269658 -0.0786978 -0.0895674 0.00534111 0.1292 -0.1292 -0.346 0.346 
0.0984704 0.00339838 0.271207 0.962515 -0.110396 0.956739 -0.269189 -0.993882 -0.105343 0.0331916 0.137467 -0.0235998 -0.0773114 -0.4762 0.4762 -0.2252 0.2252 
0.0984357 -0.0038244 0.263783 0.964574 0.110398 -0.958574 0.26258 0.99388 0.107491 -0.0254551 0.116965 0.0240436 0.0883554 -0.3438 0.3438 -0.3612 0.3612 
0.0983088 -0.0038244 0.263783 0.964574 0.110398 -0.958574 0.26258 0.99388 0.107491 -0.0254551 0.116924 0.00305566 0.0806416 0.0276 -0.0276 0.2366 -0.2366 
0.0982242 0.00339838 0.271207 0.962515 -0.110396 0.956739 -0.269189 -0.993882 -0.105343 0.0331916 0.117581 -0.00476762 -0.0895536 0.14 -0.14 0.1296 -0.1296 
0.0977293 0.0036388 0.264015 0.964512 0.993882 0.105513 -0.0326317 -0.110384 0.95873 -0.262016 0.127525 0.0908447 0.0060245 0.3776 -0.3776 0.3938 -0.3938 
0.097495 -0.0038244 0.263783 0.964574 0.110398 -0.958574 0.26258 0.99388 0.107491 -0.0254551 0.0568553 0.0165359 0.109102 0.1084 -0.1084 -0.2968 0.2968 
0.0973517 0.00407078 -0.264021 -0.964508 0.993697 -0.106981 0.0334785 -0.112023 -0.958566 0.261922 -0.0180391 0.0790534 -0.0144707 0.3616 -0.3616 -0.0808 0.0808 
0.0968353 -0.00406482 0.270975 0.962578 -0.993881 -0.107348 0.0260225 0.110382 -0.956582 0.269753 0.127023 -0.0605872 0.00168345 -0.0302 0.0302 0.3376 -0.3376 
0.096752 0.00407078 -0.264021 -0.964508 0.993697 -0.106981 0.0334785 -0.112023 -0.958566 0.261922 -0.0181137 0.0702277 -0.00342081 0.0624 -0.0624 -0.2872 0.2872 
0.0964295 0.0036388 0.264015 0.964512 0.993882 0.105513 -0.0326317 -0.110384 0.95873 -0.262016 0.117633 0.0875425 -0.0238293 -0.3378 0.3378 -0.3556 0.3556 
0.0964254 0.00339838 0.271207 0.962515 -0.110396 0.956739 -0.269189 -0.993882 -0.105343 0.0331916 0.137542 -0.0147741 -0.0883613 -0.2218 0.2218 0.0136 -0.0136 
0.0960257 0.0036388 0.264015 0.964512 0.993882 0.105513 -0.0326317 -0.110384 0.95873 -0.262016 0.127633 0.0875082 -0.0237892 -0.3548 0.3548 -0.3376 0.3376 
0.0959392 -0.00406482 0.270975 0.962578 -0.993881 -0.107348 0.0260225 0.110382 -0.956582 0.269753 0.126943 -0.0915131 -0.00491834 0.3652 -0.3652 0.3806 -0.3806 
0.0956222 -0.0038244 0.263783 0.964574 0.110398 -0.958574 0.26258 0.99388 0.107491 -0.0254551 0.13689 0.0151493 0.0994856 -0.2232 0.2232 0.0112 -0.0112 
0.0952763 0.0036388 0.264015 0.964512 0.993882 0.105513 -0.0326317 -0.110384 0.95873 -0.262016 0.117525 0.090879 0.00598435 0.3952 -0.3952 0.3756 -0.3756 
0.0949159 -0.00364475 -0.270969 -0.962581 -0.993699 0.108815 -0.0268692 0.112024 0.956418 -0.269658 -0.02866 -0.079801 0.0044298 0.1144 -0.1144 -0.3476 0.3476 
0.094024 0.00339838 0.271207 0.962515 -0.110396 0.956739 -0.269189 -0.993882 -0.105343 0.0331916 -0.0124537 -0.0032096 -0.0801376 0.3944 -0.3944 -0.1404 0.1404 
0.0938926 0.00407078 -0.264021 -0.964508 0.993697 -0.106981 0.0334785 -0.112023 -0.958566 0.261922 -0.028039 0.0790877 -0.0145109 0.366 -0.366 -0.0984 0.0984 
0.0929141 -0.00406482 0.270975 0.962578 -0.993881 -0.107348 0.0260225 0.110382 -0.956582 0.269753 0.137023 -0.0606215 0.0017236 -0.0618 0.0618 0.3448 -0.3448 
0.0927348 -0.0038244 0.263783 0.964574 0.110398 -0.958574 0.26258 0.99388 0.107491 -0.0254551 0.136929 0.0250872 0.0983736 -0.4956 0.4956 -0.2292 0.2292 
0.0926355 0.00407078 -0.264021 -0.964508 0.993697 -0.106981 0.0334785 -0.112023 -0.958566 0.261922 0.0719982 0.0886827 -0.0152215 0.3616 -0.3616 -0.1004 0.1004 
0.0919335 -0.00339201 -0.263778 -0.964577 0.112037 0.95841 -0.262485 0.993698 -0.108958 0.0263019 0.121325 0.00418754 0.0805309 -0.2152 0.2152 -0.0044 0.0044 
0.091599 -0.00406482 0.270975 0.962578 -0.993881 -0.107348 0.0260225 0.110382 -0.956582 0.269753 0.126835 -0.0881765 0.0248953 -0.3678 0.3678 -0.3508 0.3508 
0.0915341 0.00407078 -0.264021 -0.964508 0.993697 -0.106981 0.0334785 -0.112023 -0.958566 0.261922 0.111998 0.0885455 -0.0150609 0.1488 -0.1488 0.1052 -0.1052 
0.091369 -0.00406482 0.270975 0.962578 -0.993881 -0.107348 0.0260225 0.110382 -0.956582 0.269753 0.0669107 -0.079145 0.0136045 0.1204 -0.1204 -0.3368 0.3368 
0.0911343 -0.00406482 0.270975 0.962578 -0.993881 -0.107348 0.0260225 0.110382 -0.956582 0.269753 0.11691 -0.0793165 0.0138053 -0.2068 0.2068 0.0026 -0.0026 
0.0906856 0.00407078 -0.264021 -0.964508 0.993697 -0.106981 0.0334785 -0.112023 -0.958566 0.261922 -0.0579229 0.109004 -0.0179674 0.3268 -0.3268 -0.1008 0.1008 
0.090645 0.00381804 -0.271212 -0.962512 -0.112038 -0.956575 0.269095 -0.993697 0.106811 -0.0340384 0.091939 0.00633549 -0.0707643 -0.3282 0.3282 -0.3836 0.3836 
0.0905083 0.00407078 -0.264021 -0.964508 0.993697 -0.106981 0.0334785 -0.112023 -0.958566 0.261922 0.111962 0.0896577 -0.00512299 -0.0906 0.0906 -0.1344 0.1344 
0.0892274 0.0036388 0.264015 0.964512 0.993882 0.105513 -0.0326317 -0.110384 0.95873 -0.262016 -0.0224393 0.0791969 -0.0133414 0.1044 -0.1044 -0.3292 0.3292 
0.0880773 0.00381804 -0.271212 -0.962512 -0.112038 -0.956575 0.269095 -0.993697 0.106811 -0.0340384 0.121934 -0.0158675 -0.0882956 0.1264 -0.1264 0.1302 -0.1302 
0.0877545 0.00381804 -0.271212 -0.962512 -0.112038 -0.956575 0.269095 -0.993697 0.106811 -0.0340384 0.121972 -0.00592965 -0.0894076 -0.1132 0.1132 -0.1088 0.1088 
0.0872195 0.00381804 -0.271212 -0.962512 -0.112038 -0.956575 0.269095 -0.993697 0.106811 -0.0340384 0.0518625 -0.0134031 -0.0687008 0.3908 -0.3908 -0.0496 0.0496 
0.08629 -0.00406482 0.270975 0.962578 -0.993881 -0.107348 0.0260225 0.110382 -0.956582 0.269753 -0.0430132 -0.069942 0.00211302 0.3968 -0.3968 -0.0616 0.0616 
0.0861911 0.0036388 0.264015 0.964512 0.993882 0.105513 -0.0326317 -0.110384 0.95873 -0.262016 0.107487 0.0809754 0.00705624 0.312 -0.312 0.4626 -0.4626 
0.0860479 0.00407078 -0.264021 -0.964508 0.993697 -0.106981 0.0334785 -0.112023 -0.958566 0.261922 -0.0679228 0.109039 -0.0180076 0.3236 -0.3236 -0.0916 0.0916 
0.0860223 -0.00406482 0.270975 0.962578 -0.993881 -0.107348 0.0260225 0.110382 -0.956582 0.269753 0.107023 -0.0605186 0.00160316 -0.0088 0.0088 0.3172 -0.3172 
0.0857422 -0.00364475 -0.270969 -0.962581 -0.993699 0.108815 -0.0268692 0.112024 0.956418 -0.269658 0.101261 -0.100123 0.00717575 -0.1448 0.1448 -0.0796 0.0796 
0.0855338 0.0036388 0.264015 0.964512 0.993882 0.105513 -0.0326317 -0.110384 0.95873 -0.262016 0.127445 0.0599188 -0.000577296 -0.0228 0.0228 0.3378 -0.3378 
0.085483 -0.00406482 0.270975 0.962578 -0.993881 -0.107348 0.0260225 0.110382 -0.956582 0.269753 0.106987 -0.0594064 0.0115411 -0.2862 0.2862 0.0482 -0.0482 
0.0854098 -0.00406482 0.270975 0.962578 -0.993881 -0.107348 0.0260225 0.110382 -0.956582 0.269753 0.106874 -0.07817 0.023703 -0.4282 0.4282 -0.2752 0.2752 
0.0853692 -0.00364475 -0.270969 -0.962581 -0.993699 0.108815 -0.0268692 0.112024 0.956418 -0.269658 0.101379 -0.0592588 0.0126655 0.0384 -0.0384 0.2716 -0.2716 
0.0852828 0.0036388 0.264015 0.964512 0.993882 0.105513 -0.0326317 -0.110384 0.95873 -0.262016 0.107446 0.0599874 -0.000657587 -0.0026 0.0026 0.3206 -0.3206 
0.0852741 0.0036388 0.264015 0.964512 0.993882 0.105513 -0.0326317 -0.110384 0.95873 -0.262016 0.137599 0.0996361 -0.00498529 0.0224 -0.0224 0.2692 -0.2692 
0.0848358 0.00407078 -0.264021 -0.964508 0.993697 -0.106981 0.0334785 -0.112023 -0.958566 0.261922 0.102036 0.0985177 -0.0162131 0.0932 -0.0932 0.1602 -0.1602 
0.0847346 -0.0038244 0.263783 0.964574 0.110398 -0.958574 0.26258 0.99388 0.107491 -0.0254551 0.126926 0.0140714 0.0895076 -0.1152 0.1152 -0.1056 0.1056 
0.0847053 0.00407078 -0.264021 -0.964508 0.993697 -0.106981 0.0334785 -0.112023 -0.958566 0.261922 0.102 0.0996299 -0.00627517 -0.1456 0.1456 -0.08 0.08 
0.0845865 -0.0038244 0.263783 0.964574 0.110398 -0.958574 0.26258 0.99388 0.107491 -0.0254551 0.126888 0.00413354 0.0906196 0.1244 -0.1244 0.1332 -0.1332 
0.0843973 -0.00364475 -0.270969 -0.962581 -0.993699 0.108815 -0.0268692 0.112024 0.956418 -0.269658 0.0213779 -0.0700345 0.00351849 0.0684 -0.0684 -0.2952 0.2952 
0.0840928 -0.0038244 0.263783 0.964574 0.110398 -0.958574 0.26258 0.99388 0.107491 -0.0254551 0.106999 0.0119157 0.0695515 -0.2238 0.2238 0.0286 -0.0286 
0.0840827 -0.00406482 0.270975 0.962578 -0.993881 -0.107348 0.0260225 0.110382 -0.956582 0.269753 0.016986 -0.0701478 0.00235389 0.32 -0.32 -0.0412 0.0412 
0.0838516 0.0036388 0.264015 0.964512 0.993882 0.105513 -0.0326317 -0.110384 0.95873 -0.262016 0.0676365 0.098764 -0.0152042 0.1312 -0.1312 -0.338 0.338 
0.0836963 -0.00339201 -0.263778 -0.964577 0.112037 0.95841 -0.262485 0.993698 -0.108958 0.0263019 0.121327 0.0152376 0.0893568 0.1348 -0.1348 0.1316 -0.1316 
0.0835947 0.0036388 0.264015 0.964512 0.993882 0.105513 -0.0326317 -0.110384 0.95873 -0.262016 0.117597 0.0886546 -0.0138914 -0.0972 0.0972 -0.1068 0.1068 
0.0835874 0.0036388 0.264015 0.964512 0.993882 0.105513 -0.0326317 -0.110384 0.95873 -0.262016 0.107636 0.0986268 -0.0150436 -0.1732 0.1732 -0.03 0.03 
0.0835493 0.0036388 0.264015 0.964512 0.993882 0.105513 -0.0326317 -0.110384 0.95873 -0.262016 0.117561 0.0897668 -0.00395354 0.1432 -0.1432 0.1318 -0.1318 
0.083145 -0.00364475 -0.270969 -0.962581 -0.993699 0.108815 -0.0268692 0.112024 0.956418 -0.269658 0.111379 -0.0592931 0.0127057 -0.0132 0.0132 0.3238 -0.3238 
0.0831024 -0.00406482 0.270975 0.962578 -0.993881 -0.107348 0.0260225 0.110382 -0.956582 0.269753 0.116908 -0.0903666 0.00497941 0.1332 -0.1332 0.1236 -0.1236 
0.0830854 0.00381804 -0.271212 -0.962512 -0.112038 -0.956575 0.269095 -0.993697 0.106811 -0.0340384 0.0520454 -0.00791392 -0.109564 0.0944 -0.0944 -0.2936 0.2936 
0.0830313 -0.00364475 -0.270969 -0.962581 -0.993699 0.108815 -0.0268692 0.112024 0.956418 -0.269658 0.101266 -0.0780225 0.0248275 0.3384 -0.3384 0.4112 -0.4112 
0.0827348 -0.00406482 0.270975 0.962578 -0.993881 -0.107348 0.0260225 0.110382 -0.956582 0.269753 0.106982 -0.0815066 -0.00611066 0.3084 -0.3084 0.4578 -0.4578 
0.0818588 -0.00364475 -0.270969 -0.962581 -0.993699 0.108815 -0.0268692 0.112024 0.956418 -0.269658 0.111415 -0.0604053 0.00276776 -0.3062 0.3062 0.0508 -0.0508 
0.0817975 0.00407078 -0.264021 -0.964508 0.993697 -0.106981 0.0334785 -0.112023 -0.958566 0.261922 0.0219603 0.0789163 -0.0143102 0.3632 -0.3632 -0.0876 0.0876 
0.081797 0.00339838 0.271207 0.962515 -0.110396 0.956739 -0.269189 -0.993882 -0.105343 0.0331916 0.10747 -0.0124469 -0.0686059 -0.2252 0.2252 0.0286 -0.0286 
0.0815725 0.00407078 -0.264021 -0.964508 0.993697 -0.106981 0.0334785 -0.112023 -0.958566 0.261922 0.00192452 0.080097 -0.00445255 0.0996 -0.0996 -0.3532 0.3532 
0.0811953 0.00407078 -0.264021 -0.964508 0.993697 -0.106981 0.0334785 -0.112023 -0.958566 0.261922 -0.0479231 0.10897 -0.0179273 0.3244 -0.3244 -0.0948 0.0948 
0.0807055 -0.00364475 -0.270969 -0.962581 -0.993699 0.108815 -0.0268692 0.112024 0.956418 -0.269658 0.00133963 -0.0799039 0.00455023 0.1044 -0.1044 -0.3484 0.3484 
0.0806137 -0.00406482 0.270975 0.962578 -0.993881 -0.107348 0.0260225 0.110382 -0.956582 0.269753 0.0068705 -0.0999272 0.00564985 0.3648 -0.3648 -0.1476 0.1476 
0.0801407 -0.00406482 0.270975 0.962578 -0.993881 -0.107348 0.0260225 0.110382 -0.956582 0.269753 0.0969874 -0.0593721 0.0115009 -0.2172 0.2172 -0.0452 0.0452 
0.0800991 0.00407078 -0.264021 -0.964508 0.993697 -0.106981 0.0334785 -0.112023 -0.958566 0.261922 0.0218857 0.0700905 -0.00326023 0.066 -0.066 -0.2992 0.2992 
0.0799838 -0.00406482 0.270975 0.962578 -0.993881 -0.107348 0.0260225 0.110382 -0.956582 0.269753 0.0970234 -0.0604843 0.00156302 0.0904 -0.0904 0.2492 -0.2492 
0.0796758 -0.00406482 0.270975 0.962578 -0.993881 -0.107348 0.0260225 0.110382 -0.956582 0.269753 0.0169114 -0.0789736 0.0134038 0.1104 -0.1104 -0.3388 0.3388 
0.0795283 0.00339838 0.271207 0.962515 -0.110396 0.956739 -0.269189 -0.993882 -0.105343 0.0331916 0.0574707 -0.0122754 -0.0688067 0.0792 -0.0792 -0.352 0.352 
0.0794452 -0.00339201 -0.263778 -0.964577 0.112037 0.95841 -0.262485 0.993698 -0.108958 0.0263019 -0.0485983 0.0135963 0.0687985 0.398 -0.398 -0.0648 0.0648 
0.0793186 0.0036388 0.264015 0.964512 0.993882 0.105513 -0.0326317 -0.110384 0.95873 -0.262016 0.0975639 0.100885 0.00479203 0.38 -0.38 0.3882 -0.3882 
0.0789603 0.00339838 0.271207 0.962515 -0.110396 0.956739 -0.269189 -0.993882 -0.105343 0.0331916 0.0476152 -0.0166898 -0.108598 0.086 -0.086 -0.2992 0.2992 
0.0788447 0.0036388 0.264015 0.964512 0.993882 0.105513 -0.0326317 -0.110384 0.95873 -0.262016 0.0976722 0.097549 -0.0250217 -0.3542 0.3542 -0.3424 0.3424 
0.0783974 0.0036388 0.264015 0.964512 0.993882 0.105513 -0.0326317 -0.110384 0.95873 -0.262016 0.137563 0.100748 0.00495261 0.2648 -0.2648 0.5492 -0.5492 
0.0780084 0.00407078 -0.264021 -0.964508 0.993697 -0.106981 0.0334785 -0.112023 -0.958566 0.261922 0.101926 0.0908041 0.00477476 -0.3706 0.3706 -0.3412 0.3412 
0.077522 -0.00406482 0.270975 0.962578 -0.993881 -0.107348 0.0260225 0.110382 -0.956582 0.269753 0.0668697 -0.100133 0.00589072 0.36 -0.36 -0.1016 0.1016 
0.0774543 0.00381804 -0.271212 -0.962512 -0.112038 -0.956575 0.269095 -0.993697 0.106811 -0.0340384 0.0619009 -0.00349952 -0.0697727 0.0792 -0.0792 -0.3524 0.3524 
0.0774473 0.0036388 0.264015 0.964512 0.993882 0.105513 -0.0326317 -0.110384 0.95873 -0.262016 0.0974819 0.0589095 -0.0106356 -0.2116 0.2116 -0.0404 0.0404 
0.0773436 0.0036388 0.264015 0.964512 0.993882 0.105513 -0.0326317 -0.110384 0.95873 -0.262016 0.00760126 0.100082 -0.00550717 0.3708 -0.3708 -0.1456 0.1456 
0.07724 0.00407078 -0.264021 -0.964508 0.993697 -0.106981 0.0334785 -0.112023 -0.958566 0.261922 0.0918847 0.0698505 -0.00297921 -0.1408 0.1408 -0.0844 0.0844 
0.0764019 -0.00364475 -0.270969 -0.962581 -0.993699 0.108815 -0.0268692 0.112024 0.956418 -0.269658 -0.038773 -0.0985303 0.0165516 0.3976 -0.3976 -0.1496 0.1496 
0.0761679 0.0036388 0.264015 0.964512 0.993882 0.105513 -0.0326317 -0.110384 0.95873 -0.262016 -0.0624773 0.0693962 -0.01239 0.0892 -0.0892 -0.356 0.356 
0.0761432 0.00381804 -0.271212 -0.962512 -0.112038 -0.956575 0.269095 -0.993697 0.106811 -0.0340384 0.0620067 -0.0178861 -0.108412 0.3176 -0.3176 -0.0888 0.0888 
0.075547 -0.00406482 0.270975 0.962578 -0.993881 -0.107348 0.0260225 0.110382 -0.956582 0.269753 -0.00308834 -0.078905 0.0133235 0.1064 -0.1064 -0.3404 0.3404 
0.0752114 -0.00339201 -0.263778 -0.964577 0.112037 0.95841 -0.262485 0.993698 -0.108958 0.0263019 -0.0385985 0.013562 0.0688387 0.3944 -0.3944 -0.0672 0.0672 
0.0744681 0.00407078 -0.264021 -0.964508 0.993697 -0.106981 0.0334785 -0.112023 -0.958566 0.261922 0.0919643 0.100776 0.00362258 -0.3246 0.3246 -0.3992 0.3992 
0.0742943 -0.00364475 -0.270969 -0.962581 -0.993699 0.108815 -0.0268692 0.112024 0.956418 -0.269658 0.101297 -0.101235 -0.00276214 -0.3926 0.3926 -0.324 0.324 
0.0742234 -0.00364475 -0.270969 -0.962581 -0.993699 0.108815 -0.0268692 0.112024 0.956418 -0.269658 0.0913023 -0.0791003 0.0148494 0.164 -0.164 0.0958 -0.0958 
0.0742234 -0.00364475 -0.270969 -0.962581 -0.993699 0.108815 -0.0268692 0.112024 0.956418 -0.269658 0.0913384 -0.0802125 0.00491154 -0.0752 0.0752 -0.144 0.144 
0.0742233 0.00407078 -0.264021 -0.964508 0.993697 -0.106981 0.0334785 -0.112023 -0.958566 0.261922 0.0920364 0.098552 -0.0162532 0.1576 -0.1576 0.0892 -0.0892 
0.07409 0.00381804 -0.271212 -0.962512 -0.112038 -0.956575 0.269095 -0.993697 0.106811 -0.0340384 0.0318628 -0.0133345 -0.0687811 0.3576 -0.3576 -0.0032 0.0032 
0.0736127 -0.00339201 -0.263778 -0.964577 0.112037 0.95841 -0.262485 0.993698 -0.108958 0.0263019 -0.0786701 0.0159235 0.0885539 0.3792 -0.3792 -0.098 0.098 
0.0723296 0.00407078 -0.264021 -0.964508 0.993697 -0.106981 0.0334785 -0.112023 -0.958566 0.261922 0.101995 0.0775297 -0.0239269 0.338 -0.338 0.4102 -0.4102 
0.0716091 -0.0038244 0.263783 0.964574 0.110398 -0.958574 0.26258 0.99388 0.107491 -0.0254551 -0.042999 0.0124301 0.0689493 0.0936 -0.0936 -0.3572 0.3572 
0.0714339 -0.00406482 0.270975 0.962578 -0.993881 -0.107348 0.0260225 0.110382 -0.956582 0.269753 0.046947 -0.0801886 0.00358636 0.3952 -0.3952 -0.0952 0.0952 
0.0713899 0.0036388 0.264015 0.964512 0.993882 0.105513 -0.0326317 -0.110384 0.95873 -0.262016 0.0475211 0.0690189 -0.0119484 0.076 -0.076 -0.344 0.344 
0.0712969 0.0036388 0.264015 0.964512 0.993882 0.105513 -0.0326317 -0.110384 0.95873 -0.262016 0.057521 0.0689846 -0.0119082 0.0784 -0.0784 -0.3416 0.3416 
0.0710609 -0.0038244 0.263783 0.964574 0.110398 -0.958574 0.26258 0.99388 0.107491 -0.0254551 -0.0529988 0.0124644 0.0689092 0.0912 -0.0912 -0.3604 0.3604 
0.0702667 0.00407078 -0.264021 -0.964508 0.993697 -0.106981 0.0334785 -0.112023 -0.958566 0.261922 -0.00803926 0.0790191 -0.0144306 0.3628 -0.3628 -0.0828 0.0828 
0.0699417 0.00381804 -0.271212 -0.962512 -0.112038 -0.956575 0.269095 -0.993697 0.106811 -0.0340384 -0.0379895 -0.00649308 -0.0999879 0.1832 -0.1832 -0.3996 0.3996 
0.0698783 -0.0038244 0.263783 0.964574 0.110398 -0.958574 0.26258 0.99388 0.107491 -0.0254551 -0.0531817 0.00697521 0.109773 0.3244 -0.3244 -0.076 0.076 
0.0697928 0.0036388 0.264015 0.964512 0.993882 0.105513 -0.0326317 -0.110384 0.95873 -0.262016 0.0974844 0.0699596 -0.00180977 0.0692 -0.0692 0.2002 -0.2002 
0.0697853 -0.0038244 0.263783 0.964574 0.110398 -0.958574 0.26258 0.99388 0.107491 -0.0254551 0.0469612 0.00218356 0.0704227 0.3792 -0.3792 -0.0492 0.0492 
0.0697339 -0.00364475 -0.270969 -0.962581 -0.993699 0.108815 -0.0268692 0.112024 0.956418 -0.269658 0.0912974 -0.1012 -0.00280229 -0.3182 0.3182 -0.3956 0.3956 
0.0693587 -0.0038244 0.263783 0.964574 0.110398 -0.958574 0.26258 0.99388 0.107491 -0.0254551 0.0668166 0.00656366 0.110255 0.3168 -0.3168 -0.0628 0.0628 
0.0692314 -0.0038244 0.263783 0.964574 0.110398 -0.958574 0.26258 0.99388 0.107491 -0.0254551 0.106924 0.00308996 0.0806015 0.0732 -0.0732 0.1982 -0.1982 
0.0690173 0.0036388 0.264015 0.964512 0.993882 0.105513 -0.0326317 -0.110384 0.95873 -0.262016 0.107595 0.0776389 -0.0227574 -0.4232 0.4232 -0.2716 0.2716 
0.069012 0.0036388 0.264015 0.964512 0.993882 0.105513 -0.0326317 -0.110384 0.95873 -0.262016 -0.00243962 0.0791283 -0.0132611 0.1084 -0.1084 -0.3316 0.3316 
0.0689128 -0.00406482 0.270975 0.962578 -0.993881 -0.107348 0.0260225 0.110382 -0.956582 0.269753 0.0569494 -0.0691728 0.0124524 0.0748 -0.0748 -0.3476 0.3476 
0.0687826 -0.00364475 -0.270969 -0.962581 -0.993699 0.108815 -0.0268692 0.112024 0.956418 -0.269658 0.0412259 -0.0988047 0.0168728 0.3776 -0.3776 -0.1276 0.1276 
0.0680834 -0.0038244 0.263783 0.964574 0.110398 -0.958574 0.26258 0.99388 0.107491 -0.0254551 0.0669634 0.013165 0.0793288 0.1204 -0.1204 -0.3384 0.3384 
0.0678159 0.0036388 0.264015 0.964512 0.993882 0.105513 -0.0326317 -0.110384 0.95873 -0.262016 -0.0023986 0.100116 -0.00554732 0.37 -0.37 -0.1444 0.1444 
0.0676661 0.00407078 -0.264021 -0.964508 0.993697 -0.106981 0.0334785 -0.112023 -0.958566 0.261922 -0.0481133 0.0703306 -0.00354125 0.0884 -0.0884 -0.3692 0.3692 
0.0673614 -0.00339201 -0.263778 -0.964577 0.112037 0.95841 -0.262485 0.993698 -0.108958 0.0263019 0.111363 0.0141597 0.0793787 0.034 -0.034 0.2196 -0.2196 
0.0671616 -0.00339201 -0.263778 -0.964577 0.112037 0.95841 -0.262485 0.993698 -0.108958 0.0263019 0.051256 0.017702 0.108952 0.3156 -0.3156 -0.0648 0.0648 
0.0670167 0.00381804 -0.271212 -0.962512 -0.112038 -0.956575 0.269095 -0.993697 0.106811 -0.0340384 -0.0479918 -0.0175089 -0.108854 0.3296 -0.3296 -0.1 0.1 
0.0664346 -0.00406482 0.270975 0.962578 -0.993881 -0.107348 0.0260225 0.110382 -0.956582 0.269753 0.0968356 -0.0880736 0.0247749 -0.3416 0.3416 -0.368 0.368 
0.0663057 -0.00339201 -0.263778 -0.964577 0.112037 0.95841 -0.262485 0.993698 -0.108958 0.0263019 0.111325 0.00422183 0.0804908 -0.2038 0.2038 -0.0176 0.0176 
0.0662232 0.00381804 -0.271212 -0.962512 -0.112038 -0.956575 0.269095 -0.993697 0.106811 -0.0340384 -0.00799236 -0.017646 -0.108693 0.2924 -0.2924 -0.0352 0.0352 
0.0661492 -0.00364475 -0.270969 -0.962581 -0.993699 0.108815 -0.0268692 0.112024 0.956418 -0.269658 -0.00869631 -0.0787574 0.014448 0.3716 -0.3716 -0.0808 0.0808 
0.0659666 0.00381804 -0.271212 -0.962512 -0.112038 -0.956575 0.269095 -0.993697 0.106811 -0.0340384 0.111936 -0.00478318 -0.0795099 -0.2042 0.2042 -0.0168 0.0168 
0.0657408 -0.00406482 0.270975 0.962578 -0.993881 -0.107348 0.0260225 0.110382 -0.956582 0.269753 0.0868333 -0.0990894 0.0159089 -0.0286 0.0286 -0.172 0.172 
0.0657354 0.0036388 0.264015 0.964512 0.993882 0.105513 -0.0326317 -0.110384 0.95873 -0.262016 -0.0524775 0.0693619 -0.0123498 0.0916 -0.0916 -0.3588 0.3588 
0.0653942 0.00381804 -0.271212 -0.962512 -0.112038 -0.956575 0.269095 -0.993697 0.106811 -0.0340384 0.0919005 -0.00360241 -0.0696523 -0.1278 0.1278 -0.0984 0.0984 
0.0647109 -0.00364475 -0.270969 -0.962581 -0.993699 0.108815 -0.0268692 0.112024 0.956418 -0.269658 -0.0187733 -0.0985989 0.0166319 0.3788 -0.3788 -0.1228 0.1228 
0.0647042 -0.00364475 -0.270969 -0.962581 -0.993699 0.108815 -0.0268692 0.112024 0.956418 -0.269658 -0.0286575 -0.0687509 0.0132557 0.3364 -0.3364 -0.0424 0.0424 
0.0640832 0.00407078 -0.264021 -0.964508 0.993697 -0.106981 0.0334785 -0.112023 -0.958566 0.261922 -0.0681131 0.0703992 -0.00362154 0.0896 -0.0896 -0.3628 0.3628 
0.0637752 -0.00339201 -0.263778 -0.964577 0.112037 0.95841 -0.262485 0.993698 -0.108958 0.0263019 0.101364 0.014194 0.0793386 0.1028 -0.1028 0.1426 -0.1426 
0.0635373 -0.00339201 -0.263778 -0.964577 0.112037 0.95841 -0.262485 0.993698 -0.108958 0.0263019 0.101325 0.00425613 0.0804506 -0.1356 0.1356 -0.0952 0.0952 
0.0633613 -0.00364475 -0.270969 -0.962581 -0.993699 0.108815 -0.0268692 0.112024 0.956418 -0.269658 0.0613413 -0.0690596 0.013617 0.3804 -0.3804 -0.05 0.05 
0.0627951 -0.00406482 0.270975 0.962578 -0.993881 -0.107348 0.0260225 0.110382 -0.956582 0.269753 0.0469495 -0.0691385 0.0124122 0.0724 -0.0724 -0.3504 0.3504 
0.0627657 0.00339838 0.271207 0.962515 -0.110396 0.956739 -0.269189 -0.993882 -0.105343 0.0331916 0.107545 -0.00362115 -0.0796559 0.072 -0.072 0.1982 -0.1982 
0.0626544 -0.0038244 0.263783 0.964574 0.110398 -0.958574 0.26258 0.99388 0.107491 -0.0254551 0.106929 0.0251901 0.0982532 -0.4166 0.4166 -0.2872 0.2872 
0.0622787 -0.0038244 0.263783 0.964574 0.110398 -0.958574 0.26258 0.99388 0.107491 -0.0254551 0.116927 0.0141057 0.0894675 -0.0992 0.0992 -0.1156 0.1156 
0.0620942 0.0036388 0.264015 0.964512 0.993882 0.105513 -0.0326317 -0.110384 0.95873 -0.262016 0.0175601 0.0790597 -0.0131809 0.1112 -0.1112 -0.332 0.332 
0.0619122 0.00381804 -0.271212 -0.962512 -0.112038 -0.956575 0.269095 -0.993697 0.106811 -0.0340384 -0.0679915 -0.0174403 -0.108934 0.3296 -0.3296 -0.0932 0.0932 
0.0610495 -0.00364475 -0.270969 -0.962581 -0.993699 0.108815 -0.0268692 0.112024 0.956418 -0.269658 -0.0686208 -0.0697259 0.00315718 0.0872 -0.0872 -0.358 0.358 
0.0608447 0.0036388 0.264015 0.964512 0.993882 0.105513 -0.0326317 -0.110384 0.95873 -0.262016 0.0476007 0.0999448 -0.00534659 0.3776 -0.3776 -0.1504 0.1504 
0.0606446 -0.00406482 0.270975 0.962578 -0.993881 -0.107348 0.0260225 0.110382 -0.956582 0.269753 -0.0230881 -0.0788364 0.0132432 0.102 -0.102 -0.3388 0.3388 
0.0606209 0.00339838 0.271207 0.962515 -0.110396 0.956739 -0.269189 -0.993882 -0.105343 0.0331916 0.0875449 -0.00355256 -0.0797362 0.2308 -0.2308 0.0422 -0.0422 
0.0602731 0.00381804 -0.271212 -0.962512 -0.112038 -0.956575 0.269095 -0.993697 0.106811 -0.0340384 0.111862 -0.0136089 -0.06846 -0.0242 0.0242 0.2562 -0.2562 
0.0594999 -0.00406482 0.270975 0.962578 -0.993881 -0.107348 0.0260225 0.110382 -0.956582 0.269753 -0.0130882 -0.0788707 0.0132834 0.104 -0.104 -0.3384 0.3384 
0.0592377 -0.00339201 -0.263778 -0.964577 0.112037 0.95841 -0.262485 0.993698 -0.108958 0.0263019 -0.0486369 0.0036584 0.0699105 0.0928 -0.0928 -0.364 0.364 
0.0590341 -0.00406482 0.270975 0.962578 -0.993881 -0.107348 0.0260225 0.110382 -0.956582 0.269753 -0.0531672 -0.109659 0.00652101 0.3276 -0.3276 -0.0884 0.0884 
0.0589854 0.0036388 0.264015 0.964512 0.993882 0.105513 -0.0326317 -0.110384 0.95873 -0.262016 0.0574849 0.0700968 -0.00197035 0.3828 -0.3828 -0.0508 0.0508 
0.0583959 0.00407078 -0.264021 -0.964508 0.993697 -0.106981 0.0334785 -0.112023 -0.958566 0.261922 0.0520395 0.109739 -0.00758793 0.086 -0.086 -0.2948 0.2948 
0.0578238 0.00407078 -0.264021 -0.964508 0.993697 -0.106981 0.0334785 -0.112023 -0.958566 0.261922 -0.0581132 0.0703649 -0.00358139 0.0908 -0.0908 -0.366 0.366 
0.0574531 -0.0038244 0.263783 0.964574 0.110398 -0.958574 0.26258 0.99388 0.107491 -0.0254551 0.0868524 0.0053829 0.100397 0.2348 -0.2348 0.0442 -0.0442 
0.0573567 0.00381804 -0.271212 -0.962512 -0.112038 -0.956575 0.269095 -0.993697 0.106811 -0.0340384 0.101936 -0.00474888 -0.07955 -0.1336 0.1336 -0.0908 0.0908 
0.0572664 0.00381804 -0.271212 -0.962512 -0.112038 -0.956575 0.269095 -0.993697 0.106811 -0.0340384 0.101898 -0.0146868 -0.078438 0.1056 -0.1056 0.1468 -0.1468 
0.0571355 -0.0038244 0.263783 0.964574 0.110398 -0.958574 0.26258 0.99388 0.107491 -0.0254551 0.0969269 0.0141743 0.0893872 -0.0892 0.0892 -0.1264 0.1264 
0.0567119 -0.00339201 -0.263778 -0.964577 0.112037 0.95841 -0.262485 0.993698 -0.108958 0.0263019 0.101214 -0.00345743 0.101438 -0.3766 0.3766 -0.3384 0.3384 
0.0566117 -0.0038244 0.263783 0.964574 0.110398 -0.958574 0.26258 0.99388 0.107491 -0.0254551 0.0968523 0.0053486 0.100437 0.1588 -0.1588 0.1282 -0.1282 
0.0565898 0.00407078 -0.264021 -0.964508 0.993697 -0.106981 0.0334785 -0.112023 -0.958566 0.261922 -0.0379232 0.108936 -0.0178871 0.3204 -0.3204 -0.0744 0.0744 
0.0564928 0.0036388 0.264015 0.964512 0.993882 0.105513 -0.0326317 -0.110384 0.95873 -0.262016 0.087523 0.0799318 -0.00296195 0.2068 -0.2068 0.0662 -0.0662 
0.0563517 0.00339838 0.271207 0.962515 -0.110396 0.956739 -0.269189 -0.993882 -0.105343 0.0331916 0.0975784 -0.0157491 -0.0984598 -0.0882 0.0882 -0.1136 0.1136 
0.0563223 0.00339838 0.271207 0.962515 -0.110396 0.956739 -0.269189 -0.993882 -0.105343 0.0331916 0.097617 -0.0058112 -0.0995718 0.154 -0.154 0.1252 -0.1252 
0.0554594 0.0036388 0.264015 0.964512 0.993882 0.105513 -0.0326317 -0.110384 0.95873 -0.262016 0.0875206 0.0688817 -0.0117878 -0.0902 0.0902 -0.1092 0.1092 
0.0553698 -0.0038244 0.263783 0.964574 0.110398 -0.958574 0.26258 0.99388 0.107491 -0.0254551 0.0569611 0.00214926 0.0704628 0.3828 -0.3828 -0.0468 0.0468 
0.0553194 -0.00339201 -0.263778 -0.964577 0.112037 0.95841 -0.262485 0.993698 -0.108958 0.0263019 0.0614001 0.013219 0.0692401 0.3812 -0.3812 -0.0556 0.0556 
0.0544101 -0.00364475 -0.270969 -0.962581 -0.993699 0.108815 -0.0268692 0.112024 0.956418 -0.269658 0.0512233 -0.109889 0.00808706 0.0892 -0.0892 -0.292 0.292 
0.0541695 -0.0038244 0.263783 0.964574 0.110398 -0.958574 0.26258 0.99388 0.107491 -0.0254551 -0.0431818 0.00694092 0.109813 0.3252 -0.3252 -0.0808 0.0808 
0.0534128 -0.0038244 0.263783 0.964574 0.110398 -0.958574 0.26258 0.99388 0.107491 -0.0254551 0.0468915 0.015458 0.0991243 0.1796 -0.1796 -0.3776 0.3776 
0.0533431 0.00381804 -0.271212 -0.962512 -0.112038 -0.956575 0.269095 -0.993697 0.106811 -0.0340384 -0.0480976 -0.00312227 -0.0702143 0.0916 -0.0916 -0.3732 0.3732 
0.0521962 0.00339838 0.271207 0.962515 -0.110396 0.956739 -0.269189 -0.993882 -0.105343 0.0331916 0.0874703 -0.0123783 -0.0686862 -0.0866 0.0866 -0.1356 0.1356 
0.0511494 -0.00406482 0.270975 0.962578 -0.993881 -0.107348 0.0260225 0.110382 -0.956582 0.269753 0.0569855 -0.070285 0.00251447 0.3792 -0.3792 -0.0516 0.0516 
0.0510898 -0.00406482 0.270975 0.962578 -0.993881 -0.107348 0.0260225 0.110382 -0.956582 0.269753 -0.00312936 -0.0998929 0.0056097 0.3644 -0.3644 -0.1468 0.1468 
0.0510275 -0.00364475 -0.270969 -0.962581 -0.993699 0.108815 -0.0268692 0.112024 0.956418 -0.269658 0.0511872 -0.108777 0.018025 0.3168 -0.3168 -0.0648 0.0648 
0.0495662 -0.00406482 0.270975 0.962578 -0.993881 -0.107348 0.0260225 0.110382 -0.956582 0.269753 -0.023052 -0.0799485 0.00330534 0.382 -0.382 -0.0732 0.0732 
0.0493409 -0.00406482 0.270975 0.962578 -0.993881 -0.107348 0.0260225 0.110382 -0.956582 0.269753 0.0969053 -0.101348 -0.00392674 0.3788 -0.3788 0.3862 -0.3862 
0.0491243 0.00407078 -0.264021 -0.964508 0.993697 -0.106981 0.0334785 -0.112023 -0.958566 0.261922 0.0620393 0.109705 -0.00754778 0.1052 -0.1052 -0.2972 0.2972 
0.048531 -0.00364475 -0.270969 -0.962581 -0.993699 0.108815 -0.0268692 0.112024 0.956418 -0.269658 -0.0386213 -0.0698288 0.00327762 0.0896 -0.0896 -0.3588 0.3588 
0.0484976 -0.00364475 -0.270969 -0.962581 -0.993699 0.108815 -0.0268692 0.112024 0.956418 -0.269658 0.0613773 -0.0701717 0.00367907 0.0772 -0.0772 -0.3464 0.3464 
0.0484139 -0.0038244 0.263783 0.964574 0.110398 -0.958574 0.26258 0.99388 0.107491 -0.0254551 -0.033182 0.00690662 0.109853 0.3272 -0.3272 -0.0716 0.0716 
0.0483343 -0.00364475 -0.270969 -0.962581 -0.993699 0.108815 -0.0268692 0.112024 0.956418 -0.269658 -0.0588113 -0.1084 0.0175834 0.3312 -0.3312 -0.0972 0.0972 
0.0483343 -0.00364475 -0.270969 -0.962581 -0.993699 0.108815 -0.0268692 0.112024 0.956418 -0.269658 -0.0688111 -0.108365 0.0175432 0.3268 -0.3268 -0.088 0.088 
0.0480392 -0.00406482 0.270975 0.962578 -0.993881 -0.107348 0.0260225 0.110382 -0.956582 0.269753 0.036834 -0.0989179 0.0157082 0.1468 -0.1468 -0.3552 0.3552 
0.0475987 -0.0038244 0.263783 0.964574 0.110398 -0.958574 0.26258 0.99388 0.107491 -0.0254551 -0.0630372 0.00256082 0.0699811 0.3912 -0.3912 -0.0656 0.0656 
0.0475839 -0.0038244 0.263783 0.964574 0.110398 -0.958574 0.26258 0.99388 0.107491 -0.0254551 0.0369614 0.00221786 0.0703825 0.364 -0.364 -0.0236 0.0236 
0.0469338 0.00407078 -0.264021 -0.964508 0.993697 -0.106981 0.0334785 -0.112023 -0.958566 0.261922 0.0318856 0.0700562 -0.00322008 0.0624 -0.0624 -0.2904 0.2904 
0.046608 0.0036388 0.264015 0.964512 0.993882 0.105513 -0.0326317 -0.110384 0.95873 -0.262016 0.027601 0.100013 -0.00542688 0.3668 -0.3668 -0.142 0.142 
0.0463221 -0.00364475 -0.270969 -0.962581 -0.993699 0.108815 -0.0268692 0.112024 0.956418 -0.269658 -0.058621 -0.0697602 0.00319733 0.0948 -0.0948 -0.3608 0.3608 
0.0461971 -0.0038244 0.263783 0.964574 0.110398 -0.958574 0.26258 0.99388 0.107491 -0.0254551 -0.0629987 0.0124987 0.0688691 0.0844 -0.0844 -0.362 0.362 
0.0451165 -0.00406482 0.270975 0.962578 -0.993881 -0.107348 0.0260225 0.110382 -0.956582 0.269753 -0.0632031 -0.108513 0.0164188 0.1148 -0.1148 -0.3128 0.3128 
0.0450741 0.0036388 0.264015 0.964512 0.993882 0.105513 -0.0326317 -0.110384 0.95873 -0.262016 -0.0223983 0.100185 -0.00562761 0.3696 -0.3696 -0.1428 0.1428 
0.0441498 0.00407078 -0.264021 -0.964508 0.993697 -0.106981 0.0334785 -0.112023 -0.958566 0.261922 0.0119605 0.0789505 -0.0143503 0.3652 -0.3652 -0.0864 0.0864 
0.0435663 0.00407078 -0.264021 -0.964508 0.993697 -0.106981 0.0334785 -0.112023 -0.958566 0.261922 -0.0279594 0.110014 -0.00790909 0.0832 -0.0832 -0.3 0.3 
0.0425618 -0.0038244 0.263783 0.964574 0.110398 -0.958574 0.26258 0.99388 0.107491 -0.0254551 0.0869631 0.0130965 0.0794091 -0.0052 0.0052 -0.1924 0.1924 
0.0397729 0.00339838 0.271207 0.962515 -0.110396 0.956739 -0.269189 -0.993882 -0.105343 0.0331916 -0.0425279 -0.0119324 -0.0692081 0.0924 -0.0924 -0.3636 0.3636 
0.0395985 -0.00406482 0.270975 0.962578 -0.993881 -0.107348 0.0260225 0.110382 -0.956582 0.269753 -0.0631671 -0.109625 0.00648086 0.3256 -0.3256 -0.1 0.1 
0.0391745 0.0036388 0.264015 0.964512 0.993882 0.105513 -0.0326317 -0.110384 0.95873 -0.262016 -0.0123985 0.100151 -0.00558747 0.3688 -0.3688 -0.1432 0.1432 
0.0388504 -0.00339201 -0.263778 -0.964577 0.112037 0.95841 -0.262485 0.993698 -0.108958 0.0263019 0.091289 0.0054026 0.0903484 -0.0506 0.0506 -0.1728 0.1728 
0.0374166 -0.00364475 -0.270969 -0.962581 -0.993699 0.108815 -0.0268692 0.112024 0.956418 -0.269658 0.0113395 -0.0799381 0.00459038 0.1024 -0.1024 -0.3476 0.3476 
0.0370144 0.00381804 -0.271212 -0.962512 -0.112038 -0.956575 0.269095 -0.993697 0.106811 -0.0340384 0.0919702 -0.0168768 -0.0983539 0.1856 -0.1856 0.0702 -0.0702 
0.0362838 -0.00406482 0.270975 0.962578 -0.993881 -0.107348 0.0260225 0.110382 -0.956582 0.269753 -0.0131292 -0.0998586 0.00556956 0.3632 -0.3632 -0.1464 0.1464 
0.0351058 0.00407078 -0.264021 -0.964508 0.993697 -0.106981 0.0334785 -0.112023 -0.958566 0.261922 0.0919569 0.0676261 -0.022855 0.3868 -0.3868 0.3532 -0.3532 
0.0343991 -0.00339201 -0.263778 -0.964577 0.112037 0.95841 -0.262485 0.993698 -0.108958 0.0263019 -0.0587425 0.0180793 0.10851 0.3256 -0.3256 -0.0932 0.0932 
0.0342204 -0.0038244 0.263783 0.964574 0.110398 -0.958574 0.26258 0.99388 0.107491 -0.0254551 0.0970015 0.0230001 0.0783372 -0.3366 0.3366 -0.3672 0.3672 
0.0337233 -0.00339201 -0.263778 -0.964577 0.112037 0.95841 -0.262485 0.993698 -0.108958 0.0263019 0.0913276 0.0153405 0.0892363 0.1904 -0.1904 0.0676 -0.0676 
0.0331596 0.0036388 0.264015 0.964512 0.993882 0.105513 -0.0326317 -0.110384 0.95873 -0.262016 -0.0424776 0.0693276 -0.0123097 0.0936 -0.0936 -0.3556 0.3556 
0.0315008 0.00407078 -0.264021 -0.964508 0.993697 -0.106981 0.0334785 -0.112023 -0.958566 0.261922 0.0519214 0.0688755 -0.0130777 0.3808 -0.3808 -0.0496 0.0496 
0.0298732 0.00339838 0.271207 0.962515 -0.110396 0.956739 -0.269189 -0.993882 -0.105343 0.0331916 0.0974677 -0.0234627 -0.077472 -0.3372 0.3372 -0.372 0.372 
0.0296286 0.00381804 -0.271212 -0.962512 -0.112038 -0.956575 0.269095 -0.993697 0.106811 -0.0340384 0.101975 0.00518902 -0.0806621 -0.3702 0.3702 -0.3396 0.3396 
0.0291781 0.00407078 -0.264021 -0.964508 0.993697 -0.106981 0.0334785 -0.112023 -0.958566 0.261922 0.0119244 0.0800627 -0.00441241 0.0976 -0.0976 -0.3536 0.3536 
0.0289092 0.00339838 0.271207 0.962515 -0.110396 0.956739 -0.269189 -0.993882 -0.105343 0.0331916 -0.0623833 -0.0163125 -0.10904 0.1224 -0.1224 -0.3124 0.3124 
0.0283048 0.00339838 0.271207 0.962515 -0.110396 0.956739 -0.269189 -0.993882 -0.105343 0.0331916 0.107468 -0.023497 -0.0774318 -0.4148 0.4148 -0.2864 0.2864 
0.0260739 0.00381804 -0.271212 -0.962512 -0.112038 -0.956575 0.269095 -0.993697 0.106811 -0.0340384 -0.067953 -0.00750237 -0.110046 0.1148 -0.1148 -0.3072 0.3072 
0.0258625 0.0036388 0.264015 0.964512 0.993882 0.105513 -0.0326317 -0.110384 0.95873 -0.262016 -0.0425137 0.0704397 -0.0023718 0.3992 -0.3992 -0.0584 0.0584 
0.0257308 -0.00406482 0.270975 0.962578 -0.993881 -0.107348 0.0260225 0.110382 -0.956582 0.269753 0.0868694 -0.100202 0.00597101 0.2128 -0.2128 0.0652 -0.0652 
0.0241758 0.00381804 -0.271212 -0.962512 -0.112038 -0.956575 0.269095 -0.993697 0.106811 -0.0340384 -0.0381363 -0.0130945 -0.0690621 0.3996 -0.3996 -0.0664 0.0664 
0.0222626 0.00407078 -0.264021 -0.964508 0.993697 -0.106981 0.0334785 -0.112023 -0.958566 0.261922 -0.0379978 0.10011 -0.0068372 0.1736 -0.1736 -0.3804 0.3804 
0.0200385 0.00407078 -0.264021 -0.964508 0.993697 -0.106981 0.0334785 -0.112023 -0.958566 0.261922 0.0019606 0.0789848 -0.0143905 0.3644 -0.3644 -0.0848 0.0848 
0.0198353 0.00407078 -0.264021 -0.964508 0.993697 -0.106981 0.0334785 -0.112023 -0.958566 0.261922 0.0620754 0.108593 -0.0174857 0.3152 -0.3152 -0.0824 0.0824 
0.0167238 0.00339838 0.271207 0.962515 -0.110396 0.956739 -0.269189 -0.993882 -0.105343 0.0331916 -0.042345 -0.00644323 -0.110072 0.3344 -0.3344 -0.0904 0.0904 
