7.0626 3.67321e-06 -1 -5.55112e-17 -5.55112e-17 -5.55112e-17 1 -1 -3.67321e-06 5.55112e-17 0.00625056 -0.00625001 -0.16 0.0188 -0.0068 
7.0626 3.67321e-06 -1 -5.55112e-17 5.55112e-17 5.55112e-17 -1 1 3.67321e-06 -5.55112e-17 0.00625056 0.00625001 0.16 0.0188 -0.0068 
7.0626 0 0 1 3.67321e-06 -1 0 1 3.67321e-06 -5.55112e-17 -0.00625001 0.00625056 0.16 0.0188 -0.0068 
7.0626 0 0 1 -3.67321e-06 1 0 -1 -3.67321e-06 5.55112e-17 -0.00625001 -0.00625056 -0.16 0.0188 -0.0068 
7.06259 3.67321e-06 -1 -5.55112e-17 -5.55112e-17 -5.55112e-17 1 -1 -3.67321e-06 5.55112e-17 5.50981e-07 -0.00625001 -0.16 0.0124 -0.0128 
7.06259 3.67321e-06 -1 -5.55112e-17 5.55112e-17 5.55112e-17 -1 1 3.67321e-06 -5.55112e-17 5.50981e-07 0.00625001 0.16 0.0124 -0.0128 
7.06259 0 0 1 3.67321e-06 -1 0 1 3.67321e-06 -5.55112e-17 -0.00625001 5.50981e-07 0.16 0.0124 -0.0128 
7.06259 0 0 1 -3.67321e-06 1 0 -1 -3.67321e-06 5.55112e-17 -0.00625001 -5.50981e-07 -0.16 0.0124 -0.0128 
7.06259 0 0 1 -1 -3.67321e-06 5.55112e-17 3.67321e-06 -1 -5.55112e-17 -0.00625001 -0.16 0.00625056 0.0188 -0.0068 
7.06259 0 0 1 1 3.67321e-06 -5.55112e-17 -3.67321e-06 1 5.55112e-17 -0.00625001 0.16 -0.00625056 0.0188 -0.0068 
7.06258 3.67321e-06 -1 -5.55112e-17 -5.55112e-17 -5.55112e-17 1 -1 -3.67321e-06 5.55112e-17 -0.00624945 -0.00625001 -0.16 0.0064 -0.0194 
7.06258 -3.67321e-06 1 5.55112e-17 -5.55112e-17 -5.55112e-17 1 1 3.67321e-06 -5.55112e-17 0.00624945 -0.00625001 0.16 0.0064 -0.0194 
7.06258 -3.67321e-06 1 5.55112e-17 5.55112e-17 5.55112e-17 -1 -1 -3.67321e-06 5.55112e-17 0.00624945 0.00625001 -0.16 0.0064 -0.0194 
7.06258 3.67321e-06 -1 -5.55112e-17 5.55112e-17 5.55112e-17 -1 1 3.67321e-06 -5.55112e-17 -0.00624945 0.00625001 0.16 0.0064 -0.0194 
7.06258 0 0 -1 3.67321e-06 -1 0 -1 -3.67321e-06 5.55112e-17 0.00625001 -0.00624945 -0.16 0.0064 -0.0194 
7.06258 0 0 1 -3.67321e-06 1 0 -1 -3.67321e-06 5.55112e-17 -0.00625001 0.00624945 -0.16 0.0064 -0.0194 
7.06258 0 0 -1 -3.67321e-06 1 0 1 3.67321e-06 -5.55112e-17 0.00625001 0.00624945 0.16 0.0064 -0.0194 
7.06258 0 0 1 3.67321e-06 -1 0 1 3.67321e-06 -5.55112e-17 -0.00625001 -0.00624945 0.16 0.0064 -0.0194 
7.06258 0 0 1 1 3.67321e-06 -5.55112e-17 -3.67321e-06 1 5.55112e-17 -0.00625001 0.16 0.00624945 0.0064 -0.0194 
7.06258 0 0 1 -1 -3.67321e-06 5.55112e-17 3.67321e-06 -1 -5.55112e-17 -0.00625001 -0.16 -0.00624945 0.0064 -0.0194 
7.06258 0 0 1 1 3.67321e-06 -5.55112e-17 -3.67321e-06 1 5.55112e-17 -0.00625001 0.16 -5.50981e-07 0.0124 -0.0128 
7.06258 0 0 1 -1 -3.67321e-06 5.55112e-17 3.67321e-06 -1 -5.55112e-17 -0.00625001 -0.16 5.50981e-07 0.0124 -0.0128 
7.06214 1 3.67321e-06 -5.55112e-17 3.67321e-06 -1 0 0 0 -1 0.16 0.00625056 0.00625001 0.0188 -0.0068 
7.06214 1 3.67321e-06 -5.55112e-17 5.55112e-17 5.55112e-17 -1 -3.67321e-06 1 5.55112e-17 0.16 0.00625001 -0.00625056 0.0188 -0.0068 
7.06214 1 3.67321e-06 -5.55112e-17 -5.55112e-17 -5.55112e-17 1 3.67321e-06 -1 -5.55112e-17 0.16 -0.00625001 0.00625056 0.0188 -0.0068 
7.06213 1 3.67321e-06 -5.55112e-17 3.67321e-06 -1 0 0 0 -1 0.16 5.50981e-07 0.00625001 0.0124 -0.0128 
7.06213 1 3.67321e-06 -5.55112e-17 5.55112e-17 5.55112e-17 -1 -3.67321e-06 1 5.55112e-17 0.16 0.00625001 -5.50981e-07 0.0124 -0.0128 
7.06213 1 3.67321e-06 -5.55112e-17 -5.55112e-17 -5.55112e-17 1 3.67321e-06 -1 -5.55112e-17 0.16 -0.00625001 5.50981e-07 0.0124 -0.0128 
7.06212 3.67321e-06 -1 -5.55112e-17 -1 -3.67321e-06 5.55112e-17 0 0 -1 0.00625056 -0.16 0.00625001 0.0188 -0.0068 
7.06212 3.67321e-06 -1 -5.55112e-17 1 3.67321e-06 -5.55112e-17 0 0 1 0.00625056 0.16 -0.00625001 0.0188 -0.0068 
7.06212 -3.67321e-06 1 5.55112e-17 1 3.67321e-06 -5.55112e-17 0 0 -1 -0.00625056 0.16 0.00625001 0.0188 -0.0068 
7.06212 3.67321e-06 -1 -5.55112e-17 1 3.67321e-06 -5.55112e-17 0 0 1 5.50981e-07 0.16 -0.00625001 0.0124 -0.0128 
7.06212 3.67321e-06 -1 -5.55112e-17 -1 -3.67321e-06 5.55112e-17 0 0 -1 5.50981e-07 -0.16 0.00625001 0.0124 -0.0128 
7.06212 -3.67321e-06 1 5.55112e-17 1 3.67321e-06 -5.55112e-17 0 0 -1 -5.50981e-07 0.16 0.00625001 0.0124 -0.0128 
6.15321 3.67321e-06 -1 -5.55112e-17 -5.55112e-17 -5.55112e-17 1 -1 -3.67321e-06 5.55112e-17 0.00625056 -0.0125 -0.16 0.0188 -0.0068 
6.15321 3.67321e-06 -1 -5.55112e-17 5.55112e-17 5.55112e-17 -1 1 3.67321e-06 -5.55112e-17 0.00625056 0.0125 0.16 0.0188 -0.0068 
6.15321 0 0 1 3.67321e-06 -1 0 1 3.67321e-06 -5.55112e-17 -0.0125 0.00625056 0.16 0.0188 -0.0068 
6.15321 0 0 1 -3.67321e-06 1 0 -1 -3.67321e-06 5.55112e-17 -0.0125 -0.00625056 -0.16 0.0188 -0.0068 
6.15299 3.67321e-06 -1 -5.55112e-17 -5.55112e-17 -5.55112e-17 1 -1 -3.67321e-06 5.55112e-17 5.50981e-07 -0.0125 -0.16 0.0124 -0.0128 
6.15299 3.67321e-06 -1 -5.55112e-17 5.55112e-17 5.55112e-17 -1 1 3.67321e-06 -5.55112e-17 5.50981e-07 0.0125 0.16 0.0124 -0.0128 
6.15299 0 0 1 3.67321e-06 -1 0 1 3.67321e-06 -5.55112e-17 -0.0125 5.50981e-07 0.16 0.0124 -0.0128 
6.15299 0 0 1 -3.67321e-06 1 0 -1 -3.67321e-06 5.55112e-17 -0.0125 -5.50981e-07 -0.16 0.0124 -0.0128 
6.15298 0 0 1 1 3.67321e-06 -5.55112e-17 -3.67321e-06 1 5.55112e-17 -0.0125 0.16 -5.50981e-07 0.0124 -0.0128 
6.15298 0 0 1 -1 -3.67321e-06 5.55112e-17 3.67321e-06 -1 -5.55112e-17 -0.0125 -0.16 5.50981e-07 0.0124 -0.0128 
6.15293 3.67321e-06 -1 -5.55112e-17 5.55112e-17 5.55112e-17 -1 1 3.67321e-06 -5.55112e-17 -0.00624945 0.0125 0.16 0.0064 -0.0192 
6.15293 3.67321e-06 -1 -5.55112e-17 -5.55112e-17 -5.55112e-17 1 -1 -3.67321e-06 5.55112e-17 -0.00624945 -0.0125 -0.16 0.0064 -0.0192 
6.15293 0 0 1 3.67321e-06 -1 0 1 3.67321e-06 -5.55112e-17 -0.0125 -0.00624945 0.16 0.0064 -0.0192 
6.15293 0 0 1 -3.67321e-06 1 0 -1 -3.67321e-06 5.55112e-17 -0.0125 0.00624945 -0.16 0.0064 -0.0192 
5.85144 -1 -3.67321e-06 5.55112e-17 3.67321e-06 -1 0 0 0 1 -0.16 0.00625056 -0.0125 0.0188 -0.0068 
5.85144 1 3.67321e-06 -5.55112e-17 -3.67321e-06 1 0 0 0 1 0.16 -0.00625056 -0.0125 0.0188 -0.0068 
5.85144 -1 -3.67321e-06 5.55112e-17 -3.67321e-06 1 0 0 0 -1 -0.16 -0.00625056 0.0125 0.0188 -0.0068 
5.85144 1 3.67321e-06 -5.55112e-17 3.67321e-06 -1 0 0 0 -1 0.16 0.00625056 0.0125 0.0188 -0.0068 
5.85144 1 3.67321e-06 -5.55112e-17 5.55112e-17 5.55112e-17 -1 -3.67321e-06 1 5.55112e-17 0.16 0.0125 -0.00625056 0.0188 -0.0068 
5.85144 -1 -3.67321e-06 5.55112e-17 -5.55112e-17 -5.55112e-17 1 -3.67321e-06 1 5.55112e-17 -0.16 -0.0125 -0.00625056 0.0188 -0.0068 
5.85144 1 3.67321e-06 -5.55112e-17 -5.55112e-17 -5.55112e-17 1 3.67321e-06 -1 -5.55112e-17 0.16 -0.0125 0.00625056 0.0188 -0.0068 
5.85144 -1 -3.67321e-06 5.55112e-17 5.55112e-17 5.55112e-17 -1 3.67321e-06 -1 -5.55112e-17 -0.16 0.0125 0.00625056 0.0188 -0.0068 
5.85142 -3.67321e-06 1 5.55112e-17 -1 -3.67321e-06 5.55112e-17 0 0 1 -0.00625056 -0.16 -0.0125 0.0188 -0.0068 
5.85142 3.67321e-06 -1 -5.55112e-17 1 3.67321e-06 -5.55112e-17 0 0 1 0.00625056 0.16 -0.0125 0.0188 -0.0068 
5.85142 -3.67321e-06 1 5.55112e-17 1 3.67321e-06 -5.55112e-17 0 0 -1 -0.00625056 0.16 0.0125 0.0188 -0.0068 
5.85142 3.67321e-06 -1 -5.55112e-17 -1 -3.67321e-06 5.55112e-17 0 0 -1 0.00625056 -0.16 0.0125 0.0188 -0.0068 
5.8514 1 3.67321e-06 -5.55112e-17 3.67321e-06 -1 0 0 0 -1 0.16 -0.00624945 0.0125 0.0064 -0.0194 
5.8514 1 3.67321e-06 -5.55112e-17 5.55112e-17 5.55112e-17 -1 -3.67321e-06 1 5.55112e-17 0.16 0.0125 0.00624945 0.0064 -0.0194 
5.8514 1 3.67321e-06 -5.55112e-17 -5.55112e-17 -5.55112e-17 1 3.67321e-06 -1 -5.55112e-17 0.16 -0.0125 -0.00624945 0.0064 -0.0194 
5.85137 3.67321e-06 -1 -5.55112e-17 1 3.67321e-06 -5.55112e-17 0 0 1 -0.00624945 0.16 -0.0125 0.0064 -0.0194 
5.85137 3.67321e-06 -1 -5.55112e-17 -1 -3.67321e-06 5.55112e-17 0 0 -1 -0.00624945 -0.16 0.0125 0.0064 -0.0194 
5.85137 -3.67321e-06 1 5.55112e-17 1 3.67321e-06 -5.55112e-17 0 0 -1 0.00624945 0.16 0.0125 0.0064 -0.0194 
5.85135 1 3.67321e-06 -5.55112e-17 3.67321e-06 -1 0 0 0 -1 0.16 5.50981e-07 0.0125 0.0124 -0.0128 
5.85135 1 3.67321e-06 -5.55112e-17 -5.55112e-17 -5.55112e-17 1 3.67321e-06 -1 -5.55112e-17 0.16 -0.0125 5.50981e-07 0.0124 -0.0128 
5.85135 1 3.67321e-06 -5.55112e-17 5.55112e-17 5.55112e-17 -1 -3.67321e-06 1 5.55112e-17 0.16 0.0125 -5.50981e-07 0.0124 -0.0128 
5.85132 3.67321e-06 -1 -5.55112e-17 1 3.67321e-06 -5.55112e-17 0 0 1 5.50981e-07 0.16 -0.0125 0.0124 -0.0128 
5.85132 -3.67321e-06 1 5.55112e-17 1 3.67321e-06 -5.55112e-17 0 0 -1 -5.50981e-07 0.16 0.0125 0.0124 -0.0128 
5.85132 3.67321e-06 -1 -5.55112e-17 -1 -3.67321e-06 5.55112e-17 0 0 -1 5.50981e-07 -0.16 0.0125 0.0124 -0.0128 
5.64761 1 3.67321e-06 -5.55112e-17 3.67321e-06 -1 0 0 0 -1 0.16 -0.00624945 0 0.0064 -0.0194 
5.64761 1 3.67321e-06 -5.55112e-17 5.55112e-17 5.55112e-17 -1 -3.67321e-06 1 5.55112e-17 0.16 1.38778e-17 0.00624945 0.0064 -0.0194 
5.64761 1 3.67321e-06 -5.55112e-17 -5.55112e-17 -5.55112e-17 1 3.67321e-06 -1 -5.55112e-17 0.16 -1.38778e-17 -0.00624945 0.0064 -0.0194 
5.64759 -3.67321e-06 1 5.55112e-17 1 3.67321e-06 -5.55112e-17 0 0 -1 0.00624945 0.16 0 0.0064 -0.0194 
5.64759 3.67321e-06 -1 -5.55112e-17 -1 -3.67321e-06 5.55112e-17 0 0 -1 -0.00624945 -0.16 0 0.0064 -0.0194 
5.64759 3.67321e-06 -1 -5.55112e-17 1 3.67321e-06 -5.55112e-17 0 0 1 -0.00624945 0.16 0 0.0064 -0.0194 
5.64759 1 3.67321e-06 -5.55112e-17 3.67321e-06 -1 0 0 0 -1 0.16 0.00625056 1.38778e-17 0.0188 -0.0068 
5.64759 1 3.67321e-06 -5.55112e-17 -5.55112e-17 -5.55112e-17 1 3.67321e-06 -1 -5.55112e-17 0.16 -1.38778e-17 0.00625056 0.0188 -0.0068 
5.64759 1 3.67321e-06 -5.55112e-17 5.55112e-17 5.55112e-17 -1 -3.67321e-06 1 5.55112e-17 0.16 1.38778e-17 -0.00625056 0.0188 -0.0068 
5.64754 1 3.67321e-06 -5.55112e-17 3.67321e-06 -1 0 0 0 -1 0.16 5.50981e-07 2.77556e-17 0.0124 -0.0128 
5.64754 1 3.67321e-06 -5.55112e-17 -5.55112e-17 -5.55112e-17 1 3.67321e-06 -1 -5.55112e-17 0.16 -2.77556e-17 5.50981e-07 0.0124 -0.0128 
5.64754 1 3.67321e-06 -5.55112e-17 5.55112e-17 5.55112e-17 -1 -3.67321e-06 1 5.55112e-17 0.16 2.77556e-17 -5.50981e-07 0.0124 -0.0128 
5.64753 3.67321e-06 -1 -5.55112e-17 -1 -3.67321e-06 5.55112e-17 0 0 -1 0.00625056 -0.16 1.38778e-17 0.0188 -0.0068 
5.64753 3.67321e-06 -1 -5.55112e-17 1 3.67321e-06 -5.55112e-17 0 0 1 0.00625056 0.16 -1.38778e-17 0.0188 -0.0068 
5.64753 -3.67321e-06 1 5.55112e-17 1 3.67321e-06 -5.55112e-17 0 0 -1 -0.00625056 0.16 1.38778e-17 0.0188 -0.0068 
5.64752 3.67321e-06 -1 -5.55112e-17 1 3.67321e-06 -5.55112e-17 0 0 1 5.50981e-07 0.16 -2.77556e-17 0.0124 -0.0128 
5.64752 -3.67321e-06 1 5.55112e-17 1 3.67321e-06 -5.55112e-17 0 0 -1 -5.50981e-07 0.16 2.77556e-17 0.0124 -0.0128 
5.64752 3.67321e-06 -1 -5.55112e-17 -1 -3.67321e-06 5.55112e-17 0 0 -1 5.50981e-07 -0.16 2.77556e-17 0.0124 -0.0128 
5.60667 0 0 1 -3.67321e-06 1 0 -1 -3.67321e-06 5.55112e-17 -1.38778e-17 -0.00625056 -0.16 0.0188 -0.0068 
5.60667 0 0 1 3.67321e-06 -1 0 1 3.67321e-06 -5.55112e-17 -1.38778e-17 0.00625056 0.16 0.0188 -0.0068 
5.60667 3.67321e-06 -1 -5.55112e-17 5.55112e-17 5.55112e-17 -1 1 3.67321e-06 -5.55112e-17 0.00625056 1.38778e-17 0.16 0.0188 -0.0068 
5.60667 3.67321e-06 -1 -5.55112e-17 -5.55112e-17 -5.55112e-17 1 -1 -3.67321e-06 5.55112e-17 0.00625056 -1.38778e-17 -0.16 0.0188 -0.0068 
5.60661 0 0 1 -1 -3.67321e-06 5.55112e-17 3.67321e-06 -1 -5.55112e-17 -1.38778e-17 -0.16 0.00625056 0.0188 -0.0068 
5.60661 0 0 1 1 3.67321e-06 -5.55112e-17 -3.67321e-06 1 5.55112e-17 -1.38778e-17 0.16 -0.00625056 0.0188 -0.0068 
5.60661 0 0 1 -1 -3.67321e-06 5.55112e-17 3.67321e-06 -1 -5.55112e-17 0 -0.16 -0.00624945 0.0064 -0.0194 
5.60661 0 0 1 1 3.67321e-06 -5.55112e-17 -3.67321e-06 1 5.55112e-17 0 0.16 0.00624945 0.0064 -0.0194 
5.60661 0 0 1 -3.67321e-06 1 0 -1 -3.67321e-06 5.55112e-17 -2.77556e-17 -5.50981e-07 -0.16 0.0124 -0.0128 
5.60661 0 0 1 3.67321e-06 -1 0 1 3.67321e-06 -5.55112e-17 -2.77556e-17 5.50981e-07 0.16 0.0124 -0.0128 
5.60661 3.67321e-06 -1 -5.55112e-17 -5.55112e-17 -5.55112e-17 1 -1 -3.67321e-06 5.55112e-17 5.50981e-07 -2.77556e-17 -0.16 0.0124 -0.0128 
5.60661 3.67321e-06 -1 -5.55112e-17 5.55112e-17 5.55112e-17 -1 1 3.67321e-06 -5.55112e-17 5.50981e-07 2.77556e-17 0.16 0.0124 -0.0128 
5.60659 0 0 1 1 3.67321e-06 -5.55112e-17 -3.67321e-06 1 5.55112e-17 -2.77556e-17 0.16 -5.50981e-07 0.0124 -0.0128 
5.60659 0 0 1 -1 -3.67321e-06 5.55112e-17 3.67321e-06 -1 -5.55112e-17 -2.77556e-17 -0.16 5.50981e-07 0.0124 -0.0128 
4.78141 1 3.67321e-06 -5.55112e-17 3.67321e-06 -1 0 0 0 -1 0.16 0.00625056 0.01875 0.0188 -0.0068 
4.78141 1 3.67321e-06 -5.55112e-17 -5.55112e-17 -5.55112e-17 1 3.67321e-06 -1 -5.55112e-17 0.16 -0.01875 0.00625056 0.0188 -0.0068 
4.78141 1 3.67321e-06 -5.55112e-17 5.55112e-17 5.55112e-17 -1 -3.67321e-06 1 5.55112e-17 0.16 0.01875 -0.00625056 0.0188 -0.0068 
4.7814 -3.67321e-06 1 5.55112e-17 1 3.67321e-06 -5.55112e-17 0 0 -1 -0.00625056 0.16 0.01875 0.0188 -0.0068 
4.7814 3.67321e-06 -1 -5.55112e-17 1 3.67321e-06 -5.55112e-17 0 0 1 0.00625056 0.16 -0.01875 0.0188 -0.0068 
4.7814 3.67321e-06 -1 -5.55112e-17 -1 -3.67321e-06 5.55112e-17 0 0 -1 0.00625056 -0.16 0.01875 0.0188 -0.0068 
4.78137 3.67321e-06 -1 -5.55112e-17 -1 -3.67321e-06 5.55112e-17 0 0 -1 -0.00624945 -0.16 0.01875 0.0064 -0.0194 
4.78137 -3.67321e-06 1 5.55112e-17 1 3.67321e-06 -5.55112e-17 0 0 -1 0.00624945 0.16 0.01875 0.0064 -0.0194 
4.78137 3.67321e-06 -1 -5.55112e-17 1 3.67321e-06 -5.55112e-17 0 0 1 -0.00624945 0.16 -0.01875 0.0064 -0.0194 
4.78135 -1 -3.67321e-06 5.55112e-17 3.67321e-06 -1 0 0 0 1 -0.16 5.50981e-07 -0.01875 0.0124 -0.0128 
4.78135 1 3.67321e-06 -5.55112e-17 -3.67321e-06 1 0 0 0 1 0.16 -5.50981e-07 -0.01875 0.0124 -0.0128 
4.78135 1 3.67321e-06 -5.55112e-17 3.67321e-06 -1 0 0 0 -1 0.16 5.50981e-07 0.01875 0.0124 -0.0128 
4.78135 -1 -3.67321e-06 5.55112e-17 -3.67321e-06 1 0 0 0 -1 -0.16 -5.50981e-07 0.01875 0.0124 -0.0128 
4.78135 -1 -3.67321e-06 5.55112e-17 5.55112e-17 5.55112e-17 -1 3.67321e-06 -1 -5.55112e-17 -0.16 0.01875 5.50981e-07 0.0124 -0.0128 
4.78135 1 3.67321e-06 -5.55112e-17 5.55112e-17 5.55112e-17 -1 -3.67321e-06 1 5.55112e-17 0.16 0.01875 -5.50981e-07 0.0124 -0.0128 
4.78135 -1 -3.67321e-06 5.55112e-17 -5.55112e-17 -5.55112e-17 1 -3.67321e-06 1 5.55112e-17 -0.16 -0.01875 -5.50981e-07 0.0124 -0.0128 
4.78135 1 3.67321e-06 -5.55112e-17 -5.55112e-17 -5.55112e-17 1 3.67321e-06 -1 -5.55112e-17 0.16 -0.01875 5.50981e-07 0.0124 -0.0128 
4.78133 3.67321e-06 -1 -5.55112e-17 1 3.67321e-06 -5.55112e-17 0 0 1 5.50981e-07 0.16 -0.01875 0.0124 -0.0128 
4.78133 3.67321e-06 -1 -5.55112e-17 -1 -3.67321e-06 5.55112e-17 0 0 -1 5.50981e-07 -0.16 0.01875 0.0124 -0.0128 
4.78133 -3.67321e-06 1 5.55112e-17 1 3.67321e-06 -5.55112e-17 0 0 -1 -5.50981e-07 0.16 0.01875 0.0124 -0.0128 
4.78133 -3.67321e-06 1 5.55112e-17 -1 -3.67321e-06 5.55112e-17 0 0 1 -5.50981e-07 -0.16 -0.01875 0.0124 -0.0128 
4.71167 3.67321e-06 -1 -5.55112e-17 -5.55112e-17 -5.55112e-17 1 -1 -3.67321e-06 5.55112e-17 0.00625056 0.00625001 -0.16 0.0188 -0.0068 
4.71167 0 0 1 -3.67321e-06 1 0 -1 -3.67321e-06 5.55112e-17 0.00625001 -0.00625056 -0.16 0.0188 -0.0068 
4.71166 0 0 1 -1 -3.67321e-06 5.55112e-17 3.67321e-06 -1 -5.55112e-17 0.00625001 -0.16 0.00625056 0.0188 -0.0068 
4.71166 0 0 1 1 3.67321e-06 -5.55112e-17 -3.67321e-06 1 5.55112e-17 0.00625001 0.16 -0.00625056 0.0188 -0.0068 
4.7116 3.67321e-06 -1 -5.55112e-17 -5.55112e-17 -5.55112e-17 1 -1 -3.67321e-06 5.55112e-17 -0.00624945 0.00625001 -0.16 0.0064 -0.0192 
4.7116 0 0 1 -3.67321e-06 1 0 -1 -3.67321e-06 5.55112e-17 0.00625001 0.00624945 -0.16 0.0064 -0.0192 
4.7116 0 0 1 1 3.67321e-06 -5.55112e-17 -3.67321e-06 1 5.55112e-17 0.00625001 0.16 -5.50981e-07 0.0124 -0.0128 
4.7116 0 0 1 -1 -3.67321e-06 5.55112e-17 3.67321e-06 -1 -5.55112e-17 0.00625001 -0.16 5.50981e-07 0.0124 -0.0128 
4.71159 0 0 1 1 3.67321e-06 -5.55112e-17 -3.67321e-06 1 5.55112e-17 0.00625001 0.16 0.00624945 0.0064 -0.0192 
4.71159 0 0 1 -1 -3.67321e-06 5.55112e-17 3.67321e-06 -1 -5.55112e-17 0.00625001 -0.16 -0.00624945 0.0064 -0.0192 
4.70824 0 0 1 -3.67321e-06 1 0 -1 -3.67321e-06 5.55112e-17 0.0125 0.00624945 -0.16 0.0064 -0.0192 
4.70824 3.67321e-06 -1 -5.55112e-17 -5.55112e-17 -5.55112e-17 1 -1 -3.67321e-06 5.55112e-17 -0.00624945 0.0125 -0.16 0.0064 -0.0192 
4.70823 0 0 1 1 3.67321e-06 -5.55112e-17 -3.67321e-06 1 5.55112e-17 0.0125 0.16 0.00624945 0.0064 -0.0192 
4.70823 0 0 1 -1 -3.67321e-06 5.55112e-17 3.67321e-06 -1 -5.55112e-17 0.0125 -0.16 -0.00624945 0.0064 -0.0192 
4.70361 0 0 1 -3.67321e-06 1 0 -1 -3.67321e-06 5.55112e-17 0.0125 -0.00625056 -0.16 0.0188 -0.0068 
4.70361 3.67321e-06 -1 -5.55112e-17 -5.55112e-17 -5.55112e-17 1 -1 -3.67321e-06 5.55112e-17 0.00625056 0.0125 -0.16 0.0188 -0.0068 
4.7036 0 0 1 1 3.67321e-06 -5.55112e-17 -3.67321e-06 1 5.55112e-17 0.0125 0.16 -0.00625056 0.0188 -0.0068 
4.7036 0 0 1 -1 -3.67321e-06 5.55112e-17 3.67321e-06 -1 -5.55112e-17 0.0125 -0.16 0.00625056 0.0188 -0.0068 
4.70353 3.67321e-06 -1 -5.55112e-17 -5.55112e-17 -5.55112e-17 1 -1 -3.67321e-06 5.55112e-17 5.50981e-07 0.0125 -0.16 0.0124 -0.0128 
4.6993 0 0 1 -3.67321e-06 1 0 -1 -3.67321e-06 5.55112e-17 0.01875 -0.00625056 -0.16 0.0188 -0.0068 
4.6993 3.67321e-06 -1 -5.55112e-17 -5.55112e-17 -5.55112e-17 1 -1 -3.67321e-06 5.55112e-17 0.00625056 0.01875 -0.16 0.0188 -0.0068 
4.69926 0 0 1 -3.67321e-06 1 0 -1 -3.67321e-06 5.55112e-17 0.01875 0.00624945 -0.16 0.0064 -0.0192 
4.69926 3.67321e-06 -1 -5.55112e-17 -5.55112e-17 -5.55112e-17 1 -1 -3.67321e-06 5.55112e-17 -0.00624945 0.01875 -0.16 0.0064 -0.0192 
4.69926 0 0 1 1 3.67321e-06 -5.55112e-17 -3.67321e-06 1 5.55112e-17 0.01875 0.16 -0.00625056 0.0188 -0.0068 
4.69926 0 0 1 -1 -3.67321e-06 5.55112e-17 3.67321e-06 -1 -5.55112e-17 0.01875 -0.16 0.00625056 0.0188 -0.0068 
4.69924 0 0 1 -1 -3.67321e-06 5.55112e-17 3.67321e-06 -1 -5.55112e-17 0.01875 -0.16 -0.00624945 0.0064 -0.0192 
4.69924 0 0 1 1 3.67321e-06 -5.55112e-17 -3.67321e-06 1 5.55112e-17 0.01875 0.16 0.00624945 0.0064 -0.0192 
4.69921 0 0 1 -3.67321e-06 1 0 -1 -3.67321e-06 5.55112e-17 0.01875 -5.50981e-07 -0.16 0.0124 -0.0128 
4.69921 3.67321e-06 -1 -5.55112e-17 -5.55112e-17 -5.55112e-17 1 -1 -3.67321e-06 5.55112e-17 5.50981e-07 0.01875 -0.16 0.0124 -0.0128 
4.6992 0 0 1 1 3.67321e-06 -5.55112e-17 -3.67321e-06 1 5.55112e-17 0.01875 0.16 -5.50981e-07 0.0124 -0.0128 
4.6992 0 0 1 -1 -3.67321e-06 5.55112e-17 3.67321e-06 -1 -5.55112e-17 0.01875 -0.16 5.50981e-07 0.0124 -0.0128 
4.68457 0 0 1 -1 -3.67321e-06 5.55112e-17 3.67321e-06 -1 -5.55112e-17 -0.01875 -0.16 -0.00624945 0.0064 -0.0194 
4.68457 0 0 1 1 3.67321e-06 -5.55112e-17 -3.67321e-06 1 5.55112e-17 -0.01875 0.16 0.00624945 0.0064 -0.0194 
4.68424 3.67321e-06 -1 -5.55112e-17 5.55112e-17 5.55112e-17 -1 1 3.67321e-06 -5.55112e-17 -0.00624945 0.01875 0.16 0.0064 -0.0194 
4.68424 3.67321e-06 -1 -5.55112e-17 -5.55112e-17 -5.55112e-17 1 -1 -3.67321e-06 5.55112e-17 -0.00624945 -0.01875 -0.16 0.0064 -0.0194 
4.68424 0 0 1 -3.67321e-06 1 0 -1 -3.67321e-06 5.55112e-17 -0.01875 0.00624945 -0.16 0.0064 -0.0194 
4.68424 0 0 1 3.67321e-06 -1 0 1 3.67321e-06 -5.55112e-17 -0.01875 -0.00624945 0.16 0.0064 -0.0194 
4.68409 3.67321e-06 -1 -5.55112e-17 5.55112e-17 5.55112e-17 -1 1 3.67321e-06 -5.55112e-17 5.50981e-07 0.01875 0.16 0.0124 -0.0128 
4.68409 -3.67321e-06 1 5.55112e-17 -5.55112e-17 -5.55112e-17 1 1 3.67321e-06 -5.55112e-17 -5.50981e-07 -0.01875 0.16 0.0124 -0.0128 
4.68409 3.67321e-06 -1 -5.55112e-17 -5.55112e-17 -5.55112e-17 1 -1 -3.67321e-06 5.55112e-17 5.50981e-07 -0.01875 -0.16 0.0124 -0.0128 
4.68409 -3.67321e-06 1 5.55112e-17 5.55112e-17 5.55112e-17 -1 -1 -3.67321e-06 5.55112e-17 -5.50981e-07 0.01875 -0.16 0.0124 -0.0128 
4.68408 0 0 1 -3.67321e-06 1 0 -1 -3.67321e-06 5.55112e-17 -0.01875 -5.50981e-07 -0.16 0.0124 -0.0128 
4.68408 0 0 -1 -3.67321e-06 1 0 1 3.67321e-06 -5.55112e-17 0.01875 -5.50981e-07 0.16 0.0124 -0.0128 
4.68408 0 0 -1 3.67321e-06 -1 0 -1 -3.67321e-06 5.55112e-17 0.01875 5.50981e-07 -0.16 0.0124 -0.0128 
4.68408 0 0 1 3.67321e-06 -1 0 1 3.67321e-06 -5.55112e-17 -0.01875 5.50981e-07 0.16 0.0124 -0.0128 
4.68394 0 0 1 1 3.67321e-06 -5.55112e-17 -3.67321e-06 1 5.55112e-17 -0.01875 0.16 -5.50981e-07 0.0124 -0.0128 
4.68394 0 0 -1 -1 -3.67321e-06 5.55112e-17 -3.67321e-06 1 5.55112e-17 0.01875 -0.16 -5.50981e-07 0.0124 -0.0128 
4.68394 0 0 1 -1 -3.67321e-06 5.55112e-17 3.67321e-06 -1 -5.55112e-17 -0.01875 -0.16 5.50981e-07 0.0124 -0.0128 
4.68394 0 0 -1 1 3.67321e-06 -5.55112e-17 3.67321e-06 -1 -5.55112e-17 0.01875 0.16 5.50981e-07 0.0124 -0.0128 
4.68347 -3.67321e-06 1 5.55112e-17 -5.55112e-17 -5.55112e-17 1 1 3.67321e-06 -5.55112e-17 -0.00625056 -0.01875 0.16 0.0188 -0.0068 
4.68347 3.67321e-06 -1 -5.55112e-17 -5.55112e-17 -5.55112e-17 1 -1 -3.67321e-06 5.55112e-17 0.00625056 -0.01875 -0.16 0.0188 -0.0068 
4.68347 -3.67321e-06 1 5.55112e-17 5.55112e-17 5.55112e-17 -1 -1 -3.67321e-06 5.55112e-17 -0.00625056 0.01875 -0.16 0.0188 -0.0068 
4.68347 3.67321e-06 -1 -5.55112e-17 5.55112e-17 5.55112e-17 -1 1 3.67321e-06 -5.55112e-17 0.00625056 0.01875 0.16 0.0188 -0.0068 
4.68347 0 0 -1 3.67321e-06 -1 0 -1 -3.67321e-06 5.55112e-17 0.01875 0.00625056 -0.16 0.0188 -0.0068 
4.68347 0 0 1 -3.67321e-06 1 0 -1 -3.67321e-06 5.55112e-17 -0.01875 -0.00625056 -0.16 0.0188 -0.0068 
4.68347 0 0 1 3.67321e-06 -1 0 1 3.67321e-06 -5.55112e-17 -0.01875 0.00625056 0.16 0.0188 -0.0068 
4.68347 0 0 -1 -3.67321e-06 1 0 1 3.67321e-06 -5.55112e-17 0.01875 -0.00625056 0.16 0.0188 -0.0068 
4.68346 0 0 1 -1 -3.67321e-06 5.55112e-17 3.67321e-06 -1 -5.55112e-17 -0.01875 -0.16 0.00625056 0.0188 -0.0068 
4.68346 0 0 1 1 3.67321e-06 -5.55112e-17 -3.67321e-06 1 5.55112e-17 -0.01875 0.16 -0.00625056 0.0188 -0.0068 
4.63797 3.67321e-06 -1 -5.55112e-17 1 3.67321e-06 -5.55112e-17 0 0 1 5.50981e-07 0.16 0.00625001 0.0124 -0.0128 
4.63797 3.67321e-06 -1 -5.55112e-17 -1 -3.67321e-06 5.55112e-17 0 0 -1 5.50981e-07 -0.16 -0.00625001 0.0124 -0.0128 
