8.3336 0.971125 0.238571 -1.11022e-16 0.238571 -0.971126 -3.60822e-16 -1.66533e-16 3.33067e-16 -1 0.134535 0.0391919 -0.0177845 0.0218 -0.0204 
7.57754 0.971125 0.238571 -1.11022e-16 0.238571 -0.971126 -3.60822e-16 -1.66533e-16 3.33067e-16 -1 0.134535 0.0391919 0.00240518 0.0218 -0.0204 
7.49067 0.971127 -0.238564 0 0.238564 0.971128 3.33067e-16 -1.11022e-16 -3.33067e-16 1 0.136943 0.0293875 0.00240518 0.03 -0.0122 
7.47628 0.971127 -0.238564 0 0.238564 0.971128 3.33067e-16 -1.11022e-16 -3.33067e-16 1 0.134535 0.0391908 0.00240518 0.0202 -0.0224 
7.4637 0.971125 0.238571 -1.11022e-16 0.238571 -0.971126 3.60822e-16 1.66533e-16 -3.05311e-16 -1 0.134535 0.0391919 -0.00240518 0.0218 -0.0204 
7.45558 0.971127 -0.238564 0 0.238564 0.971128 3.33067e-16 -1.11022e-16 -3.33067e-16 1 0.134535 0.0391908 0.0125 0.0198 -0.0224 
7.45073 0.971127 -0.238564 0 0.238564 0.971128 3.33067e-16 -1.11022e-16 -3.33067e-16 1 0.136943 0.0293875 0.0125 0.03 -0.0122 
7.43691 0.971125 0.238571 -1.11022e-16 0.238571 -0.971126 3.60822e-16 1.66533e-16 -3.05311e-16 -1 0.134535 0.0391919 -0.0125 0.0218 -0.0204 
7.31524 0.971127 -0.238564 0 0.238564 0.971128 -3.88578e-16 1.11022e-16 3.05311e-16 1 0.136943 0.0293875 0.00768965 0.03 -0.0122 
6.89607 0.971125 0.238571 -1.11022e-16 0.238571 -0.971126 3.60822e-16 1.66533e-16 -3.05311e-16 -1 0.134535 0.0391919 0.00768965 0.0218 -0.0204 
6.46718 0.971127 -0.238564 0 0.238564 0.971128 3.33067e-16 -1.11022e-16 -3.33067e-16 1 0.134535 0.0391908 -0.00768965 0.0202 -0.0224 
6.45633 0.971127 -0.238564 0 0.238564 0.971128 3.33067e-16 -1.11022e-16 -3.33067e-16 1 0.136943 0.0293875 -0.00768965 0.03 -0.0122 
6.1379 0.971127 -0.238564 0 0.238564 0.971128 3.33067e-16 -1.11022e-16 -3.33067e-16 1 0.136943 0.0293875 -0.0177845 0.03 -0.0122 
6.08315 -0.971125 -0.238571 1.11022e-16 -0.238571 0.971126 -3.60822e-16 1.66533e-16 -3.05311e-16 -1 -0.156803 -0.0323793 0.00240518 0.0218 -0.0224 
6.07774 0.971127 -0.238564 0 0.238564 0.971128 3.33067e-16 -1.11022e-16 -3.33067e-16 1 0.134535 0.0391908 -0.0177845 0.0202 -0.0224 
6.01788 -0.971127 0.238564 0 -0.238564 -0.971128 -3.33067e-16 -1.11022e-16 -3.33067e-16 1 -0.176226 -0.0371496 -0.00240518 0.0218 -0.0224 
5.94607 0.971127 -0.238564 0 0.238564 0.971128 -3.88578e-16 1.11022e-16 3.05311e-16 1 0.124824 0.0368052 -0.00240518 0.0218 -0.0224 
5.9089 0.971125 0.238571 -1.11022e-16 0.238571 -0.971126 -3.60822e-16 -1.66533e-16 3.33067e-16 -1 0.134535 0.0391919 0.0125 0.0218 -0.0204 
5.90342 -0.971125 -0.238571 1.11022e-16 -0.238571 0.971126 3.60822e-16 -1.66533e-16 3.33067e-16 -1 -0.127669 -0.0252223 -0.00240518 0.0218 -0.0222 
5.88034 -0.971127 0.238564 0 -0.238564 -0.971128 3.88578e-16 1.11022e-16 3.05311e-16 1 -0.176226 -0.0371496 0.00240518 0.0218 -0.0224 
5.53813 -0.971127 0.238564 0 -0.238564 -0.971128 3.88578e-16 1.11022e-16 3.05311e-16 1 -0.117958 -0.0228356 0.0125 0.0218 -0.0222 
5.50195 -0.971127 0.238564 0 -0.238564 -0.971128 -3.33067e-16 -1.11022e-16 -3.33067e-16 1 -0.156803 -0.0323782 0.00768965 0.0218 -0.0222 
5.5017 0.971127 -0.238564 0 0.238564 0.971128 -3.88578e-16 1.11022e-16 3.05311e-16 1 0.115112 0.0344195 0.00768965 0.0218 -0.0224 
5.39237 0 0 -1 -1 -3.67321e-06 5.55112e-17 -3.67321e-06 1 5.55112e-17 0.00205691 -0.15 -5.50981e-07 0.0124 -0.0128 
5.31661 1 3.67321e-06 -5.55112e-17 3.67321e-06 -1 0 0 0 -1 0.14 5.50981e-07 0.0079431 0.0198 -0.0204 
5.17315 1 3.67321e-06 -5.55112e-17 3.67321e-06 -1 0 0 0 -1 0.14 5.50981e-07 0 0.0198 -0.0204 
5.074 0 0 -1 -1 -3.67321e-06 5.55112e-17 -3.67321e-06 1 5.55112e-17 0.01 -0.15 -5.50981e-07 0.0124 -0.0128 
5.06619 0 0 1 -1 -3.67321e-06 5.55112e-17 3.67321e-06 -1 -5.55112e-17 -0.00588618 -0.15 0.00794365 0.0204 -0.0052 
5.06619 0 0 1 -1 -3.67321e-06 5.55112e-17 3.67321e-06 -1 -5.55112e-17 -0.00588618 -0.15 5.50981e-07 0.0124 -0.0128 
5.06618 0 0 1 -1 -3.67321e-06 5.55112e-17 3.67321e-06 -1 -5.55112e-17 -0.00588618 -0.15 -0.00794254 0.0044 -0.0208 
5.04635 0.971127 -0.238564 0 0.238564 0.971128 -3.88578e-16 1.11022e-16 3.05311e-16 1 0.124824 0.0368052 0.0177845 0.0218 -0.0224 
5.00893 -0.971125 -0.238571 1.11022e-16 -0.238571 0.971126 3.60822e-16 -1.66533e-16 3.33067e-16 -1 -0.176225 -0.0371507 0.00768965 0.0218 -0.0224 
5.00585 0 0 1 -1 -3.67321e-06 5.55112e-17 3.67321e-06 -1 -5.55112e-17 -0.00542155 -0.16 -0.00739407 0.0052 -0.0204 
5.00585 0 0 1 -1 -3.67321e-06 5.55112e-17 3.67321e-06 -1 -5.55112e-17 -0.00542155 -0.16 0.00739517 0.0198 -0.0054 
5.00585 0 0 1 -1 -3.67321e-06 5.55112e-17 3.67321e-06 -1 -5.55112e-17 -0.00542155 -0.16 5.50981e-07 0.0124 -0.0128 
5.00511 -0.971127 0.238564 0 -0.238564 -0.971128 3.88578e-16 1.11022e-16 3.05311e-16 1 -0.117958 -0.0228356 -0.00768965 0.0218 -0.0222 
4.98281 -0.971127 0.238564 0 -0.238564 -0.971128 -3.33067e-16 -1.11022e-16 -3.33067e-16 1 -0.117958 -0.0228356 0.0177845 0.0218 -0.0222 
4.98172 1 3.67321e-06 -5.55112e-17 3.67321e-06 -1 0 0 0 -1 0.14 5.50981e-07 -0.0079431 0.0198 -0.0204 
4.98123 1 3.67321e-06 -5.55112e-17 3.67321e-06 -1 0 0 0 -1 0.14 5.50981e-07 -0.0158862 0.0198 -0.0204 
4.96763 0.971127 -0.238564 0 0.238564 0.971128 -3.88578e-16 1.11022e-16 3.05311e-16 1 0.134535 0.0391908 -0.0125 0.0202 -0.0224 
4.95502 0 0 1 3.67321e-06 -1 0 1 3.67321e-06 -5.55112e-17 -0.0217724 5.50981e-07 0.16 0.0202 -0.0204 
4.92097 0 0 -1 -1 -3.67321e-06 5.55112e-17 -3.67321e-06 1 5.55112e-17 -0.00542155 -0.16 -0.00739517 0.0198 -0.0054 
4.88339 0 0 -1 -1 -3.67321e-06 5.55112e-17 -3.67321e-06 1 5.55112e-17 -0.00588618 -0.15 -0.00794365 0.0204 -0.0052 
4.88338 0 0 -1 -1 -3.67321e-06 5.55112e-17 -3.67321e-06 1 5.55112e-17 -0.00588618 -0.15 -5.50981e-07 0.0124 -0.0128 
4.87374 8.76307e-07 -0.238567 -0.971127 -3.56715e-06 0.971127 -0.238567 1 3.67321e-06 0 -0.0308328 -0.00143345 0.1625 0.0218 -0.0214 
4.83126 -8.76307e-07 0.238567 0.971127 3.56715e-06 -0.971127 0.238567 1 3.67321e-06 -5.55112e-17 -0.0210297 0.000975918 0.1625 0.0218 -0.0218 
4.76641 0 0 1 -3.67321e-06 1 0 -1 -3.67321e-06 5.55112e-17 -0.0128162 -0.00739517 -0.16 0.0274 -0.0132 
4.69959 0 0 1 3.67321e-06 -1 0 1 3.67321e-06 -5.55112e-17 -0.0138293 5.50981e-07 0.16 0.0198 -0.0204 
4.68596 0 0 -1 3.67321e-06 -1 0 -1 -3.67321e-06 5.55112e-17 -0.0138293 5.50981e-07 -0.16 0.0198 -0.0204 
4.6747 1 3.67321e-06 -5.55112e-17 -5.55112e-17 -5.55112e-17 1 3.67321e-06 -1 -5.55112e-17 0.14 -0.0157586 5.50981e-07 0.0124 -0.0128 
4.67236 0 0 -1 -1 -3.67321e-06 5.55112e-17 -3.67321e-06 1 5.55112e-17 0.00197307 -0.15 -5.50981e-07 0.0124 -0.0128 
4.66564 -8.76307e-07 0.238567 -0.971127 3.56715e-06 -0.971127 -0.238567 -1 -3.67321e-06 0 -0.0210297 0.000975918 -0.1625 0.0218 -0.0218 
4.61031 0 0 1 1 3.67321e-06 -5.55112e-17 -3.67321e-06 1 5.55112e-17 -0.0178793 0.17 -5.50981e-07 0.0124 -0.0128 
4.61002 0 0 1 1 3.67321e-06 -5.55112e-17 -3.67321e-06 1 5.55112e-17 -0.0178793 0.17 0.00893911 0.0034 -0.0218 
4.5249 0 0 1 1 3.67321e-06 -5.55112e-17 -3.67321e-06 1 5.55112e-17 -0.00893966 0.17 0.00893911 0.0034 -0.0218 
4.52483 0 0 1 1 3.67321e-06 -5.55112e-17 -3.67321e-06 1 5.55112e-17 -0.00893966 0.17 -0.00894021 0.0214 -0.0042 
4.47661 8.76307e-07 -0.238567 0.971127 -3.56715e-06 0.971127 0.238567 -1 -3.67321e-06 1.11022e-16 -0.0210294 0.000974848 -0.1625 0.0214 -0.0224 
4.40797 -8.76307e-07 0.238567 -0.971127 3.56715e-06 -0.971127 -0.238567 -1 -3.67321e-06 0 -0.0308331 -0.00143238 -0.1625 0.0208 -0.0224 
4.25594 0 0 1 -1 -3.67321e-06 5.55112e-17 3.67321e-06 -1 -5.55112e-17 0.00197307 -0.16 5.50981e-07 0.0124 -0.0128 
4.25593 0 0 1 -1 -3.67321e-06 5.55112e-17 3.67321e-06 -1 -5.55112e-17 0.00197307 -0.16 -0.00739407 0.0052 -0.0204 
4.25289 0 0 1 3.67321e-06 -1 0 1 3.67321e-06 -5.55112e-17 -0.0202108 0.00739517 0.16 0.0274 -0.0132 
4.25289 0 0 1 3.67321e-06 -1 0 1 3.67321e-06 -5.55112e-17 -0.0202108 -0.00739407 0.16 0.0128 -0.0278 
4.25288 0 0 1 3.67321e-06 -1 0 1 3.67321e-06 -5.55112e-17 -0.0202108 5.50981e-07 0.16 0.0198 -0.0204 
4.24776 0 0 1 -3.67321e-06 1 0 -1 -3.67321e-06 5.55112e-17 -0.0276054 -0.00739517 -0.16 0.0274 -0.0132 
4.24169 -8.76307e-07 0.238567 0.971127 3.56715e-06 -0.971127 0.238567 1 3.67321e-06 -5.55112e-17 -0.0308331 -0.00143238 0.1625 0.0208 -0.0224 
4.20276 0 0 1 -1 -3.67321e-06 5.55112e-17 3.67321e-06 -1 -5.55112e-17 0.00205691 -0.15 0.00794365 0.0204 -0.0052 
4.20261 0 0 1 -1 -3.67321e-06 5.55112e-17 3.67321e-06 -1 -5.55112e-17 0.00205691 -0.15 -0.00794254 0.0044 -0.0208 
4.17113 0 0 1 3.67321e-06 -1 0 1 3.67321e-06 -5.55112e-17 -0.0297155 5.50981e-07 0.16 0.0198 -0.0204 
4.16799 0 0 -1 -1 -3.67321e-06 5.55112e-17 -3.67321e-06 1 5.55112e-17 0.0167623 -0.16 -0.00739517 0.0198 -0.0054 
4.11378 0 0 -1 3.67321e-06 -1 0 -1 -3.67321e-06 5.55112e-17 -0.0128162 5.50981e-07 -0.16 0.0198 -0.0204 
4.11378 0 0 -1 3.67321e-06 -1 0 -1 -3.67321e-06 5.55112e-17 -0.0128162 0.00739517 -0.16 0.0274 -0.0132 
4.11378 0 0 -1 3.67321e-06 -1 0 -1 -3.67321e-06 5.55112e-17 -0.0128162 -0.00739407 -0.16 0.0124 -0.0278 
4.04399 1 3.67321e-06 -5.55112e-17 -5.55112e-17 -5.55112e-17 1 3.67321e-06 -1 -5.55112e-17 0.14 -0.0079431 -0.00794254 0.0044 -0.0208 
4.04297 0 0 1 3.67321e-06 -1 0 1 3.67321e-06 -5.55112e-17 -0.0128162 -0.00739407 0.16 0.0124 -0.0278 
4.04297 0 0 1 3.67321e-06 -1 0 1 3.67321e-06 -5.55112e-17 -0.0128162 0.00739517 0.16 0.0274 -0.0132 
4.04296 0 0 1 3.67321e-06 -1 0 1 3.67321e-06 -5.55112e-17 -0.0128162 5.50981e-07 0.16 0.0198 -0.0204 
3.96398 0 0 -1 -3.67321e-06 1 0 1 3.67321e-06 -5.55112e-17 -0.0376586 -5.50981e-07 0.16 0.0198 -0.0204 
3.96143 0 0 -1 -3.67321e-06 1 0 1 3.67321e-06 -5.55112e-17 -0.0297155 -5.50981e-07 0.16 0.0198 -0.0204 
3.95707 0 0 1 3.67321e-06 -1 0 1 3.67321e-06 -5.55112e-17 -0.0376586 5.50981e-07 0.16 0.0198 -0.0204 
3.92834 0 0 1 3.67321e-06 -1 0 1 3.67321e-06 -5.55112e-17 -0.0276054 5.50981e-07 0.16 0.0198 -0.0204 
3.92814 0 0 1 3.67321e-06 -1 0 1 3.67321e-06 -5.55112e-17 -0.0276054 -0.00739407 0.16 0.0124 -0.0278 
3.92779 0 0 1 3.67321e-06 -1 0 1 3.67321e-06 -5.55112e-17 -0.0276054 0.00739517 0.16 0.0274 -0.0132 
3.87843 0 0 -1 1 3.67321e-06 -5.55112e-17 3.67321e-06 -1 -5.55112e-17 -0.00893966 0.17 0.00894021 0.0214 -0.0042 
3.87841 0 0 -1 1 3.67321e-06 -5.55112e-17 3.67321e-06 -1 -5.55112e-17 -0.00893966 0.17 -0.00893911 0.0034 -0.0218 
3.86587 0 0 -1 -3.67321e-06 1 0 1 3.67321e-06 -5.55112e-17 -0.0202108 -0.00739517 0.16 0.0274 -0.0132 
3.86586 0 0 -1 -3.67321e-06 1 0 1 3.67321e-06 -5.55112e-17 -0.0202108 0.00739407 0.16 0.0128 -0.0278 
3.80643 0 0 -1 3.67321e-06 -1 0 -1 -3.67321e-06 5.55112e-17 -0.0376586 5.50981e-07 -0.16 0.0198 -0.0204 
3.80529 0 0 1 1 3.67321e-06 -5.55112e-17 -3.67321e-06 1 5.55112e-17 0 0.17 -5.50981e-07 0.0124 -0.0128 
3.69997 -0.971125 -0.238571 1.11022e-16 -0.238571 0.971126 -3.60822e-16 1.66533e-16 -3.05311e-16 -1 -0.176225 -0.0371507 0.0125 0.0218 -0.0224 
3.68309 1 3.67321e-06 -5.55112e-17 -5.55112e-17 -5.55112e-17 1 3.67321e-06 -1 -5.55112e-17 0.14 -0.0158862 0.00794365 0.0204 -0.0052 
3.68308 1 3.67321e-06 -5.55112e-17 -5.55112e-17 -5.55112e-17 1 3.67321e-06 -1 -5.55112e-17 0.14 -0.0158862 -0.00794254 0.0044 -0.0208 
3.68299 -0.971127 0.238564 0 -0.238564 -0.971128 -3.33067e-16 -1.11022e-16 -3.33067e-16 1 -0.117958 -0.0228356 -0.0125 0.0218 -0.0222 
3.67395 0 0 -1 -1 -3.67321e-06 5.55112e-17 -3.67321e-06 1 5.55112e-17 0.00345807 -0.16 0.00615214 0.0064 -0.0192 
3.65778 0 0 1 -1 -3.67321e-06 5.55112e-17 3.67321e-06 -1 -5.55112e-17 0.00197307 -0.15 0.00739517 0.0198 -0.0054 
3.58903 0 0 1 3.67321e-06 -1 0 1 3.67321e-06 -5.55112e-17 -0.035 -0.00739407 0.16 0.0124 -0.0278 
3.589 0 0 1 3.67321e-06 -1 0 1 3.67321e-06 -5.55112e-17 -0.035 5.50981e-07 0.16 0.0198 -0.0204 
3.5889 0 0 1 3.67321e-06 -1 0 1 3.67321e-06 -5.55112e-17 -0.035 0.00739517 0.16 0.0274 -0.0132 
3.58023 0 0 1 -3.67321e-06 1 0 -1 -3.67321e-06 5.55112e-17 -0.035 -0.00739517 -0.16 0.0274 -0.0132 
3.57499 0 0 1 1 3.67321e-06 -5.55112e-17 -3.67321e-06 1 5.55112e-17 -0.026819 0.17 -0.00894021 0.0214 -0.0038 
3.56382 0 0 -1 -1 -3.67321e-06 5.55112e-17 -3.67321e-06 1 5.55112e-17 -0.00269462 -0.16 -0.00615325 0.0188 -0.0068 
3.55953 0 0 -1 3.67321e-06 -1 0 -1 -3.67321e-06 5.55112e-17 -0.0217724 5.50981e-07 -0.16 0.0198 -0.0204 
3.54298 0 0 -1 3.67321e-06 -1 0 -1 -3.67321e-06 5.55112e-17 -0.0297155 5.50981e-07 -0.16 0.0198 -0.0204 
3.50719 0 0 1 -1 -3.67321e-06 5.55112e-17 3.67321e-06 -1 -5.55112e-17 0.00936768 -0.16 0.00739517 0.0198 -0.0054 
3.50719 0 0 1 -1 -3.67321e-06 5.55112e-17 3.67321e-06 -1 -5.55112e-17 0.00936768 -0.16 5.50981e-07 0.0124 -0.0128 
3.50718 0 0 1 -1 -3.67321e-06 5.55112e-17 3.67321e-06 -1 -5.55112e-17 0.00936768 -0.16 -0.00739407 0.0052 -0.0204 
3.49902 -1 -3.67321e-06 5.55112e-17 -3.67321e-06 1 0 0 0 -1 -0.12 -5.50981e-07 0.0079431 0.0202 -0.0204 
3.4499 0 0 -1 1 3.67321e-06 -5.55112e-17 3.67321e-06 -1 -5.55112e-17 0.00197307 0.17 5.50981e-07 0.0124 -0.0128 
3.4477 0 0 1 1 3.67321e-06 -5.55112e-17 -3.67321e-06 1 5.55112e-17 -0.0128162 0.17 -5.50981e-07 0.0124 -0.0128 
3.4477 0 0 1 1 3.67321e-06 -5.55112e-17 -3.67321e-06 1 5.55112e-17 -0.0128162 0.17 -0.00739517 0.0198 -0.0054 
3.4477 0 0 1 1 3.67321e-06 -5.55112e-17 -3.67321e-06 1 5.55112e-17 -0.0128162 0.17 0.00739407 0.0052 -0.0204 
3.44604 0 0 -1 -1 -3.67321e-06 5.55112e-17 -3.67321e-06 1 5.55112e-17 0.0241569 -0.16 -0.00739517 0.0198 -0.0054 
3.44337 0 0 -1 -3.67321e-06 1 0 1 3.67321e-06 -5.55112e-17 -0.0276054 -0.00739517 0.16 0.0274 -0.0132 
3.43895 1 3.67321e-06 -5.55112e-17 -5.55112e-17 -5.55112e-17 1 3.67321e-06 -1 -5.55112e-17 0.14 -0.0246983 5.50981e-07 0.0124 -0.0128 
3.43847 1 3.67321e-06 -5.55112e-17 -5.55112e-17 -5.55112e-17 1 3.67321e-06 -1 -5.55112e-17 0.14 -0.0246983 0.00894021 0.0214 -0.0042 
3.43443 0 0 -1 -3.67321e-06 1 0 1 3.67321e-06 -5.55112e-17 -0.035 -0.00739517 0.16 0.0274 -0.0132 
3.43442 0 0 -1 -3.67321e-06 1 0 1 3.67321e-06 -5.55112e-17 -0.035 -5.50981e-07 0.16 0.0198 -0.0204 
3.43442 0 0 -1 -3.67321e-06 1 0 1 3.67321e-06 -5.55112e-17 -0.035 0.00739407 0.16 0.0124 -0.0278 
3.4087 0 0 1 1 3.67321e-06 -5.55112e-17 -3.67321e-06 1 5.55112e-17 -0.026819 0.17 0.00893911 0.0034 -0.0218 
3.4087 0 0 1 1 3.67321e-06 -5.55112e-17 -3.67321e-06 1 5.55112e-17 -0.026819 0.17 -5.50981e-07 0.0124 -0.0128 
3.39283 -1 -3.67321e-06 5.55112e-17 -3.67321e-06 1 0 0 0 -1 -0.185 -5.50981e-07 0.00739462 0.0198 -0.0204 
3.39282 -1 -3.67321e-06 5.55112e-17 -3.67321e-06 1 0 0 0 -1 -0.185 0.00739407 0.00739462 0.0124 -0.0278 
3.36589 0 0 1 -3.67321e-06 1 0 -1 -3.67321e-06 5.55112e-17 -0.0138293 -5.50981e-07 -0.15 0.0198 -0.0204 
3.34803 -1 -3.67321e-06 5.55112e-17 -3.67321e-06 1 0 0 0 -1 -0.185 -0.00739517 0 0.0274 -0.0132 
3.34803 -1 -3.67321e-06 5.55112e-17 -3.67321e-06 1 0 0 0 -1 -0.185 -5.50981e-07 1.38778e-17 0.0198 -0.0204 
3.34802 -1 -3.67321e-06 5.55112e-17 -3.67321e-06 1 0 0 0 -1 -0.185 0.00739407 1.38778e-17 0.0124 -0.0278 
3.30827 5.55112e-17 1.58207e-15 1 -3.67321e-06 1 -1.60982e-15 -1 -3.67321e-06 5.55112e-17 -0.0142215 0.00384676 -0.16 0.0162 -0.0244 
3.30779 0 0 1 -3.67321e-06 1 0 -1 -3.67321e-06 5.55112e-17 -0.015 -0.00384786 -0.16 0.0238 -0.0164 
3.29738 0 0 -1 3.67321e-06 -1 0 -1 -3.67321e-06 5.55112e-17 -0.035 0.00739517 -0.16 0.0274 -0.0132 
3.29738 0 0 -1 3.67321e-06 -1 0 -1 -3.67321e-06 5.55112e-17 -0.035 5.50981e-07 -0.16 0.0198 -0.0204 
3.29737 0 0 -1 3.67321e-06 -1 0 -1 -3.67321e-06 5.55112e-17 -0.035 -0.00739407 -0.16 0.0124 -0.0278 
3.29364 0 0 -1 1 3.67321e-06 -5.55112e-17 3.67321e-06 -1 -5.55112e-17 0.0178793 0.17 0.00894021 0.0214 -0.0042 
3.2936 0 0 -1 1 3.67321e-06 -5.55112e-17 3.67321e-06 -1 -5.55112e-17 0.0178793 0.17 5.50981e-07 0.0124 -0.0128 
3.28641 0.971125 0.238571 -1.11022e-16 0.238571 -0.971126 3.60822e-16 1.66533e-16 -3.05311e-16 -1 0.134535 0.0391919 0.0177845 0.0218 -0.0204 
3.28477 0 0 1 -1 -3.67321e-06 5.55112e-17 3.67321e-06 -1 -5.55112e-17 -0.00269462 -0.16 0.00615325 0.0188 -0.0068 
3.26257 -1 -3.67321e-06 5.55112e-17 -3.67321e-06 1 0 0 0 -1 -0.185 -5.50981e-07 0.0147892 0.0198 -0.0204 
3.26257 -1 -3.67321e-06 5.55112e-17 -3.67321e-06 1 0 0 0 -1 -0.185 0.00739407 0.0147892 0.0124 -0.0278 
3.26256 -1 -3.67321e-06 5.55112e-17 -3.67321e-06 1 0 0 0 -1 -0.185 -0.00739517 0.0147892 0.0274 -0.0132 
3.23638 -1.60982e-15 2.77556e-17 -1 -1 -3.67321e-06 1.60982e-15 -3.67321e-06 1 5.55112e-17 0.00423656 -0.15 -0.00615325 0.0188 -0.0068 
3.23638 -1.60982e-15 2.77556e-17 -1 -1 -3.67321e-06 1.60982e-15 -3.67321e-06 1 5.55112e-17 0.00423656 -0.15 0.00615214 0.0064 -0.0192 
3.23482 -1 -3.67321e-06 5.55112e-17 3.67321e-06 -1 0 0 0 1 -0.185 5.50981e-07 -0.00739462 0.0198 -0.0204 
3.23481 -1 -3.67321e-06 5.55112e-17 3.67321e-06 -1 0 0 0 1 -0.185 -0.00739407 -0.00739462 0.0124 -0.0278 
3.20961 5.55112e-17 1.58207e-15 1 -3.67321e-06 1 -1.60982e-15 -1 -3.67321e-06 5.55112e-17 -0.0203742 0.00384676 -0.16 0.0162 -0.0244 
3.19708 -1 -3.67321e-06 5.55112e-17 3.67321e-06 -1 0 0 0 1 -0.185 0.00739517 0 0.0274 -0.0132 
3.19707 -1 -3.67321e-06 5.55112e-17 3.67321e-06 -1 0 0 0 1 -0.185 5.50981e-07 -1.38778e-17 0.0198 -0.0204 
3.19707 -1 -3.67321e-06 5.55112e-17 3.67321e-06 -1 0 0 0 1 -0.185 -0.00739407 -1.38778e-17 0.0124 -0.0278 
3.18466 -1 -3.67321e-06 5.55112e-17 3.67321e-06 -1 0 0 0 1 -0.185 5.50981e-07 -0.0147892 0.0198 -0.0204 
3.18466 -1 -3.67321e-06 5.55112e-17 3.67321e-06 -1 0 0 0 1 -0.185 -0.00739407 -0.0147892 0.0124 -0.0278 
3.18466 -1 -3.67321e-06 5.55112e-17 3.67321e-06 -1 0 0 0 1 -0.185 0.00739517 -0.0147892 0.0274 -0.0132 
3.18464 0 0 -1 3.67321e-06 -1 0 -1 -3.67321e-06 5.55112e-17 -0.0202108 5.50981e-07 -0.16 0.0198 -0.0204 
3.18444 0 0 -1 3.67321e-06 -1 0 -1 -3.67321e-06 5.55112e-17 -0.0202108 -0.00739407 -0.16 0.0124 -0.0278 
3.18422 0 0 -1 3.67321e-06 -1 0 -1 -3.67321e-06 5.55112e-17 -0.0202108 0.00739517 -0.16 0.0274 -0.0132 
3.11491 -1 -3.67321e-06 5.55112e-17 3.67321e-06 -1 0 0 0 1 -0.185 5.50981e-07 0.0147892 0.0198 -0.0204 
3.11491 -1 -3.67321e-06 5.55112e-17 3.67321e-06 -1 0 0 0 1 -0.185 0.00739517 0.0147892 0.0274 -0.0132 
3.1069 0 0 -1 -1 -3.67321e-06 5.55112e-17 -3.67321e-06 1 5.55112e-17 -0.00269462 -0.15 -5.50981e-07 0.0124 -0.0128 
3.09976 0 0 -1 3.67321e-06 -1 0 -1 -3.67321e-06 5.55112e-17 -0.0276054 5.50981e-07 -0.16 0.0198 -0.0204 
3.09966 0 0 -1 3.67321e-06 -1 0 -1 -3.67321e-06 5.55112e-17 -0.0276054 -0.00739407 -0.16 0.0124 -0.0278 
3.09954 0 0 -1 3.67321e-06 -1 0 -1 -3.67321e-06 5.55112e-17 -0.0276054 0.00739517 -0.16 0.0274 -0.0132 
3.07147 0 0 1 -3.67321e-06 1 0 -1 -3.67321e-06 5.55112e-17 -0.00884732 -0.00384786 -0.16 0.0238 -0.0164 
3.04541 1 3.67321e-06 -5.55112e-17 5.55112e-17 5.55112e-17 -1 -3.67321e-06 1 5.55112e-17 0.14 -0.0079431 -0.00794365 0.0204 -0.0052 
3.0454 1 3.67321e-06 -5.55112e-17 5.55112e-17 5.55112e-17 -1 -3.67321e-06 1 5.55112e-17 0.14 -0.0079431 -5.50981e-07 0.0124 -0.0128 
3.03253 1 3.67321e-06 -5.55112e-17 3.67321e-06 -1 0 0 0 -1 0.115 5.50981e-07 0.00739462 0.0202 -0.0204 
3.03252 1 3.67321e-06 -5.55112e-17 3.67321e-06 -1 0 0 0 -1 0.115 -0.00739407 0.00739462 0.0128 -0.0278 
3.03252 1 3.67321e-06 -5.55112e-17 3.67321e-06 -1 0 0 0 -1 0.115 0.00739517 0.00739462 0.0274 -0.0132 
3.0227 -1.60982e-15 2.77556e-17 -1 -1 -3.67321e-06 1.60982e-15 -3.67321e-06 1 5.55112e-17 0.0103893 -0.15 -5.50981e-07 0.0124 -0.0128 
3.0151 0 0 1 1 3.67321e-06 -5.55112e-17 -3.67321e-06 1 5.55112e-17 0.00893966 0.17 -0.00894021 0.0214 -0.0042 
3.01509 0 0 1 1 3.67321e-06 -5.55112e-17 -3.67321e-06 1 5.55112e-17 0.00893966 0.17 0.00893911 0.0034 -0.0218 
3.00646 -1 -3.67321e-06 5.55112e-17 -3.67321e-06 1 0 0 0 -1 -0.12 -5.50981e-07 1.38778e-17 0.0202 -0.0204 
3.00019 -5.55112e-17 -1.58207e-15 -1 3.67321e-06 -1 1.60982e-15 -1 -3.67321e-06 5.55112e-17 -0.00806883 0.0100006 -0.16 0.03 -0.0104 
3.00019 -5.55112e-17 -1.58207e-15 -1 3.67321e-06 -1 1.60982e-15 -1 -3.67321e-06 5.55112e-17 -0.00806883 0.00384786 -0.16 0.0238 -0.0168 
2.9902 0 0 1 -3.67321e-06 1 0 -1 -3.67321e-06 5.55112e-17 -0.0217724 -5.50981e-07 -0.14 0.0202 -0.0204 
2.98234 5.55112e-17 1.58207e-15 1 -3.67321e-06 1 -1.60982e-15 -1 -3.67321e-06 5.55112e-17 -0.0265269 0.00384676 -0.16 0.0162 -0.0244 
2.97812 0 0 -1 3.67321e-06 -1 0 -1 -3.67321e-06 5.55112e-17 -0.00884732 -0.00384676 -0.16 0.0162 -0.0244 
2.97683 5.55112e-17 1.58207e-15 1 -3.67321e-06 1 -1.60982e-15 -1 -3.67321e-06 5.55112e-17 -0.00806883 0.00384676 -0.16 0.0162 -0.0244 
2.96171 0 0 1 3.67321e-06 -1 0 1 3.67321e-06 -5.55112e-17 -0.0211527 -0.00384676 0.16 0.0162 -0.0244 
2.95243 0 0 1 -3.67321e-06 1 0 -1 -3.67321e-06 5.55112e-17 -0.0273054 -0.00384786 -0.16 0.0238 -0.0168 
2.94735 0 -1.58207e-15 1 3.67321e-06 -1 -1.58207e-15 1 3.67321e-06 -5.55112e-17 -0.0203742 0.0100006 0.16 0.0298 -0.0104 
2.94735 0 -1.58207e-15 1 3.67321e-06 -1 -1.58207e-15 1 3.67321e-06 -5.55112e-17 -0.0203742 0.00384786 0.16 0.0238 -0.0168 
2.93536 0 0 1 1 3.67321e-06 -5.55112e-17 -3.67321e-06 1 5.55112e-17 -0.00542155 0.17 -0.00739517 0.0198 -0.0054 
2.93535 0 0 1 1 3.67321e-06 -5.55112e-17 -3.67321e-06 1 5.55112e-17 -0.00542155 0.17 -5.50981e-07 0.0124 -0.0128 
2.93534 0 0 1 1 3.67321e-06 -5.55112e-17 -3.67321e-06 1 5.55112e-17 -0.00542155 0.17 0.00739407 0.0052 -0.0204 
2.92165 0 0 1 -3.67321e-06 1 0 -1 -3.67321e-06 5.55112e-17 -0.0128162 -5.50981e-07 -0.15 0.0198 -0.0204 
2.91515 0 0 1 -1 -3.67321e-06 5.55112e-17 3.67321e-06 -1 -5.55112e-17 0.0167623 -0.16 0.00739517 0.0198 -0.0054 
2.91515 0 0 1 -1 -3.67321e-06 5.55112e-17 3.67321e-06 -1 -5.55112e-17 0.0167623 -0.16 5.50981e-07 0.0124 -0.0128 
2.91514 0 0 1 -1 -3.67321e-06 5.55112e-17 3.67321e-06 -1 -5.55112e-17 0.0167623 -0.16 -0.00739407 0.0052 -0.0204 
2.89013 0 0 1 1 3.67321e-06 -5.55112e-17 -3.67321e-06 1 5.55112e-17 -0.0202108 0.17 -0.00739517 0.0198 -0.0054 
2.8901 0 0 1 1 3.67321e-06 -5.55112e-17 -3.67321e-06 1 5.55112e-17 -0.0202108 0.17 0.00739407 0.0052 -0.0204 
2.89004 0 0 1 1 3.67321e-06 -5.55112e-17 -3.67321e-06 1 5.55112e-17 -0.0202108 0.17 -5.50981e-07 0.0124 -0.0128 
2.88643 0 0 -1 1 3.67321e-06 -5.55112e-17 3.67321e-06 -1 -5.55112e-17 -0.00542155 0.17 0.00739517 0.0198 -0.0054 
2.87491 0 0 1 -1 -3.67321e-06 5.55112e-17 3.67321e-06 -1 -5.55112e-17 0.01 -0.15 0.00794365 0.0204 -0.0052 
2.87489 0 0 1 -1 -3.67321e-06 5.55112e-17 3.67321e-06 -1 -5.55112e-17 0.01 -0.15 5.50981e-07 0.0124 -0.0128 
2.87408 0 0 -1 -1 -3.67321e-06 5.55112e-17 -3.67321e-06 1 5.55112e-17 0.0315515 -0.16 -0.00739517 0.0198 -0.0054 
2.84484 0 0 1 -1 -3.67321e-06 5.55112e-17 3.67321e-06 -1 -5.55112e-17 -0.00269462 -0.15 5.50981e-07 0.0124 -0.0128 
2.84483 0 0 1 -1 -3.67321e-06 5.55112e-17 3.67321e-06 -1 -5.55112e-17 -0.00269462 -0.15 -0.00615214 0.0064 -0.0192 
2.84357 0 0 1 3.67321e-06 -1 0 1 3.67321e-06 -5.55112e-17 -0.015 -0.00384676 0.16 0.0162 -0.0244 
2.83921 0 0 1 -1 -3.67321e-06 5.55112e-17 3.67321e-06 -1 -5.55112e-17 0.00345807 -0.16 0.00615325 0.0188 -0.0068 
2.83921 0 0 1 -1 -3.67321e-06 5.55112e-17 3.67321e-06 -1 -5.55112e-17 0.00345807 -0.16 5.50981e-07 0.0124 -0.0128 
2.83921 0 0 1 -1 -3.67321e-06 5.55112e-17 3.67321e-06 -1 -5.55112e-17 0.00345807 -0.16 -0.00615214 0.0064 -0.0192 
2.82776 0 -1.58207e-15 1 3.67321e-06 -1 -1.58207e-15 1 3.67321e-06 -5.55112e-17 -0.0142215 0.00384786 0.16 0.0238 -0.0168 
2.82776 0 -1.58207e-15 1 3.67321e-06 -1 -1.58207e-15 1 3.67321e-06 -5.55112e-17 -0.0142215 0.0100006 0.16 0.0298 -0.0104 
2.81446 0 0 -1 -1 -3.67321e-06 5.55112e-17 -3.67321e-06 1 5.55112e-17 0.0241569 -0.15 0.00739407 0.0052 -0.0204 
2.79725 -5.55112e-17 -1.58207e-15 -1 3.67321e-06 -1 1.60982e-15 -1 -3.67321e-06 5.55112e-17 -0.0142215 0.00384786 -0.16 0.0238 -0.0168 
2.79725 -5.55112e-17 -1.58207e-15 -1 3.67321e-06 -1 1.60982e-15 -1 -3.67321e-06 5.55112e-17 -0.0142215 0.0100006 -0.16 0.0298 -0.0104 
2.79347 -1.60982e-15 0 1 -1 -3.67321e-06 -1.60982e-15 3.67321e-06 -1 -5.55112e-17 -0.00191614 -0.15 0.00615325 0.0188 -0.0068 
2.79347 -1.60982e-15 0 1 -1 -3.67321e-06 -1.60982e-15 3.67321e-06 -1 -5.55112e-17 -0.00191614 -0.15 5.50981e-07 0.0124 -0.0128 
2.79347 -1.60982e-15 0 1 -1 -3.67321e-06 -1.60982e-15 3.67321e-06 -1 -5.55112e-17 -0.00191614 -0.15 -0.00615214 0.0064 -0.0192 
2.78377 1 3.67321e-06 -5.55112e-17 -5.55112e-17 -5.55112e-17 1 3.67321e-06 -1 -5.55112e-17 0.14 -0.0238293 0.00794365 0.0204 -0.0052 
2.77805 0 -1.58207e-15 1 3.67321e-06 -1 -1.58207e-15 1 3.67321e-06 -5.55112e-17 -0.0265269 0.0100006 0.16 0.0298 -0.0104 
2.77731 0 -1.58207e-15 1 3.67321e-06 -1 -1.58207e-15 1 3.67321e-06 -5.55112e-17 -0.0265269 0.00384786 0.16 0.0238 -0.0168 
2.76855 0 0 -1 3.67321e-06 -1 0 -1 -3.67321e-06 5.55112e-17 -0.015 -0.00384676 -0.16 0.0162 -0.0244 
2.7599 1 3.67321e-06 -5.55112e-17 3.67321e-06 -1 0 0 0 -1 0.135 -0.00384676 0.0123054 0.0162 -0.0244 
2.74682 0 0 1 -3.67321e-06 1 0 -1 -3.67321e-06 5.55112e-17 -0.0202108 -0.00739517 -0.15 0.0274 -0.0132 
2.73958 5.55112e-17 1.58207e-15 1 -3.67321e-06 1 -1.60982e-15 -1 -3.67321e-06 5.55112e-17 -0.0326796 0.00384676 -0.16 0.0162 -0.0244 
2.72786 0 0 1 3.67321e-06 -1 0 1 3.67321e-06 -5.55112e-17 -0.0273054 -0.00384676 0.16 0.0162 -0.0244 
2.71662 0 0 1 3.67321e-06 -1 0 1 3.67321e-06 -5.55112e-17 -0.00884732 -0.00384676 0.16 0.0162 -0.0244 
2.71485 -0.971127 0.238564 0 -0.238564 -0.971128 3.88578e-16 1.11022e-16 3.05311e-16 1 -0.176226 -0.0371496 -0.0177845 0.0218 -0.0224 
2.71383 1 3.67321e-06 -5.55112e-17 3.67321e-06 -1 0 0 0 -1 0.135 -0.00384676 2.77556e-17 0.0162 -0.0244 
2.70745 0 0 1 -3.67321e-06 1 0 -1 -3.67321e-06 5.55112e-17 -0.0334581 -0.00384786 -0.16 0.0238 -0.0168 
2.70357 0 0 1 -3.67321e-06 1 0 -1 -3.67321e-06 5.55112e-17 -0.0202108 -5.50981e-07 -0.15 0.0198 -0.0204 
2.70023 0 -1.58207e-15 1 3.67321e-06 -1 -1.58207e-15 1 3.67321e-06 -5.55112e-17 -0.00806883 0.00384786 0.16 0.0238 -0.0168 
2.70023 0 -1.58207e-15 1 3.67321e-06 -1 -1.58207e-15 1 3.67321e-06 -5.55112e-17 -0.00806883 0.0100006 0.16 0.0298 -0.0104 
2.68157 0 0 -1 -1 -3.67321e-06 5.55112e-17 -3.67321e-06 1 5.55112e-17 0.0157635 -0.15 -5.50981e-07 0.0124 -0.0128 
2.68157 0 0 -1 -1 -3.67321e-06 5.55112e-17 -3.67321e-06 1 5.55112e-17 0.0157635 -0.15 -0.00615325 0.0188 -0.0068 
2.65089 0 0 1 1 3.67321e-06 -5.55112e-17 -3.67321e-06 1 5.55112e-17 -0.0357586 0.17 -0.00894021 0.0214 -0.0042 
2.65087 0 0 1 1 3.67321e-06 -5.55112e-17 -3.67321e-06 1 5.55112e-17 -0.0357586 0.17 -5.50981e-07 0.0124 -0.0128 
2.63015 -1.60982e-15 2.77556e-17 -1 -1 -3.67321e-06 1.60982e-15 -3.67321e-06 1 5.55112e-17 0.0165419 -0.15 -5.50981e-07 0.0124 -0.0128 
2.62635 1 3.67321e-06 -5.55112e-17 3.67321e-06 -1 0 0 0 -1 0.135 -0.00384676 -0.0184581 0.0162 -0.0244 
2.62586 1 3.67321e-06 -5.55112e-17 3.67321e-06 -1 0 0 0 -1 0.135 -0.00384676 -0.0061527 0.0162 -0.0244 
2.62352 1 3.67321e-06 -5.55112e-17 3.67321e-06 -1 0 0 0 -1 0.135 -0.00384676 -0.0123054 0.0162 -0.0244 
2.61919 1 3.67321e-06 -5.55112e-17 3.67321e-06 -1 0 0 0 -1 0.115 0.00739517 0 0.0274 -0.0132 
2.61917 1 3.67321e-06 -5.55112e-17 3.67321e-06 -1 0 0 0 -1 0.115 -0.00739407 -6.93889e-18 0.0128 -0.0278 
2.61909 1 3.67321e-06 -5.55112e-17 3.67321e-06 -1 0 0 0 -1 0.115 5.50981e-07 -6.93889e-18 0.0202 -0.0204 
2.59059 0 0 1 -3.67321e-06 1 0 -1 -3.67321e-06 5.55112e-17 -0.0202108 0.00739407 -0.14 0.0128 -0.0278 
2.57123 0 0 1 3.67321e-06 -1 0 1 3.67321e-06 -5.55112e-17 -0.0334581 -0.00384676 0.16 0.0162 -0.0244 
2.51716 0 0 1 -3.67321e-06 1 0 -1 -3.67321e-06 5.55112e-17 -0.0376586 -5.50981e-07 -0.15 0.0202 -0.0204 
2.47722 0 0 1 1 3.67321e-06 -5.55112e-17 -3.67321e-06 1 5.55112e-17 0.00197307 0.17 -5.50981e-07 0.0124 -0.0128 
2.47719 0 0 1 1 3.67321e-06 -5.55112e-17 -3.67321e-06 1 5.55112e-17 0.00197307 0.17 0.00739407 0.0052 -0.0204 
2.46344 0 0 1 -1 -3.67321e-06 5.55112e-17 3.67321e-06 -1 -5.55112e-17 0.0241569 -0.16 5.50981e-07 0.0124 -0.0128 
2.46343 0 0 1 -1 -3.67321e-06 5.55112e-17 3.67321e-06 -1 -5.55112e-17 0.0241569 -0.16 -0.00739407 0.0052 -0.0204 
2.46067 0 0 -1 1 3.67321e-06 -5.55112e-17 3.67321e-06 -1 -5.55112e-17 -0.026819 0.17 0.00894021 0.0214 -0.0042 
2.46065 0 0 -1 1 3.67321e-06 -5.55112e-17 3.67321e-06 -1 -5.55112e-17 -0.026819 0.17 -0.00893911 0.0034 -0.0218 
2.46065 0 0 -1 1 3.67321e-06 -5.55112e-17 3.67321e-06 -1 -5.55112e-17 -0.026819 0.17 5.50981e-07 0.0124 -0.0128 
2.41277 0 0 1 -1 -3.67321e-06 5.55112e-17 3.67321e-06 -1 -5.55112e-17 0.00961077 -0.16 0.00615325 0.0188 -0.0068 
2.41277 0 0 1 -1 -3.67321e-06 5.55112e-17 3.67321e-06 -1 -5.55112e-17 0.00961077 -0.16 5.50981e-07 0.0124 -0.0128 
2.41277 0 0 1 -1 -3.67321e-06 5.55112e-17 3.67321e-06 -1 -5.55112e-17 0.00961077 -0.16 -0.00615214 0.0064 -0.0192 
2.41157 0 0 -1 1 3.67321e-06 -5.55112e-17 3.67321e-06 -1 -5.55112e-17 0.026819 0.17 5.50981e-07 0.0124 -0.0128 
2.41153 0 0 -1 1 3.67321e-06 -5.55112e-17 3.67321e-06 -1 -5.55112e-17 0.026819 0.17 -0.00893911 0.0034 -0.0218 
2.40255 0 0 1 -3.67321e-06 1 0 -1 -3.67321e-06 5.55112e-17 -0.0297155 -5.50981e-07 -0.14 0.0202 -0.0204 
2.40155 -1 -3.67321e-06 5.55112e-17 -3.67321e-06 1 0 0 0 -1 -0.12 -5.50981e-07 0.0158862 0.0202 -0.0204 
2.38983 0 0 1 1 3.67321e-06 -5.55112e-17 -3.67321e-06 1 5.55112e-17 0.0178793 0.17 0.00893911 0.0034 -0.0218 
2.38982 0 0 1 1 3.67321e-06 -5.55112e-17 -3.67321e-06 1 5.55112e-17 0.0178793 0.17 -0.00894021 0.0214 -0.0042 
2.37857 0 0 -1 -3.67321e-06 1 0 1 3.67321e-06 -5.55112e-17 -0.0396108 -0.0100006 0.16 0.0298 -0.0104 
2.37817 0 1.58207e-15 -1 -3.67321e-06 1 1.58207e-15 1 3.67321e-06 -5.55112e-17 -0.0388323 0.00384676 0.16 0.0162 -0.0244 
2.37787 0 0 -1 -3.67321e-06 1 0 1 3.67321e-06 -5.55112e-17 -0.0334581 -0.00384786 0.16 0.0238 -0.0164 
2.37787 0 0 -1 -3.67321e-06 1 0 1 3.67321e-06 -5.55112e-17 -0.0334581 -0.0100006 0.16 0.0298 -0.0104 
2.37769 1.60982e-15 -2.77556e-17 1 1 3.67321e-06 -1.60982e-15 -3.67321e-06 1 5.55112e-17 -0.0142215 0.17 0.00615214 0.0064 -0.0192 
2.37768 1.60982e-15 -2.77556e-17 1 1 3.67321e-06 -1.60982e-15 -3.67321e-06 1 5.55112e-17 -0.0142215 0.17 -5.50981e-07 0.0124 -0.0128 
2.37657 0 1.58207e-15 -1 -3.67321e-06 1 1.58207e-15 1 3.67321e-06 -5.55112e-17 -0.0326796 0.00384676 0.16 0.0162 -0.0244 
2.37195 0 0 1 -3.67321e-06 1 0 -1 -3.67321e-06 5.55112e-17 -0.0128162 0.00739407 -0.15 0.0128 -0.0278 
2.36201 0 0 -1 -3.67321e-06 1 0 1 3.67321e-06 -5.55112e-17 -0.0128162 -5.50981e-07 0.14 0.0202 -0.0204 
2.33982 0 0 -1 1 3.67321e-06 -5.55112e-17 3.67321e-06 -1 -5.55112e-17 0.0167623 0.17 -0.00739407 0.0052 -0.0204 
2.33929 0 0 1 -3.67321e-06 1 0 -1 -3.67321e-06 5.55112e-17 -0.0211527 -0.00384786 -0.16 0.0238 -0.0164 
2.33504 0 -1.58207e-15 1 3.67321e-06 -1 -1.58207e-15 1 3.67321e-06 -5.55112e-17 -0.0388323 0.0100006 0.16 0.0298 -0.0104 
2.31219 0 0 1 3.67321e-06 -1 0 1 3.67321e-06 -5.55112e-17 -0.0396108 -0.00384676 0.16 0.0162 -0.0244 
2.30626 1.60982e-15 0 -1 1 3.67321e-06 1.60982e-15 3.67321e-06 -1 -5.55112e-17 0.00423656 0.17 -0.00615214 0.0064 -0.0192 
2.30538 0 0 1 -1 -3.67321e-06 5.55112e-17 3.67321e-06 -1 -5.55112e-17 0.0315515 -0.16 0.00739517 0.0198 -0.0054 
2.30538 0 0 1 -1 -3.67321e-06 5.55112e-17 3.67321e-06 -1 -5.55112e-17 0.0315515 -0.16 5.50981e-07 0.0124 -0.0128 
2.30538 0 0 1 -1 -3.67321e-06 5.55112e-17 3.67321e-06 -1 -5.55112e-17 0.0315515 -0.16 -0.00739407 0.0052 -0.0204 
2.30325 0 0 1 -1 -3.67321e-06 5.55112e-17 3.67321e-06 -1 -5.55112e-17 0.0389462 -0.16 5.50981e-07 0.0124 -0.0128 
2.30325 0 0 1 -1 -3.67321e-06 5.55112e-17 3.67321e-06 -1 -5.55112e-17 0.0389462 -0.16 0.00739517 0.0198 -0.0054 
2.30324 0 0 1 -1 -3.67321e-06 5.55112e-17 3.67321e-06 -1 -5.55112e-17 0.0389462 -0.16 -0.00739407 0.0052 -0.0204 
2.30143 0 -1.58207e-15 1 3.67321e-06 -1 -1.58207e-15 1 3.67321e-06 -5.55112e-17 -0.0326796 0.0100006 0.16 0.0298 -0.0104 
2.30105 0 -1.58207e-15 1 3.67321e-06 -1 -1.58207e-15 1 3.67321e-06 -5.55112e-17 -0.0326796 0.00384786 0.16 0.0238 -0.0168 
2.29402 5.55112e-17 1.58207e-15 1 -3.67321e-06 1 -1.60982e-15 -1 -3.67321e-06 5.55112e-17 -0.0388323 0.00384676 -0.16 0.0162 -0.0244 
2.28408 -5.55112e-17 -1.58207e-15 -1 3.67321e-06 -1 1.60982e-15 -1 -3.67321e-06 5.55112e-17 -0.0388323 0.00384786 -0.16 0.0238 -0.0164 
2.28408 -5.55112e-17 -1.58207e-15 -1 3.67321e-06 -1 1.60982e-15 -1 -3.67321e-06 5.55112e-17 -0.0388323 0.0100006 -0.16 0.0298 -0.0104 
2.27552 0 0 1 1 3.67321e-06 -5.55112e-17 -3.67321e-06 1 5.55112e-17 -0.0276054 0.17 -0.00739517 0.0198 -0.0054 
2.2755 0 0 1 1 3.67321e-06 -5.55112e-17 -3.67321e-06 1 5.55112e-17 -0.0276054 0.17 -5.50981e-07 0.0124 -0.0128 
2.26358 -1.60982e-15 0 1 -1 -3.67321e-06 -1.60982e-15 3.67321e-06 -1 -5.55112e-17 0.00423656 -0.15 5.50981e-07 0.0124 -0.0128 
2.26351 -1.60982e-15 0 1 -1 -3.67321e-06 -1.60982e-15 3.67321e-06 -1 -5.55112e-17 0.00423656 -0.15 -0.00615214 0.0064 -0.0192 
2.23702 -0.971125 -0.238571 1.11022e-16 -0.238571 0.971126 3.60822e-16 -1.66533e-16 3.33067e-16 -1 -0.117958 -0.0228366 0.0177845 0.0218 -0.0222 
2.2351 -5.55112e-17 -1.58207e-15 -1 3.67321e-06 -1 1.60982e-15 -1 -3.67321e-06 5.55112e-17 -0.0265269 0.0100006 -0.16 0.0298 -0.0104 
2.23451 -5.55112e-17 -1.58207e-15 -1 3.67321e-06 -1 1.60982e-15 -1 -3.67321e-06 5.55112e-17 -0.0265269 0.00384786 -0.16 0.0238 -0.0168 
2.22122 0 0 1 -1 -3.67321e-06 5.55112e-17 3.67321e-06 -1 -5.55112e-17 0.0179431 -0.15 5.50981e-07 0.0124 -0.0128 
2.22122 0 0 1 -1 -3.67321e-06 5.55112e-17 3.67321e-06 -1 -5.55112e-17 0.0179431 -0.15 0.00794365 0.0204 -0.0052 
2.22118 0 0 1 -1 -3.67321e-06 5.55112e-17 3.67321e-06 -1 -5.55112e-17 0.0179431 -0.15 -0.00794254 0.0044 -0.0208 
2.21467 0 0 1 -3.67321e-06 1 0 -1 -3.67321e-06 5.55112e-17 -0.0276054 0.00739407 -0.14 0.0128 -0.0278 
2.21461 0 0 1 -3.67321e-06 1 0 -1 -3.67321e-06 5.55112e-17 -0.0276054 -5.50981e-07 -0.14 0.0202 -0.0204 
2.19633 -5.55112e-17 -1.58207e-15 -1 3.67321e-06 -1 1.60982e-15 -1 -3.67321e-06 5.55112e-17 -0.0203742 0.0100006 -0.16 0.0298 -0.0104 
2.19604 -5.55112e-17 -1.58207e-15 -1 3.67321e-06 -1 1.60982e-15 -1 -3.67321e-06 5.55112e-17 -0.0203742 0.00384786 -0.16 0.0238 -0.0168 
2.1721 0 0 -1 3.67321e-06 -1 0 -1 -3.67321e-06 5.55112e-17 -0.0273054 -0.00384676 -0.16 0.0162 -0.0244 
2.16 0 0 -1 3.67321e-06 -1 0 -1 -3.67321e-06 5.55112e-17 -0.0211527 -0.00384676 -0.16 0.0162 -0.0244 
2.15468 -5.55112e-17 -1.58207e-15 -1 3.67321e-06 -1 1.60982e-15 -1 -3.67321e-06 5.55112e-17 -0.0326796 0.0100006 -0.16 0.0298 -0.0104 
2.12821 0 0 1 -3.67321e-06 1 0 -1 -3.67321e-06 5.55112e-17 -0.035 -5.50981e-07 -0.15 0.0202 -0.0204 
2.12791 0 0 1 -3.67321e-06 1 0 -1 -3.67321e-06 5.55112e-17 -0.035 0.00739407 -0.15 0.0128 -0.0278 
2.12238 1.60982e-15 -2.77556e-17 1 1 3.67321e-06 -1.60982e-15 -3.67321e-06 1 5.55112e-17 -0.00806883 0.17 -0.00615325 0.0188 -0.0068 
2.12235 1.60982e-15 -2.77556e-17 1 1 3.67321e-06 -1.60982e-15 -3.67321e-06 1 5.55112e-17 -0.00806883 0.17 0.00615214 0.0064 -0.0192 
2.10925 -5.55112e-17 -1.58207e-15 -1 3.67321e-06 -1 1.60982e-15 -1 -3.67321e-06 5.55112e-17 -0.0326796 0.00384786 -0.16 0.0238 -0.0164 
2.10592 1 3.67321e-06 -5.55112e-17 3.67321e-06 -1 0 0 0 -1 0.115 5.50981e-07 0.0147892 0.0202 -0.0204 
2.10591 1 3.67321e-06 -5.55112e-17 3.67321e-06 -1 0 0 0 -1 0.115 -0.00739407 0.0147892 0.0128 -0.0278 
2.105 0 0 -1 3.67321e-06 -1 0 -1 -3.67321e-06 5.55112e-17 -0.0334581 -0.00384676 -0.16 0.0162 -0.0244 
2.09905 -1 -3.67321e-06 5.55112e-17 -3.67321e-06 1 0 0 0 -1 -0.165 -0.00384786 0.0061527 0.0238 -0.0164 
2.09871 -1 -3.67321e-06 0 -3.67321e-06 1 -2.77556e-17 0 0 -1 -0.115 0.00384676 0.0061527 0.0164 -0.0242 
2.08403 0 0 1 1 3.67321e-06 -5.55112e-17 -3.67321e-06 1 5.55112e-17 -0.0178793 0.17 -0.00894021 0.0214 -0.0038 
2.08073 -1.60982e-15 2.77556e-17 -1 -1 -3.67321e-06 1.60982e-15 -3.67321e-06 1 5.55112e-17 0.0226946 -0.15 -5.50981e-07 0.0124 -0.0128 
2.08069 -1.60982e-15 2.77556e-17 -1 -1 -3.67321e-06 1.60982e-15 -3.67321e-06 1 5.55112e-17 0.0226946 -0.15 -0.00615325 0.0188 -0.0068 
2.06728 0 0 1 -1 -3.67321e-06 5.55112e-17 3.67321e-06 -1 -5.55112e-17 0.0157635 -0.16 0.00615325 0.0188 -0.0068 
2.06728 0 0 1 -1 -3.67321e-06 5.55112e-17 3.67321e-06 -1 -5.55112e-17 0.0157635 -0.16 5.50981e-07 0.0124 -0.0128 
2.06727 0 0 1 -1 -3.67321e-06 5.55112e-17 3.67321e-06 -1 -5.55112e-17 0.0157635 -0.16 -0.00615214 0.0064 -0.0192 
2.03974 0 0 1 1 3.67321e-06 -5.55112e-17 -3.67321e-06 1 5.55112e-17 0.00936768 0.17 -0.00739517 0.0198 -0.0054 
2.03972 0 0 1 1 3.67321e-06 -5.55112e-17 -3.67321e-06 1 5.55112e-17 0.00936768 0.17 0.00739407 0.0052 -0.0204 
2.03972 0 0 1 1 3.67321e-06 -5.55112e-17 -3.67321e-06 1 5.55112e-17 0.00936768 0.17 -5.50981e-07 0.0124 -0.0128 
2.03741 0 1.58207e-15 -1 -3.67321e-06 1 1.58207e-15 1 3.67321e-06 -5.55112e-17 -0.00806883 0.00384676 0.15 0.0162 -0.0244 
1.98952 1.60982e-15 -2.77556e-17 1 1 3.67321e-06 -1.60982e-15 -3.67321e-06 1 5.55112e-17 -0.0203742 0.17 -0.00615325 0.0188 -0.0068 
1.98947 1.60982e-15 -2.77556e-17 1 1 3.67321e-06 -1.60982e-15 -3.67321e-06 1 5.55112e-17 -0.0203742 0.17 0.00615214 0.0064 -0.0192 
1.98947 1.60982e-15 -2.77556e-17 1 1 3.67321e-06 -1.60982e-15 -3.67321e-06 1 5.55112e-17 -0.0203742 0.17 -5.50981e-07 0.0124 -0.0128 
1.97352 1.60982e-15 0 -1 1 3.67321e-06 1.60982e-15 3.67321e-06 -1 -5.55112e-17 0.0103893 0.17 5.50981e-07 0.0124 -0.0128 
1.95676 0 0 1 1 3.67321e-06 -5.55112e-17 -3.67321e-06 1 5.55112e-17 0.026819 0.17 -0.00894021 0.0214 -0.0042 
1.95675 0 0 1 1 3.67321e-06 -5.55112e-17 -3.67321e-06 1 5.55112e-17 0.026819 0.17 0.00893911 0.0034 -0.0218 
1.95674 0 0 1 1 3.67321e-06 -5.55112e-17 -3.67321e-06 1 5.55112e-17 0.026819 0.17 -5.50981e-07 0.0124 -0.0128 
1.8874 1.60982e-15 -2.77556e-17 1 1 3.67321e-06 -1.60982e-15 -3.67321e-06 1 5.55112e-17 -0.00191614 0.17 0.00615214 0.0064 -0.0192 
1.88738 1.60982e-15 -2.77556e-17 1 1 3.67321e-06 -1.60982e-15 -3.67321e-06 1 5.55112e-17 -0.00191614 0.17 -5.50981e-07 0.0124 -0.0128 
1.88738 1.60982e-15 -2.77556e-17 1 1 3.67321e-06 -1.60982e-15 -3.67321e-06 1 5.55112e-17 -0.00191614 0.17 -0.00615325 0.0188 -0.0068 
1.86522 0 0 1 1 3.67321e-06 -5.55112e-17 -3.67321e-06 1 5.55112e-17 0.0357586 0.17 -0.00894021 0.0214 -0.0038 
1.8652 0 0 1 1 3.67321e-06 -5.55112e-17 -3.67321e-06 1 5.55112e-17 0.0357586 0.17 0.00893911 0.0034 -0.0218 
1.8652 0 0 1 1 3.67321e-06 -5.55112e-17 -3.67321e-06 1 5.55112e-17 0.0357586 0.17 -5.50981e-07 0.0124 -0.0128 
1.85 0 0 1 1 3.67321e-06 -5.55112e-17 -3.67321e-06 1 5.55112e-17 -0.035 0.17 0.00739407 0.0052 -0.0204 
1.83266 0 0 1 -1 -3.67321e-06 5.55112e-17 3.67321e-06 -1 -5.55112e-17 0.0417724 -0.15 0.00794365 0.0204 -0.0048 
1.83265 0 0 1 -1 -3.67321e-06 5.55112e-17 3.67321e-06 -1 -5.55112e-17 0.0417724 -0.15 5.50981e-07 0.0124 -0.0128 
1.83264 0 0 1 -1 -3.67321e-06 5.55112e-17 3.67321e-06 -1 -5.55112e-17 0.0417724 -0.15 -0.00794254 0.0044 -0.0208 
1.8239 0 0 1 -1 -3.67321e-06 5.55112e-17 3.67321e-06 -1 -5.55112e-17 0.0338293 -0.15 -0.00794254 0.0044 -0.0208 
1.81405 0 0 1 -1 -3.67321e-06 5.55112e-17 3.67321e-06 -1 -5.55112e-17 0.0338293 -0.15 0.00794365 0.0204 -0.0048 
1.81403 0 0 1 -1 -3.67321e-06 5.55112e-17 3.67321e-06 -1 -5.55112e-17 0.0338293 -0.15 5.50981e-07 0.0124 -0.0128 
1.8044 -1 -3.67321e-06 0 -3.67321e-06 1 -2.77556e-17 0 0 -1 -0.115 0.00384676 6.93889e-18 0.0164 -0.0242 
1.79994 -1 -3.67321e-06 5.55112e-17 -3.67321e-06 1 0 0 0 -1 -0.165 -0.0100006 -2.77556e-17 0.03 -0.0104 
1.79924 0 0 1 -1 -3.67321e-06 5.55112e-17 3.67321e-06 -1 -5.55112e-17 0.0258862 -0.15 0.00794365 0.0204 -0.0052 
1.79921 0 0 1 -1 -3.67321e-06 5.55112e-17 3.67321e-06 -1 -5.55112e-17 0.0258862 -0.15 -0.00794254 0.0044 -0.0208 
1.7961 0 0 1 -3.67321e-06 1 0 -1 -3.67321e-06 5.55112e-17 -0.0211527 -0.0100006 -0.14 0.03 -0.0104 
1.79157 0 0 1 -1 -3.67321e-06 5.55112e-17 3.67321e-06 -1 -5.55112e-17 0.0219162 -0.16 0.00615325 0.0188 -0.0068 
1.79156 0 0 1 -1 -3.67321e-06 5.55112e-17 3.67321e-06 -1 -5.55112e-17 0.0219162 -0.16 5.50981e-07 0.0124 -0.0128 
1.78532 0 0 -1 -3.67321e-06 1 0 1 3.67321e-06 -5.55112e-17 -0.0202108 -5.50981e-07 0.15 0.0202 -0.0204 
1.7793 0 0 -1 1 3.67321e-06 -5.55112e-17 3.67321e-06 -1 -5.55112e-17 0.0357586 0.17 5.50981e-07 0.0124 -0.0128 
1.69442 -1.60982e-15 0 1 -1 -3.67321e-06 -1.60982e-15 3.67321e-06 -1 -5.55112e-17 0.0103893 -0.15 5.50981e-07 0.0124 -0.0128 
1.69431 -1.60982e-15 0 1 -1 -3.67321e-06 -1.60982e-15 3.67321e-06 -1 -5.55112e-17 0.0103893 -0.15 -0.00615214 0.0064 -0.0192 
1.69429 -1.60982e-15 0 1 -1 -3.67321e-06 -1.60982e-15 3.67321e-06 -1 -5.55112e-17 0.0103893 -0.15 0.00615325 0.0188 -0.0068 
1.6818 0 0 1 1 3.67321e-06 -5.55112e-17 -3.67321e-06 1 5.55112e-17 0.0167623 0.17 0.00739407 0.0052 -0.0204 
1.6818 0 0 1 1 3.67321e-06 -5.55112e-17 -3.67321e-06 1 5.55112e-17 0.0167623 0.17 -5.50981e-07 0.0124 -0.0128 
1.66378 -3.56714e-06 0.971127 0.238567 -8.76306e-07 0.238567 -0.971127 -1 -3.67321e-06 -2.77556e-16 -0.0260169 -0.0210398 -0.1625 0.0128 -0.0088 
1.65163 0 0 1 -3.67321e-06 1 0 -1 -3.67321e-06 5.55112e-17 -0.015 -0.0100006 -0.14 0.03 -0.0104 
1.6382 0 0 -1 -1 -3.67321e-06 5.55112e-17 -3.67321e-06 1 5.55112e-17 0.0280689 -0.15 -0.00615325 0.0188 -0.0068 
1.62953 1.60982e-15 -2.77556e-17 1 1 3.67321e-06 -1.60982e-15 -3.67321e-06 1 5.55112e-17 -0.0265269 0.17 -0.00615325 0.0188 -0.0068 
1.62953 1.60982e-15 -2.77556e-17 1 1 3.67321e-06 -1.60982e-15 -3.67321e-06 1 5.55112e-17 -0.0265269 0.17 0.00615214 0.0064 -0.0192 
1.62934 0 1.58207e-15 -1 -3.67321e-06 1 1.58207e-15 1 3.67321e-06 -5.55112e-17 -0.0142215 0.00384676 0.15 0.0162 -0.0244 
1.61705 1.60982e-15 -2.77556e-17 1 1 3.67321e-06 -1.60982e-15 -3.67321e-06 1 5.55112e-17 0.00423656 0.17 0.00615214 0.0064 -0.0192 
1.61705 1.60982e-15 -2.77556e-17 1 1 3.67321e-06 -1.60982e-15 -3.67321e-06 1 5.55112e-17 0.00423656 0.17 -5.50981e-07 0.0124 -0.0128 
1.61703 1.60982e-15 -2.77556e-17 1 1 3.67321e-06 -1.60982e-15 -3.67321e-06 1 5.55112e-17 0.00423656 0.17 -0.00615325 0.0188 -0.0068 
1.59665 1.60982e-15 0 -1 1 3.67321e-06 1.60982e-15 3.67321e-06 -1 -5.55112e-17 -0.0142215 0.17 5.50981e-07 0.0124 -0.0128 
1.59618 0 0 1 -1 -3.67321e-06 5.55112e-17 3.67321e-06 -1 -5.55112e-17 0.0280689 -0.16 0.00615325 0.0188 -0.0068 
1.59618 0 0 1 -1 -3.67321e-06 5.55112e-17 3.67321e-06 -1 -5.55112e-17 0.0280689 -0.16 5.50981e-07 0.0124 -0.0128 
1.59618 0 0 1 -1 -3.67321e-06 5.55112e-17 3.67321e-06 -1 -5.55112e-17 0.0280689 -0.16 -0.00615214 0.0064 -0.0192 
1.59587 0 0 1 -1 -3.67321e-06 5.55112e-17 3.67321e-06 -1 -5.55112e-17 0.0342215 -0.16 0.00615325 0.0188 -0.0068 
1.59587 0 0 1 -1 -3.67321e-06 5.55112e-17 3.67321e-06 -1 -5.55112e-17 0.0342215 -0.16 -0.00615214 0.0064 -0.0192 
1.59587 0 0 1 -1 -3.67321e-06 5.55112e-17 3.67321e-06 -1 -5.55112e-17 0.0342215 -0.16 5.50981e-07 0.0124 -0.0128 
1.59136 0 0 1 -1 -3.67321e-06 5.55112e-17 3.67321e-06 -1 -5.55112e-17 0.0403742 -0.16 0.00615325 0.0184 -0.0068 
1.59136 0 0 1 -1 -3.67321e-06 5.55112e-17 3.67321e-06 -1 -5.55112e-17 0.0403742 -0.16 5.50981e-07 0.0124 -0.0128 
1.59135 0 0 1 -1 -3.67321e-06 5.55112e-17 3.67321e-06 -1 -5.55112e-17 0.0403742 -0.16 -0.00615214 0.0064 -0.0192 
1.57123 0 0 -1 -3.67321e-06 1 0 1 3.67321e-06 -5.55112e-17 -0.015 -0.0100006 0.15 0.03 -0.0104 
1.48586 0 0 -1 -3.67321e-06 1 0 1 3.67321e-06 -5.55112e-17 -0.015 -0.00384786 0.14 0.0238 -0.0164 
1.47419 0 0 -1 -1 -3.67321e-06 5.55112e-17 -3.67321e-06 1 5.55112e-17 0.0389462 -0.15 -5.50981e-07 0.0124 -0.0128 
1.46488 0 0 -1 3.67321e-06 -1 0 -1 -3.67321e-06 5.55112e-17 -0.0396108 -0.00384676 -0.15 0.0162 -0.0244 
1.46459 -1 -3.67321e-06 0 -3.67321e-06 1 -2.77556e-17 0 0 -1 -0.115 0.00384676 0.0123054 0.0164 -0.0242 
1.44911 0 0 1 -3.67321e-06 1 0 -1 -3.67321e-06 5.55112e-17 -0.0396108 -0.0100006 -0.15 0.03 -0.0104 
1.4491 0 0 1 -3.67321e-06 1 0 -1 -3.67321e-06 5.55112e-17 -0.0396108 -0.00384786 -0.15 0.0238 -0.0168 
1.4342 0 0 -1 -1 -3.67321e-06 5.55112e-17 -3.67321e-06 1 5.55112e-17 -0.0128162 -0.17 0.00739407 0.0052 -0.0204 
1.4212 0 -1.58207e-15 1 3.67321e-06 -1 -1.58207e-15 1 3.67321e-06 -5.55112e-17 -0.0388323 0.00384786 0.15 0.0238 -0.0168 
1.41816 -1 -3.67321e-06 0 -3.67321e-06 1 -2.77556e-17 0 0 -1 -0.115 0.00384676 0.0184581 0.0164 -0.0242 
1.41683 0 0 1 1 3.67321e-06 -5.55112e-17 -3.67321e-06 1 5.55112e-17 0.0241569 0.17 -5.50981e-07 0.0124 -0.0128 
1.41683 0 0 1 1 3.67321e-06 -5.55112e-17 -3.67321e-06 1 5.55112e-17 0.0241569 0.17 0.00739407 0.0052 -0.0204 
1.41683 0 0 1 1 3.67321e-06 -5.55112e-17 -3.67321e-06 1 5.55112e-17 0.0241569 0.17 -0.00739517 0.0198 -0.0054 
1.41338 0 0 -1 -3.67321e-06 1 0 1 3.67321e-06 -5.55112e-17 -0.0396108 -0.00384786 0.14 0.0238 -0.0164 
1.41224 -1 -3.67321e-06 5.55112e-17 -3.67321e-06 1 0 0 0 -1 -0.165 -0.00384786 0.0184581 0.0238 -0.0164 
1.4119 8.76307e-07 -0.238567 0.971127 -3.56715e-06 0.971127 0.238567 -1 -3.67321e-06 1.11022e-16 0.0377907 0.0154246 -0.1625 0.0064 -0.0148 
1.38842 -1.60982e-15 0 1 -1 -3.67321e-06 -1.60982e-15 3.67321e-06 -1 -5.55112e-17 0.0165419 -0.15 5.50981e-07 0.0124 -0.0128 
1.3884 -1.60982e-15 0 1 -1 -3.67321e-06 -1.60982e-15 3.67321e-06 -1 -5.55112e-17 0.0165419 -0.15 -0.00615214 0.0064 -0.0192 
1.38836 -1.60982e-15 0 1 -1 -3.67321e-06 -1.60982e-15 3.67321e-06 -1 -5.55112e-17 0.0165419 -0.15 0.00615325 0.0188 -0.0068 
1.38809 8.76307e-07 -0.238567 0.971127 -3.56715e-06 0.971127 0.238567 -1 -3.67321e-06 1.11022e-16 0.040199 0.00562127 -0.1625 0.0168 -0.0048 
1.38429 0 0 1 -1 -3.67321e-06 5.55112e-17 3.67321e-06 -1 -5.55112e-17 -0.0276054 -0.17 0.00739517 0.0198 -0.0054 
1.38427 0 0 1 -1 -3.67321e-06 5.55112e-17 3.67321e-06 -1 -5.55112e-17 -0.0276054 -0.17 -0.00739407 0.0052 -0.0204 
1.37454 1.60982e-15 -2.77556e-17 1 1 3.67321e-06 -1.60982e-15 -3.67321e-06 1 5.55112e-17 0.0103893 0.17 0.00615214 0.0064 -0.0192 
1.37454 1.60982e-15 -2.77556e-17 1 1 3.67321e-06 -1.60982e-15 -3.67321e-06 1 5.55112e-17 0.0103893 0.17 -5.50981e-07 0.0124 -0.0128 
1.37453 1.60982e-15 -2.77556e-17 1 1 3.67321e-06 -1.60982e-15 -3.67321e-06 1 5.55112e-17 0.0103893 0.17 -0.00615325 0.0188 -0.0068 
1.37399 0 0 1 -3.67321e-06 1 0 -1 -3.67321e-06 5.55112e-17 -0.0334581 -0.0100006 -0.15 0.03 -0.0104 
1.36982 1.60982e-15 0 -1 1 3.67321e-06 1.60982e-15 3.67321e-06 -1 -5.55112e-17 -0.0203742 0.17 5.50981e-07 0.0124 -0.0128 
1.36467 1.60982e-15 -2.77556e-17 1 1 3.67321e-06 -1.60982e-15 -3.67321e-06 1 5.55112e-17 -0.0326796 0.17 -0.00615325 0.0188 -0.0068 
1.36467 1.60982e-15 -2.77556e-17 1 1 3.67321e-06 -1.60982e-15 -3.67321e-06 1 5.55112e-17 -0.0326796 0.17 -5.50981e-07 0.0124 -0.0128 
1.36467 1.60982e-15 -2.77556e-17 1 1 3.67321e-06 -1.60982e-15 -3.67321e-06 1 5.55112e-17 -0.0326796 0.17 0.00615214 0.0064 -0.0192 
1.28516 1 3.67321e-06 -3.16414e-15 3.16414e-15 -5.55112e-17 1 3.67321e-06 -1 -5.55112e-17 0.135 -0.00769463 0.00615325 0.0188 -0.0068 
1.28516 1 3.67321e-06 -3.16414e-15 3.16414e-15 -5.55112e-17 1 3.67321e-06 -1 -5.55112e-17 0.135 -0.00769463 5.50981e-07 0.0124 -0.0128 
1.27844 0 0 1 1 3.67321e-06 -5.55112e-17 -3.67321e-06 1 5.55112e-17 0.0389462 0.17 -0.00739517 0.0198 -0.0054 
1.27844 0 0 1 1 3.67321e-06 -5.55112e-17 -3.67321e-06 1 5.55112e-17 0.0389462 0.17 -5.50981e-07 0.0124 -0.0128 
1.27843 0 0 1 1 3.67321e-06 -5.55112e-17 -3.67321e-06 1 5.55112e-17 0.0389462 0.17 0.00739407 0.0052 -0.0204 
1.27303 0 0 -1 -1 -3.67321e-06 5.55112e-17 -3.67321e-06 1 5.55112e-17 -0.0202108 -0.17 -0.00739517 0.0198 -0.0054 
1.27063 0 0 1 1 3.67321e-06 -5.55112e-17 -3.67321e-06 1 5.55112e-17 0.0315515 0.17 -5.50981e-07 0.0124 -0.0128 
1.27063 0 0 1 1 3.67321e-06 -5.55112e-17 -3.67321e-06 1 5.55112e-17 0.0315515 0.17 -0.00739517 0.0198 -0.0054 
1.27062 0 0 1 1 3.67321e-06 -5.55112e-17 -3.67321e-06 1 5.55112e-17 0.0315515 0.17 0.00739407 0.0052 -0.0204 
1.26339 1 3.67321e-06 -5.55112e-17 -5.55112e-17 -5.55112e-17 1 3.67321e-06 -1 -5.55112e-17 0.135 -0.01 0.00615325 0.0188 -0.0068 
1.22999 0 0 1 -1 -3.67321e-06 5.55112e-17 3.67321e-06 -1 -5.55112e-17 -0.035 -0.17 0.00739517 0.0198 -0.0054 
1.22687 0 0 1 -3.67321e-06 1 0 -1 -3.67321e-06 5.55112e-17 0.0167623 0.00739407 -0.16 0.0124 -0.0078 
1.21007 1 3.67321e-06 -3.16414e-15 3.16414e-15 -5.55112e-17 1 3.67321e-06 -1 -5.55112e-17 0.135 -0.0138473 0.00615325 0.0188 -0.0068 
1.21006 1 3.67321e-06 -3.16414e-15 3.16414e-15 -5.55112e-17 1 3.67321e-06 -1 -5.55112e-17 0.135 -0.0138473 5.50981e-07 0.0124 -0.0128 
1.21006 1 3.67321e-06 -3.16414e-15 3.16414e-15 -5.55112e-17 1 3.67321e-06 -1 -5.55112e-17 0.135 -0.0138473 -0.00615214 0.0064 -0.0192 
1.1988 8.76307e-07 -0.238567 -0.971127 -3.56715e-06 0.971127 -0.238567 1 3.67321e-06 0 0.040199 0.00562127 0.1625 0.0164 -0.0048 
1.19531 0 0 1 -1 -3.67321e-06 5.55112e-17 3.67321e-06 -1 -5.55112e-17 0.0219162 -0.15 -0.00615214 0.0064 -0.0192 
1.19368 8.76307e-07 -0.238567 -0.971127 -3.56715e-06 0.971127 -0.238567 1 3.67321e-06 0 0.0377907 0.0154246 0.1625 0.0064 -0.0148 
1.19356 -1 -3.67321e-06 5.55112e-17 -5.55112e-17 -5.55112e-17 1 -3.67321e-06 1 5.55112e-17 -0.185 0.00739462 -0.00739517 0.0198 -0.0054 
1.19355 -1 -3.67321e-06 5.55112e-17 -5.55112e-17 -5.55112e-17 1 -3.67321e-06 1 5.55112e-17 -0.185 0.00739462 0.00739407 0.0052 -0.0204 
1.19355 -1 -3.67321e-06 5.55112e-17 -5.55112e-17 -5.55112e-17 1 -3.67321e-06 1 5.55112e-17 -0.185 0.00739462 -5.50981e-07 0.0124 -0.0128 
1.17128 -1.60982e-15 0 1 -1 -3.67321e-06 -1.60982e-15 3.67321e-06 -1 -5.55112e-17 0.0226946 -0.15 -0.00615214 0.0064 -0.0192 
1.17093 1.60982e-15 -2.77556e-17 1 1 3.67321e-06 -1.60982e-15 -3.67321e-06 1 5.55112e-17 0.0165419 0.17 0.00615214 0.0064 -0.0192 
1.17091 1.60982e-15 -2.77556e-17 1 1 3.67321e-06 -1.60982e-15 -3.67321e-06 1 5.55112e-17 0.0165419 0.17 -0.00615325 0.0188 -0.0068 
1.17064 1.60982e-15 -2.77556e-17 1 1 3.67321e-06 -1.60982e-15 -3.67321e-06 1 5.55112e-17 -0.0388323 0.17 -0.00615325 0.0188 -0.0068 
1.17064 1.60982e-15 -2.77556e-17 1 1 3.67321e-06 -1.60982e-15 -3.67321e-06 1 5.55112e-17 -0.0388323 0.17 0.00615214 0.0064 -0.0192 
1.17058 1 3.67321e-06 -5.55112e-17 -5.55112e-17 -5.55112e-17 1 3.67321e-06 -1 -5.55112e-17 0.135 -0.0161527 0.00615325 0.0188 -0.0068 
1.17057 1 3.67321e-06 -5.55112e-17 -5.55112e-17 -5.55112e-17 1 3.67321e-06 -1 -5.55112e-17 0.135 -0.0161527 5.50981e-07 0.0124 -0.0128 
1.17057 1 3.67321e-06 -5.55112e-17 -5.55112e-17 -5.55112e-17 1 3.67321e-06 -1 -5.55112e-17 0.135 -0.0161527 -0.00615214 0.0064 -0.0192 
1.13708 0 0 -1 -3.67321e-06 1 0 1 3.67321e-06 -5.55112e-17 -0.0211527 -0.00384786 0.14 0.0238 -0.0164 
1.12961 0 0 1 -3.67321e-06 1 0 -1 -3.67321e-06 5.55112e-17 -0.00884732 -0.0100006 -0.14 0.03 -0.0104 
1.10757 0 0 -1 1 3.67321e-06 -5.55112e-17 3.67321e-06 -1 -5.55112e-17 0.0389462 0.17 5.50981e-07 0.0124 -0.0128 
1.09651 -1 -3.67321e-06 5.55112e-17 5.55112e-17 5.55112e-17 -1 3.67321e-06 -1 -5.55112e-17 -0.185 -0.00739462 0.00739517 0.0198 -0.0054 
1.0965 -1 -3.67321e-06 5.55112e-17 5.55112e-17 5.55112e-17 -1 3.67321e-06 -1 -5.55112e-17 -0.185 -0.00739462 -0.00739407 0.0052 -0.0204 
1.09649 -1 -3.67321e-06 5.55112e-17 5.55112e-17 5.55112e-17 -1 3.67321e-06 -1 -5.55112e-17 -0.185 -0.00739462 5.50981e-07 0.0124 -0.0128 
1.09449 -1.60982e-15 0 1 -1 -3.67321e-06 -1.60982e-15 3.67321e-06 -1 -5.55112e-17 0.0411527 -0.15 5.50981e-07 0.0124 -0.0128 
1.09449 -1.60982e-15 0 1 -1 -3.67321e-06 -1.60982e-15 3.67321e-06 -1 -5.55112e-17 0.0411527 -0.15 0.00615325 0.0188 -0.0068 
1.09442 -1.60982e-15 0 1 -1 -3.67321e-06 -1.60982e-15 3.67321e-06 -1 -5.55112e-17 0.0411527 -0.15 -0.00615214 0.0064 -0.0192 
1.08804 1 3.67321e-06 -3.16414e-15 3.16414e-15 -5.55112e-17 1 3.67321e-06 -1 -5.55112e-17 0.135 -0.02 -0.00615214 0.0064 -0.0192 
1.08792 -1.60982e-15 0 1 -1 -3.67321e-06 -1.60982e-15 3.67321e-06 -1 -5.55112e-17 0.035 -0.15 0.00615325 0.0188 -0.0068 
1.08792 -1.60982e-15 0 1 -1 -3.67321e-06 -1.60982e-15 3.67321e-06 -1 -5.55112e-17 0.035 -0.15 5.50981e-07 0.0124 -0.0128 
1.08792 -1.60982e-15 0 1 -1 -3.67321e-06 -1.60982e-15 3.67321e-06 -1 -5.55112e-17 0.035 -0.15 -0.00615214 0.0064 -0.0192 
1.07736 -1.60982e-15 0 1 -1 -3.67321e-06 -1.60982e-15 3.67321e-06 -1 -5.55112e-17 0.0288473 -0.15 -0.00615214 0.0064 -0.0192 
1.07735 -1.60982e-15 0 1 -1 -3.67321e-06 -1.60982e-15 3.67321e-06 -1 -5.55112e-17 0.0288473 -0.15 0.00615325 0.0188 -0.0068 
1.03462 1 3.67321e-06 -5.55112e-17 -5.55112e-17 -5.55112e-17 1 3.67321e-06 -1 -5.55112e-17 0.135 -0.0223054 0.00615325 0.0188 -0.0068 
1.01232 1.60982e-15 -2.77556e-17 1 1 3.67321e-06 -1.60982e-15 -3.67321e-06 1 5.55112e-17 0.0226946 0.17 0.00615214 0.0064 -0.0192 
1.01232 1.60982e-15 -2.77556e-17 1 1 3.67321e-06 -1.60982e-15 -3.67321e-06 1 5.55112e-17 0.0226946 0.17 -0.00615325 0.0188 -0.0068 
0.994788 3.16414e-15 2.77556e-17 -1 -1 -3.67321e-06 -3.10862e-15 -3.67321e-06 1 5.55112e-17 -0.0126946 -0.17 -0.00615325 0.0188 -0.0068 
0.994777 3.16414e-15 2.77556e-17 -1 -1 -3.67321e-06 -3.10862e-15 -3.67321e-06 1 5.55112e-17 -0.0126946 -0.17 0.00615214 0.0064 -0.0192 
0.994766 3.16414e-15 2.77556e-17 -1 -1 -3.67321e-06 -3.10862e-15 -3.67321e-06 1 5.55112e-17 -0.0126946 -0.17 -5.50981e-07 0.0124 -0.0128 
0.994468 3.27516e-15 0 1 -1 -3.67321e-06 3.16414e-15 3.67321e-06 -1 -5.55112e-17 -0.025 -0.17 0.00615325 0.0188 -0.0068 
0.987287 -1.60982e-15 2.77556e-17 -1 -1 -3.67321e-06 1.60982e-15 -3.67321e-06 1 5.55112e-17 0.0411527 -0.15 -5.50981e-07 0.0124 -0.0128 
0.96254 1 3.67321e-06 -3.16414e-15 3.16414e-15 -5.55112e-17 1 3.67321e-06 -1 -5.55112e-17 0.135 -0.0261527 0.00615325 0.0188 -0.0068 
0.962488 1 3.67321e-06 -3.16414e-15 3.16414e-15 -5.55112e-17 1 3.67321e-06 -1 -5.55112e-17 0.135 -0.0261527 5.50981e-07 0.0124 -0.0128 
0.951892 1 3.67321e-06 -5.55112e-17 5.55112e-17 5.55112e-17 -1 -3.67321e-06 1 5.55112e-17 0.135 -0.01 -0.00615325 0.0188 -0.0068 
0.899338 3.16414e-15 2.77556e-17 -1 -1 -3.67321e-06 -3.10862e-15 -3.67321e-06 1 5.55112e-17 -0.0188473 -0.17 -5.50981e-07 0.0124 -0.0128 
0.883909 1.60982e-15 -2.77556e-17 1 1 3.67321e-06 -1.60982e-15 -3.67321e-06 1 5.55112e-17 0.035 0.17 0.00615214 0.0064 -0.0192 
0.883905 1.60982e-15 -2.77556e-17 1 1 3.67321e-06 -1.60982e-15 -3.67321e-06 1 5.55112e-17 0.035 0.17 -0.00615325 0.0188 -0.0068 
0.883904 1.60982e-15 -2.77556e-17 1 1 3.67321e-06 -1.60982e-15 -3.67321e-06 1 5.55112e-17 0.035 0.17 -5.50981e-07 0.0124 -0.0128 
0.882957 1.60982e-15 -2.77556e-17 1 1 3.67321e-06 -1.60982e-15 -3.67321e-06 1 5.55112e-17 0.0411527 0.17 -0.00615325 0.0188 -0.0068 
0.882955 1.60982e-15 -2.77556e-17 1 1 3.67321e-06 -1.60982e-15 -3.67321e-06 1 5.55112e-17 0.0411527 0.17 0.00615214 0.0064 -0.0192 
0.882947 1.60982e-15 -2.77556e-17 1 1 3.67321e-06 -1.60982e-15 -3.67321e-06 1 5.55112e-17 0.0411527 0.17 -5.50981e-07 0.0124 -0.0128 
0.88122 1.60982e-15 -2.77556e-17 1 1 3.67321e-06 -1.60982e-15 -3.67321e-06 1 5.55112e-17 0.0288473 0.17 -0.00615325 0.0188 -0.0068 
0.881211 1.60982e-15 -2.77556e-17 1 1 3.67321e-06 -1.60982e-15 -3.67321e-06 1 5.55112e-17 0.0288473 0.17 0.00615214 0.0064 -0.0192 
0.881208 1.60982e-15 -2.77556e-17 1 1 3.67321e-06 -1.60982e-15 -3.67321e-06 1 5.55112e-17 0.0288473 0.17 -5.50981e-07 0.0124 -0.0128 
0.869212 1.60982e-15 0 -1 1 3.67321e-06 1.60982e-15 3.67321e-06 -1 -5.55112e-17 0.035 0.17 -0.00615214 0.0064 -0.0192 
0.869207 0 0 -1 -1 -3.67321e-06 5.55112e-17 -3.67321e-06 1 5.55112e-17 -0.0211527 -0.17 0.00615214 0.0064 -0.0192 
0.86914 1.60982e-15 0 -1 1 3.67321e-06 1.60982e-15 3.67321e-06 -1 -5.55112e-17 0.035 0.17 0.00615325 0.0188 -0.0068 
0.847713 -1 -3.67321e-06 3.16414e-15 -3.16414e-15 5.55112e-17 -1 3.67321e-06 -1 -5.55112e-17 -0.185 0.0107635 5.50981e-07 0.0124 -0.0128 
0.847522 -1 -3.67321e-06 -3.10862e-15 -3.21965e-15 -8.32667e-17 1 -3.67321e-06 1 5.55112e-17 -0.185 -0.00154193 -5.50981e-07 0.0124 -0.0128 
0.839573 -1 -3.67321e-06 3.16414e-15 -3.16414e-15 5.55112e-17 -1 3.67321e-06 -1 -5.55112e-17 -0.185 0.00461076 5.50981e-07 0.0124 -0.0128 
0.839563 -1 -3.67321e-06 3.16414e-15 -3.16414e-15 5.55112e-17 -1 3.67321e-06 -1 -5.55112e-17 -0.185 0.00461076 -0.00615214 0.0064 -0.0192 
0.837603 -1 -3.67321e-06 -3.10862e-15 -3.21965e-15 -8.32667e-17 1 -3.67321e-06 1 5.55112e-17 -0.185 0.00461076 0.00615214 0.0064 -0.0192 
0.836322 -1 -3.67321e-06 3.16414e-15 -3.16414e-15 5.55112e-17 -1 3.67321e-06 -1 -5.55112e-17 -0.185 0.0169162 0.00615325 0.0188 -0.0068 
0.836317 -1 -3.67321e-06 3.16414e-15 -3.16414e-15 5.55112e-17 -1 3.67321e-06 -1 -5.55112e-17 -0.185 0.0169162 5.50981e-07 0.0124 -0.0128 
0.834648 -1 -3.67321e-06 -3.10862e-15 -3.21965e-15 -8.32667e-17 1 -3.67321e-06 1 5.55112e-17 -0.185 -0.00769463 0.00615214 0.0064 -0.0192 
0.834648 -1 -3.67321e-06 -3.10862e-15 -3.21965e-15 -8.32667e-17 1 -3.67321e-06 1 5.55112e-17 -0.185 -0.00769463 -5.50981e-07 0.0124 -0.0128 
0.824549 3.27516e-15 0 1 -1 -3.67321e-06 3.16414e-15 3.67321e-06 -1 -5.55112e-17 -0.0373054 -0.17 5.50981e-07 0.0124 -0.0128 
0.823274 3.16414e-15 2.77556e-17 -1 -1 -3.67321e-06 -3.10862e-15 -3.67321e-06 1 5.55112e-17 -0.025 -0.17 -0.00615325 0.0188 -0.0068 
0.808054 -1 -3.67321e-06 -3.10862e-15 -3.21965e-15 -8.32667e-17 1 -3.67321e-06 1 5.55112e-17 -0.185 0.0107635 -5.50981e-07 0.0124 -0.0128 
0.808053 -1 -3.67321e-06 -3.10862e-15 -3.21965e-15 -8.32667e-17 1 -3.67321e-06 1 5.55112e-17 -0.185 0.0107635 -0.00615325 0.0188 -0.0068 
0.799278 -1 -3.67321e-06 -3.10862e-15 -3.21965e-15 -8.32667e-17 1 -3.67321e-06 1 5.55112e-17 -0.185 -0.0138473 -5.50981e-07 0.0124 -0.0128 
0.799274 -1 -3.67321e-06 -3.10862e-15 -3.21965e-15 -8.32667e-17 1 -3.67321e-06 1 5.55112e-17 -0.185 -0.0138473 -0.00615325 0.0188 -0.0068 
0.793007 -8.76307e-07 0.238567 0.971127 3.56715e-06 -0.971127 0.238567 1 3.67321e-06 0 -0.0210297 0.000975918 0.1375 0.0218 -0.0218 
0.756735 -1 -3.67321e-06 3.16414e-15 -3.16414e-15 5.55112e-17 -1 3.67321e-06 -1 -5.55112e-17 -0.185 -0.00769463 5.50981e-07 0.0124 -0.0128 
0.740954 1.60982e-15 0 -1 1 3.67321e-06 1.60982e-15 3.67321e-06 -1 -5.55112e-17 0.0411527 0.17 5.50981e-07 0.0124 -0.0128 
0.692688 -1 -3.67321e-06 -3.10862e-15 -3.21965e-15 -8.32667e-17 1 -3.67321e-06 1 5.55112e-17 -0.185 -0.0261527 -0.00615325 0.0188 -0.0068 
0.668393 -8.76307e-07 0.238567 0.971127 3.56715e-06 -0.971127 0.238567 1 3.67321e-06 -5.55112e-17 0.0377904 0.0154257 0.1625 0.0144 -0.0068 
0.666503 8.76307e-07 -0.238567 0.971127 -3.56715e-06 0.971127 0.238567 -1 -3.67321e-06 0 -0.0210294 0.000974848 -0.1375 0.0214 -0.0224 
0.658691 -8.76307e-07 0.238567 0.971127 3.56715e-06 -0.971127 0.238567 1 3.67321e-06 -5.55112e-17 0.0401987 0.00562234 0.1625 0.0042 -0.0172 
0.601574 1 3.67321e-06 -5.55112e-17 -5.55112e-17 -5.55112e-17 1 3.67321e-06 -1 -5.55112e-17 0.13 -0.0157586 0.00894021 0.0214 -0.0042 
0.601563 1 3.67321e-06 -5.55112e-17 -5.55112e-17 -5.55112e-17 1 3.67321e-06 -1 -5.55112e-17 0.13 -0.0157586 -0.00893911 0.0034 -0.0218 
0.566506 0 0 -1 3.67321e-06 -1 0 -1 -3.67321e-06 5.55112e-17 0.00197307 0.00739517 -0.16 0.0074 -0.0132 
0.565865 0 0 1 3.67321e-06 -1 0 1 3.67321e-06 -5.55112e-17 -0.00542155 0.0147898 0.16 0.0148 -0.0058 
0.563796 1 3.67321e-06 -1.60982e-15 -1.55431e-15 8.32667e-17 -1 -3.67321e-06 1 5.55112e-17 0.185 0.01 0.00615214 0.0064 -0.0192 
0.563795 1 3.67321e-06 -1.60982e-15 -1.55431e-15 8.32667e-17 -1 -3.67321e-06 1 5.55112e-17 0.185 0.01 -0.00615325 0.0188 -0.0068 
0.563793 1 3.67321e-06 -1.60982e-15 -1.55431e-15 8.32667e-17 -1 -3.67321e-06 1 5.55112e-17 0.185 0.01 -5.50981e-07 0.0124 -0.0128 
0.563473 1 3.67321e-06 1.55431e-15 -1.66533e-15 -5.55112e-17 1 3.67321e-06 -1 -5.55112e-17 0.185 -0.00230538 0.00615325 0.0188 -0.0068 
0.561383 1 3.67321e-06 1.55431e-15 -1.66533e-15 -5.55112e-17 1 3.67321e-06 -1 -5.55112e-17 0.185 0.00384731 -0.00615214 0.0064 -0.0192 
0.561383 1 3.67321e-06 1.55431e-15 -1.66533e-15 -5.55112e-17 1 3.67321e-06 -1 -5.55112e-17 0.185 0.00384731 0.00615325 0.0188 -0.0068 
0.56138 1 3.67321e-06 1.55431e-15 -1.66533e-15 -5.55112e-17 1 3.67321e-06 -1 -5.55112e-17 0.185 0.00384731 5.50981e-07 0.0124 -0.0128 
0.559844 1 3.67321e-06 -1.60982e-15 -1.55431e-15 8.32667e-17 -1 -3.67321e-06 1 5.55112e-17 0.185 0.0161527 -0.00615325 0.0188 -0.0068 
0.559843 1 3.67321e-06 -1.60982e-15 -1.55431e-15 8.32667e-17 -1 -3.67321e-06 1 5.55112e-17 0.185 0.0161527 -5.50981e-07 0.0124 -0.0128 
0.559841 1 3.67321e-06 -1.60982e-15 -1.55431e-15 8.32667e-17 -1 -3.67321e-06 1 5.55112e-17 0.185 0.0161527 0.00615214 0.0064 -0.0192 
0.555331 0 0 1 -3.67321e-06 1 0 -1 -3.67321e-06 5.55112e-17 -0.00542155 0.0147887 -0.16 0.0052 -0.0154 
0.551846 0 0 1 3.67321e-06 -1 0 1 3.67321e-06 -5.55112e-17 0.00197307 0.0147898 0.16 0.0148 -0.0058 
0.551781 0 0 1 3.67321e-06 -1 0 1 3.67321e-06 -5.55112e-17 0.00197307 0.00739517 0.16 0.0074 -0.0132 
0.551257 1 3.67321e-06 -5.55112e-17 -5.55112e-17 -5.55112e-17 1 3.67321e-06 -1 -5.55112e-17 0.13 -0.0246983 -0.00893911 0.0034 -0.0218 
0.550818 1 3.67321e-06 1.55431e-15 -1.66533e-15 -5.55112e-17 1 3.67321e-06 -1 -5.55112e-17 0.185 0.01 -0.00615214 0.0064 -0.0192 
0.547547 1 3.67321e-06 -1.60982e-15 -1.55431e-15 8.32667e-17 -1 -3.67321e-06 1 5.55112e-17 0.185 0.0223054 0.00615214 0.0064 -0.0192 
0.530125 0 0 -1 -3.67321e-06 1 0 1 3.67321e-06 -5.55112e-17 0.00936768 0.0147887 0.16 0.0052 -0.0154 
0.512527 0 0 1 3.67321e-06 -1 0 1 3.67321e-06 -5.55112e-17 0.00936768 0.00739517 0.16 0.0074 -0.0132 
0.497642 -1 -3.67321e-06 5.55112e-17 5.55112e-17 5.55112e-17 -1 3.67321e-06 -1 -5.55112e-17 -0.18 0.0110604 0.00894021 0.0214 -0.0042 
0.492102 0 0 1 -3.67321e-06 1 0 -1 -3.67321e-06 5.55112e-17 0.00197307 0.00739407 -0.16 0.0124 -0.0078 
0.49034 -1 -3.67321e-06 5.55112e-17 -5.55112e-17 -5.55112e-17 1 -3.67321e-06 1 5.55112e-17 -0.18 -0.00681896 0.00893911 0.0034 -0.0218 
0.489173 0 0 -1 3.67321e-06 -1 0 -1 -3.67321e-06 5.55112e-17 0.0167623 0.00739517 -0.16 0.0074 -0.0132 
0.487796 -1 -3.67321e-06 5.55112e-17 5.55112e-17 5.55112e-17 -1 3.67321e-06 -1 -5.55112e-17 -0.18 0.0021207 -0.00893911 0.0034 -0.0218 
0.434294 0 0 1 3.67321e-06 -1 0 1 3.67321e-06 -5.55112e-17 0.0167623 0.0147898 0.16 0.0148 -0.0058 
0.434262 0 0 1 3.67321e-06 -1 0 1 3.67321e-06 -5.55112e-17 0.0167623 0.00739517 0.16 0.0074 -0.0132 
0.426069 0 0 -1 3.67321e-06 -1 0 -1 -3.67321e-06 5.55112e-17 0.0241569 0.00739517 -0.16 0.0074 -0.0132 
0.408355 0 0 1 -3.67321e-06 1 0 -1 -3.67321e-06 5.55112e-17 0.00936768 0.0147887 -0.16 0.0052 -0.0154 
0.40835 0 0 1 -3.67321e-06 1 0 -1 -3.67321e-06 5.55112e-17 0.00936768 0.00739407 -0.16 0.0124 -0.0078 
0.393814 -5.55112e-17 -1.58207e-15 -1 3.67321e-06 -1 1.60982e-15 -1 -3.67321e-06 5.55112e-17 -0.00191614 0.00384786 -0.16 0.0038 -0.0168 
0.39381 -5.55112e-17 -1.58207e-15 -1 3.67321e-06 -1 1.60982e-15 -1 -3.67321e-06 5.55112e-17 -0.00191614 0.0100006 -0.16 0.0098 -0.0104 
0.389092 0 1.58207e-15 -1 -3.67321e-06 1 1.58207e-15 1 3.67321e-06 -5.55112e-17 -0.00191614 0.00384676 0.16 0.0162 -0.0044 
0.388077 0 1.58207e-15 -1 -3.67321e-06 1 1.58207e-15 1 3.67321e-06 -5.55112e-17 0.00423656 0.0161522 0.16 0.0038 -0.0168 
0.387099 0 -1.58207e-15 1 3.67321e-06 -1 -1.58207e-15 1 3.67321e-06 -5.55112e-17 -0.00191614 0.0161533 0.16 0.0162 -0.0044 
0.38709 0 -1.58207e-15 1 3.67321e-06 -1 -1.58207e-15 1 3.67321e-06 -5.55112e-17 -0.00191614 0.00384786 0.16 0.0038 -0.0168 
0.387087 0 -1.58207e-15 1 3.67321e-06 -1 -1.58207e-15 1 3.67321e-06 -5.55112e-17 -0.00191614 0.0100006 0.16 0.0098 -0.0104 
0.37781 0 -1.58207e-15 1 3.67321e-06 -1 -1.58207e-15 1 3.67321e-06 -5.55112e-17 0.00423656 0.0100006 0.16 0.0098 -0.0104 
0.377806 0 -1.58207e-15 1 3.67321e-06 -1 -1.58207e-15 1 3.67321e-06 -5.55112e-17 0.00423656 0.00384786 0.16 0.0038 -0.0168 
0.371001 5.55112e-17 1.58207e-15 1 -3.67321e-06 1 -1.60982e-15 -1 -3.67321e-06 5.55112e-17 -0.00191614 0.00384676 -0.16 0.0162 -0.0044 
0.370979 5.55112e-17 1.58207e-15 1 -3.67321e-06 1 -1.60982e-15 -1 -3.67321e-06 5.55112e-17 -0.00191614 0.0161522 -0.16 0.0038 -0.0168 
0.348056 0 -1.58207e-15 1 3.67321e-06 -1 -1.58207e-15 1 3.67321e-06 -5.55112e-17 0.0103893 0.0100006 0.16 0.0098 -0.0104 
0.348054 0 -1.58207e-15 1 3.67321e-06 -1 -1.58207e-15 1 3.67321e-06 -5.55112e-17 0.0103893 0.00384786 0.16 0.0038 -0.0168 
0.345362 0 0 1 3.67321e-06 -1 0 1 3.67321e-06 -5.55112e-17 0.0241569 0.0147898 0.16 0.0148 -0.0058 
0.324966 5.55112e-17 1.58207e-15 1 -3.67321e-06 1 -1.60982e-15 -1 -3.67321e-06 5.55112e-17 0.00423656 0.00384676 -0.16 0.0162 -0.0044 
0.32496 5.55112e-17 1.58207e-15 1 -3.67321e-06 1 -1.60982e-15 -1 -3.67321e-06 5.55112e-17 0.00423656 0.00999946 -0.16 0.0098 -0.0104 
0.324942 5.55112e-17 1.58207e-15 1 -3.67321e-06 1 -1.60982e-15 -1 -3.67321e-06 5.55112e-17 0.00423656 0.0161522 -0.16 0.0038 -0.0168 
0.313745 0 0 1 -3.67321e-06 1 0 -1 -3.67321e-06 5.55112e-17 0.0167623 0.0147887 -0.16 0.0054 -0.0154 
0.302839 0 -1.58207e-15 1 3.67321e-06 -1 -1.58207e-15 1 3.67321e-06 -5.55112e-17 0.0165419 0.0161533 0.16 0.0162 -0.0044 
0.302837 0 -1.58207e-15 1 3.67321e-06 -1 -1.58207e-15 1 3.67321e-06 -5.55112e-17 0.0165419 0.00384786 0.16 0.0038 -0.0168 
0.302832 0 -1.58207e-15 1 3.67321e-06 -1 -1.58207e-15 1 3.67321e-06 -5.55112e-17 0.0165419 0.0100006 0.16 0.0098 -0.0104 
0.302751 0 0 1 -3.67321e-06 1 0 -1 -3.67321e-06 5.55112e-17 0.0241569 0.00739407 -0.16 0.0128 -0.0078 
0.302738 0 0 1 -3.67321e-06 1 0 -1 -3.67321e-06 5.55112e-17 0.0241569 0.0147887 -0.16 0.0054 -0.0154 
0.294588 0.238564 0.971128 0 -0.971128 0.238564 -3.33067e-16 -2.77556e-16 8.32667e-17 1 0.009723 -0.166525 -0.00240518 0.0144 -0.0088 
0.294236 0.238564 0.971128 0 -0.971128 0.238564 -3.33067e-16 -2.77556e-16 8.32667e-17 1 0.009723 -0.166525 -0.0125 0.0144 -0.0088 
0.276318 0 0 1 3.67321e-06 -1 0 1 3.67321e-06 -5.55112e-17 0.0315515 0.0147898 0.16 0.0148 -0.0058 
0.276306 0 0 1 3.67321e-06 -1 0 1 3.67321e-06 -5.55112e-17 0.0315515 0.00739517 0.16 0.0074 -0.0132 
0.273584 5.55112e-17 1.58207e-15 1 -3.67321e-06 1 -1.60982e-15 -1 -3.67321e-06 5.55112e-17 0.0103893 0.00384676 -0.16 0.0162 -0.0044 
0.273579 5.55112e-17 1.58207e-15 1 -3.67321e-06 1 -1.60982e-15 -1 -3.67321e-06 5.55112e-17 0.0103893 0.00999946 -0.16 0.0098 -0.0104 
0.273573 5.55112e-17 1.58207e-15 1 -3.67321e-06 1 -1.60982e-15 -1 -3.67321e-06 5.55112e-17 0.0103893 0.0161522 -0.16 0.0038 -0.0168 
0.272729 0 0 1 3.67321e-06 -1 0 1 3.67321e-06 -5.55112e-17 0.0389462 0.0147898 0.16 0.0148 -0.0058 
0.272615 0 0 1 3.67321e-06 -1 0 1 3.67321e-06 -5.55112e-17 0.0389462 0.00739517 0.16 0.0074 -0.0132 
0.265776 -3.67321e-06 1 2.77556e-17 -1 -3.67321e-06 5.55112e-17 0 0 1 -0.0250006 -0.17 0 0.0098 -0.0104 
0.264963 3.67321e-06 -1 -5.55112e-17 -1 -3.67321e-06 0 0 0 -1 -0.0188468 -0.17 0.0061527 0.0162 -0.0044 
0.264401 3.67321e-06 -1 -5.55112e-17 -1 -3.67321e-06 0 0 0 -1 -0.0249995 -0.17 0 0.0098 -0.0104 
0.261944 3.67321e-06 -1 -5.55112e-17 -1 -3.67321e-06 0 0 0 -1 -0.0249995 -0.17 0.0123054 0.0098 -0.0104 
0.261891 -5.55112e-17 -1.58207e-15 -1 3.67321e-06 -1 1.60982e-15 -1 -3.67321e-06 5.55112e-17 0.0288473 0.0161533 -0.16 0.0162 -0.0044 
0.26162 0 0 1 -3.67321e-06 1 0 -1 -3.67321e-06 5.55112e-17 0.0389462 0.00739407 -0.16 0.0124 -0.0078 
0.261619 0 0 1 -3.67321e-06 1 0 -1 -3.67321e-06 5.55112e-17 0.0389462 0.0147887 -0.16 0.0052 -0.0154 
0.256638 3.67321e-06 -1 -5.55112e-17 -1 -3.67321e-06 0 0 0 -1 -0.0249995 -0.17 0.0184581 0.0098 -0.0104 
0.255468 0 0 1 -3.67321e-06 1 0 -1 -3.67321e-06 5.55112e-17 0.0315515 0.0147887 -0.16 0.0054 -0.0154 
0.255462 0 0 1 -3.67321e-06 1 0 -1 -3.67321e-06 5.55112e-17 0.0315515 0.00739407 -0.16 0.0124 -0.0078 
0.249244 0 -1.58207e-15 1 3.67321e-06 -1 -1.58207e-15 1 3.67321e-06 -5.55112e-17 0.0226946 0.0161533 0.16 0.0162 -0.0044 
0.249238 0 -1.58207e-15 1 3.67321e-06 -1 -1.58207e-15 1 3.67321e-06 -5.55112e-17 0.0226946 0.0100006 0.16 0.0098 -0.0104 
0.249234 0 -1.58207e-15 1 3.67321e-06 -1 -1.58207e-15 1 3.67321e-06 -5.55112e-17 0.0226946 0.00384786 0.16 0.0038 -0.0168 
0.237332 1 3.67321e-06 -5.55112e-17 -5.55112e-17 -5.55112e-17 1 3.67321e-06 -1 -5.55112e-17 0.18 0.0021207 0.00894021 0.0214 -0.0042 
0.23732 1 3.67321e-06 -5.55112e-17 -5.55112e-17 -5.55112e-17 1 3.67321e-06 -1 -5.55112e-17 0.18 0.0021207 -0.00893911 0.0034 -0.0218 
0.236956 1 3.67321e-06 -5.55112e-17 5.55112e-17 5.55112e-17 -1 -3.67321e-06 1 5.55112e-17 0.18 0.0110604 -0.00894021 0.0214 -0.0042 
0.236952 1 3.67321e-06 -5.55112e-17 5.55112e-17 5.55112e-17 -1 -3.67321e-06 1 5.55112e-17 0.18 0.0110604 -5.50981e-07 0.0124 -0.0128 
0.236945 1 3.67321e-06 -5.55112e-17 5.55112e-17 5.55112e-17 -1 -3.67321e-06 1 5.55112e-17 0.18 0.0110604 0.00893911 0.0034 -0.0218 
0.234508 1 3.67321e-06 -5.55112e-17 -5.55112e-17 -5.55112e-17 1 3.67321e-06 -1 -5.55112e-17 0.18 -0.00681896 0.00894021 0.0214 -0.0042 
0.234464 1 3.67321e-06 -5.55112e-17 -5.55112e-17 -5.55112e-17 1 3.67321e-06 -1 -5.55112e-17 0.18 -0.00681896 5.50981e-07 0.0124 -0.0128 
0.234459 1 3.67321e-06 -5.55112e-17 -5.55112e-17 -5.55112e-17 1 3.67321e-06 -1 -5.55112e-17 0.18 -0.00681896 -0.00893911 0.0034 -0.0218 
0.233272 1 3.67321e-06 -5.55112e-17 -5.55112e-17 -5.55112e-17 1 3.67321e-06 -1 -5.55112e-17 0.18 0.0110604 0.00894021 0.0214 -0.0042 
0.233262 1 3.67321e-06 -5.55112e-17 -5.55112e-17 -5.55112e-17 1 3.67321e-06 -1 -5.55112e-17 0.18 0.0110604 5.50981e-07 0.0124 -0.0128 
0.230828 1 3.67321e-06 -5.55112e-17 5.55112e-17 5.55112e-17 -1 -3.67321e-06 1 5.55112e-17 0.18 0.02 -0.00894021 0.0214 -0.0042 
0.230818 1 3.67321e-06 -5.55112e-17 5.55112e-17 5.55112e-17 -1 -3.67321e-06 1 5.55112e-17 0.18 0.02 -5.50981e-07 0.0124 -0.0128 
0.230816 1 3.67321e-06 -5.55112e-17 5.55112e-17 5.55112e-17 -1 -3.67321e-06 1 5.55112e-17 0.18 0.02 0.00893911 0.0034 -0.0218 
0.218843 5.55112e-17 1.58207e-15 1 -3.67321e-06 1 -1.60982e-15 -1 -3.67321e-06 5.55112e-17 0.0165419 0.00384676 -0.16 0.0162 -0.0044 
0.218826 5.55112e-17 1.58207e-15 1 -3.67321e-06 1 -1.60982e-15 -1 -3.67321e-06 5.55112e-17 0.0165419 0.00999946 -0.16 0.0098 -0.0104 
0.218808 5.55112e-17 1.58207e-15 1 -3.67321e-06 1 -1.60982e-15 -1 -3.67321e-06 5.55112e-17 0.0165419 0.0161522 -0.16 0.0038 -0.0168 
0.214733 5.55112e-17 1.58207e-15 1 -3.67321e-06 1 -1.60982e-15 -1 -3.67321e-06 5.55112e-17 0.0226946 0.00384676 -0.16 0.0162 -0.0044 
0.214727 5.55112e-17 1.58207e-15 1 -3.67321e-06 1 -1.60982e-15 -1 -3.67321e-06 5.55112e-17 0.0226946 0.00999946 -0.16 0.0098 -0.0104 
0.214715 5.55112e-17 1.58207e-15 1 -3.67321e-06 1 -1.60982e-15 -1 -3.67321e-06 5.55112e-17 0.0226946 0.0161522 -0.16 0.0038 -0.0168 
0.192361 0 -1.58207e-15 1 3.67321e-06 -1 -1.58207e-15 1 3.67321e-06 -5.55112e-17 0.0288473 0.0100006 0.16 0.0098 -0.0104 
0.192351 0 -1.58207e-15 1 3.67321e-06 -1 -1.58207e-15 1 3.67321e-06 -5.55112e-17 0.0288473 0.0161533 0.16 0.0162 -0.0044 
0.19235 0 -1.58207e-15 1 3.67321e-06 -1 -1.58207e-15 1 3.67321e-06 -5.55112e-17 0.0288473 0.00384786 0.16 0.0038 -0.0164 
0.190198 0 -1.58207e-15 1 3.67321e-06 -1 -1.58207e-15 1 3.67321e-06 -5.55112e-17 0.035 0.0161533 0.16 0.0162 -0.0044 
0.190195 0 -1.58207e-15 1 3.67321e-06 -1 -1.58207e-15 1 3.67321e-06 -5.55112e-17 0.035 0.00384786 0.16 0.0038 -0.0164 
0.187752 0 -1.58207e-15 1 3.67321e-06 -1 -1.58207e-15 1 3.67321e-06 -5.55112e-17 0.0411527 0.0100006 0.16 0.0098 -0.0104 
0.18775 0 -1.58207e-15 1 3.67321e-06 -1 -1.58207e-15 1 3.67321e-06 -5.55112e-17 0.0411527 0.0161533 0.16 0.0162 -0.0044 
0.187746 0 -1.58207e-15 1 3.67321e-06 -1 -1.58207e-15 1 3.67321e-06 -5.55112e-17 0.0411527 0.00384786 0.16 0.0038 -0.0164 
0.187307 1 3.67321e-06 -5.55112e-17 5.55112e-17 5.55112e-17 -1 -3.67321e-06 1 5.55112e-17 0.18 0.0079431 -0.00794365 0.0204 -0.0052 
0.187304 1 3.67321e-06 -5.55112e-17 5.55112e-17 5.55112e-17 -1 -3.67321e-06 1 5.55112e-17 0.18 0.0079431 -5.50981e-07 0.0124 -0.0128 
0.187302 1 3.67321e-06 -5.55112e-17 5.55112e-17 5.55112e-17 -1 -3.67321e-06 1 5.55112e-17 0.18 0.0079431 0.00794254 0.0044 -0.0208 
0.187297 1 3.67321e-06 -5.55112e-17 -5.55112e-17 -5.55112e-17 1 3.67321e-06 -1 -5.55112e-17 0.18 -1.38778e-17 0.00794365 0.0204 -0.0052 
0.187295 1 3.67321e-06 -5.55112e-17 -5.55112e-17 -5.55112e-17 1 3.67321e-06 -1 -5.55112e-17 0.18 0 -0.00794254 0.0044 -0.0208 
0.187294 1 3.67321e-06 -5.55112e-17 -5.55112e-17 -5.55112e-17 1 3.67321e-06 -1 -5.55112e-17 0.18 0 5.50981e-07 0.0124 -0.0128 
0.185515 1 3.67321e-06 -5.55112e-17 -5.55112e-17 -5.55112e-17 1 3.67321e-06 -1 -5.55112e-17 0.18 0.0079431 -0.00794254 0.0044 -0.0208 
0.18551 1 3.67321e-06 -5.55112e-17 -5.55112e-17 -5.55112e-17 1 3.67321e-06 -1 -5.55112e-17 0.18 0.0079431 5.50981e-07 0.0124 -0.0128 
0.185164 1 3.67321e-06 -5.55112e-17 5.55112e-17 5.55112e-17 -1 -3.67321e-06 1 5.55112e-17 0.18 0.0158862 -0.00794365 0.0204 -0.0052 
0.185161 1 3.67321e-06 -5.55112e-17 5.55112e-17 5.55112e-17 -1 -3.67321e-06 1 5.55112e-17 0.18 0.0158862 -5.50981e-07 0.0124 -0.0128 
0.185153 1 3.67321e-06 -5.55112e-17 5.55112e-17 5.55112e-17 -1 -3.67321e-06 1 5.55112e-17 0.18 0.0158862 0.00794254 0.0044 -0.0208 
0.183159 1 3.67321e-06 0 3.67321e-06 -1 2.77556e-17 0 0 -1 0.185 0.0161533 0.0061527 0.0162 -0.0044 
0.183153 1 3.67321e-06 0 3.67321e-06 -1 2.77556e-17 0 0 -1 0.185 0.00384786 0.0061527 0.0038 -0.0168 
0.183131 1 3.67321e-06 -5.55112e-17 -3.67321e-06 1 0 0 0 1 0.185 0.00384676 -0.0061527 0.0162 -0.0044 
0.183126 1 3.67321e-06 -5.55112e-17 -3.67321e-06 1 0 0 0 1 0.185 0.0161522 -0.0061527 0.0038 -0.0168 
0.183074 1 3.67321e-06 0 3.67321e-06 -1 2.77556e-17 0 0 -1 0.185 0.0161533 0 0.0162 -0.0044 
0.18307 1 3.67321e-06 0 3.67321e-06 -1 2.77556e-17 0 0 -1 0.185 0.00384786 -1.38778e-17 0.0038 -0.0168 
0.182869 1 3.67321e-06 -5.55112e-17 -3.67321e-06 1 0 0 0 1 0.185 0.00999946 1.38778e-17 0.0098 -0.0104 
0.182868 1 3.67321e-06 -5.55112e-17 -3.67321e-06 1 0 0 0 1 0.185 0.0161522 2.77556e-17 0.0038 -0.0168 
0.182868 1 3.67321e-06 -5.55112e-17 -3.67321e-06 1 0 0 0 1 0.185 0.00384676 1.38778e-17 0.0162 -0.0044 
0.181195 5.55112e-17 1.58207e-15 1 -3.67321e-06 1 -1.60982e-15 -1 -3.67321e-06 5.55112e-17 0.0411527 0.00384676 -0.16 0.0162 -0.0044 
0.181185 5.55112e-17 1.58207e-15 1 -3.67321e-06 1 -1.60982e-15 -1 -3.67321e-06 5.55112e-17 0.0411527 0.0161522 -0.16 0.0038 -0.0164 
0.180617 1 3.67321e-06 -5.55112e-17 -3.67321e-06 1 0 0 0 1 0.185 0.00384676 -0.0123054 0.0162 -0.0044 
0.180617 1 3.67321e-06 -5.55112e-17 -3.67321e-06 1 0 0 0 1 0.185 0.0161522 -0.0123054 0.0038 -0.0168 
0.180612 1 3.67321e-06 0 3.67321e-06 -1 2.77556e-17 0 0 -1 0.185 0.0100006 0.0123054 0.0098 -0.0104 
0.180606 1 3.67321e-06 0 3.67321e-06 -1 2.77556e-17 0 0 -1 0.185 0.00384786 0.0123054 0.0038 -0.0168 
0.180498 5.55112e-17 1.58207e-15 1 -3.67321e-06 1 -1.60982e-15 -1 -3.67321e-06 5.55112e-17 0.035 0.00999946 -0.16 0.0098 -0.0104 
0.180498 5.55112e-17 1.58207e-15 1 -3.67321e-06 1 -1.60982e-15 -1 -3.67321e-06 5.55112e-17 0.035 0.00384676 -0.16 0.0162 -0.0044 
0.180487 5.55112e-17 1.58207e-15 1 -3.67321e-06 1 -1.60982e-15 -1 -3.67321e-06 5.55112e-17 0.035 0.0161522 -0.16 0.0038 -0.0164 
0.178684 1 3.67321e-06 -5.55112e-17 5.55112e-17 5.55112e-17 -1 -3.67321e-06 1 5.55112e-17 0.18 0.0238293 -5.50981e-07 0.0124 -0.0128 
0.17868 1 3.67321e-06 -5.55112e-17 5.55112e-17 5.55112e-17 -1 -3.67321e-06 1 5.55112e-17 0.18 0.0238293 0.00794254 0.0044 -0.0208 
0.178304 5.55112e-17 1.58207e-15 1 -3.67321e-06 1 -1.60982e-15 -1 -3.67321e-06 5.55112e-17 0.0288473 0.00999946 -0.16 0.0098 -0.0104 
0.178288 5.55112e-17 1.58207e-15 1 -3.67321e-06 1 -1.60982e-15 -1 -3.67321e-06 5.55112e-17 0.0288473 0.0161522 -0.16 0.0038 -0.0164 
0.175797 1 3.67321e-06 0 3.67321e-06 -1 2.77556e-17 0 0 -1 0.185 0.0161533 0.0184581 0.0162 -0.0044 
0.175776 1 3.67321e-06 -5.55112e-17 -3.67321e-06 1 0 0 0 1 0.185 0.00384676 -0.0184581 0.0162 -0.0044 
0.175772 1 3.67321e-06 -5.55112e-17 -3.67321e-06 1 0 0 0 1 0.185 0.0161522 -0.0184581 0.0038 -0.0168 
0.0848476 -3.67321e-06 1 5.55112e-17 -5.55112e-17 -5.55112e-17 1 1 3.67321e-06 -5.55112e-17 -0.0268195 -0.0157586 0.16 0.0118 -0.0088 
0.0848415 -3.67321e-06 1 5.55112e-17 -5.55112e-17 -5.55112e-17 1 1 3.67321e-06 -5.55112e-17 -0.0178799 -0.0157586 0.16 0.0028 -0.0174 
0.0832212 3.67321e-06 -1 -5.55112e-17 -5.55112e-17 -5.55112e-17 1 -1 -3.67321e-06 5.55112e-17 -0.0268184 -0.0157586 -0.16 0.0082 -0.0124 
0.0832105 3.67321e-06 -1 -5.55112e-17 -5.55112e-17 -5.55112e-17 1 -1 -3.67321e-06 5.55112e-17 -0.0178788 -0.0157586 -0.16 0.0172 -0.0034 
0.0784653 -3.67321e-06 1 5.55112e-17 -5.55112e-17 -5.55112e-17 1 1 3.67321e-06 -5.55112e-17 -0.0178799 -0.0246983 0.16 0.0028 -0.0174 
0.0784463 -3.67321e-06 1 5.55112e-17 -5.55112e-17 -5.55112e-17 1 1 3.67321e-06 -5.55112e-17 -0.0268195 -0.0246983 0.16 0.0118 -0.0088 
0.0720542 3.67321e-06 -1 -5.55112e-17 -5.55112e-17 -5.55112e-17 1 -1 -3.67321e-06 5.55112e-17 -0.0178788 -0.0246983 -0.16 0.0172 -0.0034 
0.0720404 3.67321e-06 -1 -5.55112e-17 -5.55112e-17 -5.55112e-17 1 -1 -3.67321e-06 5.55112e-17 -0.0268184 -0.0246983 -0.16 0.0082 -0.0124 
0.0417865 -3.67321e-06 1 -3.13638e-15 -5.55112e-17 3.10862e-15 1 1 3.67321e-06 -5.55112e-17 -0.0250006 -0.00769463 0.16 0.0102 -0.0104 
0.0409805 3.67321e-06 -1 3.13638e-15 5.55112e-17 -3.10862e-15 -1 1 3.67321e-06 -5.55112e-17 -0.0188468 -0.00769463 0.16 0.0162 -0.0044 
0.0409794 3.67321e-06 -1 3.13638e-15 5.55112e-17 -3.10862e-15 -1 1 3.67321e-06 -5.55112e-17 -0.0249995 -0.00769463 0.16 0.0098 -0.0104 
0.0409731 3.67321e-06 -1 3.13638e-15 5.55112e-17 -3.10862e-15 -1 1 3.67321e-06 -5.55112e-17 -0.0311522 -0.00769463 0.16 0.0038 -0.0168 
0.0406999 -3.67321e-06 1 -3.13638e-15 -5.55112e-17 3.10862e-15 1 1 3.67321e-06 -5.55112e-17 -0.0250006 -0.0138473 0.16 0.0098 -0.0104 
0.0406959 -3.67321e-06 1 -3.13638e-15 -5.55112e-17 3.10862e-15 1 1 3.67321e-06 -5.55112e-17 -0.0311533 -0.0138473 0.16 0.0162 -0.0044 
0.0406938 -3.67321e-06 1 -3.13638e-15 -5.55112e-17 3.10862e-15 1 1 3.67321e-06 -5.55112e-17 -0.0188479 -0.0138473 0.16 0.0038 -0.0168 
0.0401455 3.67321e-06 -1 -3.21965e-15 0 -3.21965e-15 1 -1 -3.67321e-06 5.55112e-17 -0.0188468 -0.0138473 -0.16 0.0162 -0.0044 
0.0401445 3.67321e-06 -1 -3.21965e-15 0 -3.21965e-15 1 -1 -3.67321e-06 5.55112e-17 -0.0249995 -0.0138473 -0.16 0.0098 -0.0104 
0.0401335 3.67321e-06 -1 -3.21965e-15 0 -3.21965e-15 1 -1 -3.67321e-06 5.55112e-17 -0.0311522 -0.0138473 -0.16 0.0038 -0.0168 
0.0387928 -3.67321e-06 1 -3.13638e-15 -5.55112e-17 3.10862e-15 1 1 3.67321e-06 -5.55112e-17 -0.0311533 -0.02 0.16 0.0162 -0.0044 
0.0387897 -3.67321e-06 1 -3.13638e-15 -5.55112e-17 3.10862e-15 1 1 3.67321e-06 -5.55112e-17 -0.0250006 -0.02 0.16 0.0098 -0.0104 
0.0372543 3.67321e-06 -1 -3.21965e-15 0 -3.21965e-15 1 -1 -3.67321e-06 5.55112e-17 -0.0188468 -0.02 -0.16 0.0162 -0.0044 
0.0372486 3.67321e-06 -1 -3.21965e-15 0 -3.21965e-15 1 -1 -3.67321e-06 5.55112e-17 -0.0311522 -0.02 -0.16 0.0038 -0.0168 
0.0368603 -3.67321e-06 1 -3.13638e-15 -5.55112e-17 3.10862e-15 1 1 3.67321e-06 -5.55112e-17 -0.0250006 -0.0261527 0.16 0.0098 -0.0104 
0.0368598 -3.67321e-06 1 -3.13638e-15 -5.55112e-17 3.10862e-15 1 1 3.67321e-06 -5.55112e-17 -0.0311533 -0.0261527 0.16 0.0162 -0.0044 
0.0334215 3.67321e-06 -1 -3.21965e-15 0 -3.21965e-15 1 -1 -3.67321e-06 5.55112e-17 -0.0188468 -0.0261527 -0.16 0.0162 -0.0044 
0.0334171 3.67321e-06 -1 -3.21965e-15 0 -3.21965e-15 1 -1 -3.67321e-06 5.55112e-17 -0.0311522 -0.0261527 -0.16 0.0038 -0.0168 
