10.5349 -1.85615e-16 7.66337e-17 1 3.67321e-06 -1 6.80125e-18 1 3.67321e-06 -1.85615e-16 -3.1618e-17 -0.00624945 0.16 0.0064 -0.0194 
10.5349 1.85615e-16 -7.66337e-17 -1 -3.67321e-06 1 -6.80125e-18 1 3.67321e-06 -1.85615e-16 3.1618e-17 0.00624945 0.16 0.0064 -0.0194 
10.5349 1.85615e-16 -7.66337e-17 -1 3.67321e-06 -1 6.80125e-18 -1 -3.67321e-06 1.85615e-16 3.1618e-17 -0.00624945 -0.16 0.0064 -0.0194 
10.5349 -1.85615e-16 7.66337e-17 1 -3.67321e-06 1 -6.80125e-18 -1 -3.67321e-06 1.85615e-16 -3.1618e-17 0.00624945 -0.16 0.0064 -0.0194 
10.5349 -3.67321e-06 1 8.45555e-17 -1.0842e-19 1.33694e-17 -1 -1 -3.67321e-06 1.85615e-16 0.00624945 2.43945e-18 -0.16 0.0064 -0.0194 
10.5349 3.67321e-06 -1 -8.45555e-17 1.0842e-19 -1.33694e-17 1 -1 -3.67321e-06 1.85615e-16 -0.00624945 -2.43945e-18 -0.16 0.0064 -0.0194 
10.5349 -3.67321e-06 1 8.45555e-17 1.0842e-19 -1.33694e-17 1 1 3.67321e-06 -1.85615e-16 0.00624945 -2.43945e-18 0.16 0.0064 -0.0194 
10.5349 3.67321e-06 -1 -8.45555e-17 -1.0842e-19 1.33694e-17 -1 1 3.67321e-06 -1.85615e-16 -0.00624945 2.43945e-18 0.16 0.0064 -0.0194 
10.5349 1.85615e-16 -7.66337e-17 -1 1 3.67321e-06 -1.0842e-19 3.67321e-06 -1 -8.45555e-17 3.1618e-17 0.16 -0.00624945 0.0064 -0.0194 
10.5349 -1.85615e-16 7.66337e-17 1 -1 -3.67321e-06 1.0842e-19 3.67321e-06 -1 -8.45555e-17 -3.1618e-17 -0.16 -0.00624945 0.0064 -0.0194 
10.5349 1.85615e-16 -7.66337e-17 -1 -1 -3.67321e-06 1.0842e-19 -3.67321e-06 1 8.45555e-17 3.1618e-17 -0.16 0.00624945 0.0064 -0.0194 
10.5349 -1.85615e-16 7.66337e-17 1 1 3.67321e-06 -1.0842e-19 -3.67321e-06 1 8.45555e-17 -3.1618e-17 0.16 0.00624945 0.0064 -0.0194 
10.5349 1.85615e-16 -7.66337e-17 -1 3.67321e-06 -1 6.80125e-18 -1 -3.67321e-06 1.85615e-16 2.82299e-17 5.50981e-07 -0.16 0.0128 -0.0132 
10.5349 -1.85615e-16 7.66337e-17 1 -3.67321e-06 1 -6.80125e-18 -1 -3.67321e-06 1.85615e-16 -2.82299e-17 -5.50981e-07 -0.16 0.0128 -0.0132 
10.5349 -1.85615e-16 7.66337e-17 1 3.67321e-06 -1 6.80125e-18 1 3.67321e-06 -1.85615e-16 -2.82299e-17 5.50981e-07 0.16 0.0128 -0.0132 
10.5349 1.85615e-16 -7.66337e-17 -1 -3.67321e-06 1 -6.80125e-18 1 3.67321e-06 -1.85615e-16 2.82299e-17 -5.50981e-07 0.16 0.0128 -0.0132 
10.5349 3.67321e-06 -1 -8.45555e-17 -1.0842e-19 1.33694e-17 -1 1 3.67321e-06 -1.85615e-16 5.50981e-07 -1.50433e-18 0.16 0.0128 -0.0132 
10.5349 3.67321e-06 -1 -8.45555e-17 1.0842e-19 -1.33694e-17 1 -1 -3.67321e-06 1.85615e-16 5.50981e-07 1.50433e-18 -0.16 0.0128 -0.0132 
10.5349 -3.67321e-06 1 8.45555e-17 -1.0842e-19 1.33694e-17 -1 -1 -3.67321e-06 1.85615e-16 -5.50981e-07 -1.50433e-18 -0.16 0.0128 -0.0132 
10.5349 -3.67321e-06 1 8.45555e-17 1.0842e-19 -1.33694e-17 1 1 3.67321e-06 -1.85615e-16 -5.50981e-07 1.50433e-18 0.16 0.0128 -0.0132 
10.5349 1.85615e-16 -7.66337e-17 -1 1 3.67321e-06 -1.0842e-19 3.67321e-06 -1 -8.45555e-17 2.82299e-17 0.16 5.50981e-07 0.0128 -0.0132 
10.5349 -1.85615e-16 7.66337e-17 1 1 3.67321e-06 -1.0842e-19 -3.67321e-06 1 8.45555e-17 -2.82299e-17 0.16 -5.50981e-07 0.0128 -0.0132 
10.5349 1.85615e-16 -7.66337e-17 -1 -1 -3.67321e-06 1.0842e-19 -3.67321e-06 1 8.45555e-17 2.82299e-17 -0.16 -5.50981e-07 0.0128 -0.0132 
10.5349 -1.85615e-16 7.66337e-17 1 -1 -3.67321e-06 1.0842e-19 3.67321e-06 -1 -8.45555e-17 -2.82299e-17 -0.16 5.50981e-07 0.0128 -0.0132 
10.5349 1 3.67321e-06 -1.85615e-16 1.0842e-19 -1.33694e-17 1 3.67321e-06 -1 -8.45555e-17 0.16 -2.43945e-18 -0.00624945 0.0064 -0.0194 
10.5349 -1 -3.67321e-06 1.85615e-16 -1.0842e-19 1.33694e-17 -1 3.67321e-06 -1 -8.45555e-17 -0.16 2.43945e-18 -0.00624945 0.0064 -0.0194 
10.5349 -1 -3.67321e-06 1.85615e-16 1.0842e-19 -1.33694e-17 1 -3.67321e-06 1 8.45555e-17 -0.16 -2.43945e-18 0.00624945 0.0064 -0.0194 
10.5349 1 3.67321e-06 -1.85615e-16 -1.0842e-19 1.33694e-17 -1 -3.67321e-06 1 8.45555e-17 0.16 2.43945e-18 0.00624945 0.0064 -0.0194 
10.5349 -1 -3.67321e-06 1.85615e-16 3.67321e-06 -1 6.80125e-18 -1.85615e-16 7.66337e-17 1 -0.16 -0.00624945 -3.1618e-17 0.0064 -0.0194 
10.5349 1 3.67321e-06 -1.85615e-16 3.67321e-06 -1 6.80125e-18 1.85615e-16 -7.66337e-17 -1 0.16 -0.00624945 3.1618e-17 0.0064 -0.0194 
10.5349 -1 -3.67321e-06 1.85615e-16 -3.67321e-06 1 -6.80125e-18 1.85615e-16 -7.66337e-17 -1 -0.16 0.00624945 3.1618e-17 0.0064 -0.0194 
10.5349 1 3.67321e-06 -1.85615e-16 -3.67321e-06 1 -6.80125e-18 -1.85615e-16 7.66337e-17 1 0.16 0.00624945 -3.1618e-17 0.0064 -0.0194 
10.5349 -3.67321e-06 1 8.45555e-17 1 3.67321e-06 -1.0842e-19 1.85615e-16 -7.66337e-17 -1 0.00624945 0.16 3.1618e-17 0.0064 -0.0194 
10.5349 3.67321e-06 -1 -8.45555e-17 -1 -3.67321e-06 1.0842e-19 1.85615e-16 -7.66337e-17 -1 -0.00624945 -0.16 3.1618e-17 0.0064 -0.0194 
10.5349 -3.67321e-06 1 8.45555e-17 -1 -3.67321e-06 1.0842e-19 -1.85615e-16 7.66337e-17 1 0.00624945 -0.16 -3.1618e-17 0.0064 -0.0194 
10.5349 3.67321e-06 -1 -8.45555e-17 1 3.67321e-06 -1.0842e-19 -1.85615e-16 7.66337e-17 1 -0.00624945 0.16 -3.1618e-17 0.0064 -0.0194 
10.5349 1.85615e-16 -7.66337e-17 -1 -3.67321e-06 1 -6.80125e-18 1 3.67321e-06 -1.85615e-16 2.48553e-17 -0.00625056 0.16 0.0188 -0.0068 
10.5349 1.85615e-16 -7.66337e-17 -1 3.67321e-06 -1 6.80125e-18 -1 -3.67321e-06 1.85615e-16 2.48553e-17 0.00625056 -0.16 0.0188 -0.0068 
10.5349 -1.85615e-16 7.66337e-17 1 -3.67321e-06 1 -6.80125e-18 -1 -3.67321e-06 1.85615e-16 -2.48553e-17 -0.00625056 -0.16 0.0188 -0.0068 
10.5349 -1.85615e-16 7.66337e-17 1 3.67321e-06 -1 6.80125e-18 1 3.67321e-06 -1.85615e-16 -2.48553e-17 0.00625056 0.16 0.0188 -0.0068 
10.5349 3.67321e-06 -1 -8.45555e-17 -1.0842e-19 1.33694e-17 -1 1 3.67321e-06 -1.85615e-16 0.00625056 -5.47522e-18 0.16 0.0188 -0.0068 
10.5349 -3.67321e-06 1 8.45555e-17 -1.0842e-19 1.33694e-17 -1 -1 -3.67321e-06 1.85615e-16 -0.00625056 -5.47522e-18 -0.16 0.0188 -0.0068 
10.5349 -3.67321e-06 1 8.45555e-17 1.0842e-19 -1.33694e-17 1 1 3.67321e-06 -1.85615e-16 -0.00625056 5.47522e-18 0.16 0.0188 -0.0068 
10.5349 3.67321e-06 -1 -8.45555e-17 1.0842e-19 -1.33694e-17 1 -1 -3.67321e-06 1.85615e-16 0.00625056 5.47522e-18 -0.16 0.0188 -0.0068 
10.5349 1.85615e-16 -7.66337e-17 -1 -1 -3.67321e-06 1.0842e-19 -3.67321e-06 1 8.45555e-17 2.48553e-17 -0.16 -0.00625056 0.0188 -0.0068 
10.5349 -1.85615e-16 7.66337e-17 1 1 3.67321e-06 -1.0842e-19 -3.67321e-06 1 8.45555e-17 -2.48553e-17 0.16 -0.00625056 0.0188 -0.0068 
10.5349 -1.85615e-16 7.66337e-17 1 -1 -3.67321e-06 1.0842e-19 3.67321e-06 -1 -8.45555e-17 -2.48553e-17 -0.16 0.00625056 0.0188 -0.0068 
10.5349 1.85615e-16 -7.66337e-17 -1 1 3.67321e-06 -1.0842e-19 3.67321e-06 -1 -8.45555e-17 2.48553e-17 0.16 0.00625056 0.0188 -0.0068 
10.5349 1 3.67321e-06 -1.85615e-16 1.0842e-19 -1.33694e-17 1 3.67321e-06 -1 -8.45555e-17 0.16 1.50433e-18 5.50981e-07 0.0128 -0.0132 
10.5349 1 3.67321e-06 -1.85615e-16 -1.0842e-19 1.33694e-17 -1 -3.67321e-06 1 8.45555e-17 0.16 -1.50433e-18 -5.50981e-07 0.0128 -0.0132 
10.5349 -1 -3.67321e-06 1.85615e-16 1.0842e-19 -1.33694e-17 1 -3.67321e-06 1 8.45555e-17 -0.16 1.50433e-18 -5.50981e-07 0.0128 -0.0132 
10.5349 -1 -3.67321e-06 1.85615e-16 -1.0842e-19 1.33694e-17 -1 3.67321e-06 -1 -8.45555e-17 -0.16 -1.50433e-18 5.50981e-07 0.0128 -0.0132 
10.5349 -1 -3.67321e-06 1.85615e-16 3.67321e-06 -1 6.80125e-18 -1.85615e-16 7.66337e-17 1 -0.16 5.50981e-07 -2.82299e-17 0.0128 -0.0132 
10.5349 1 3.67321e-06 -1.85615e-16 -3.67321e-06 1 -6.80125e-18 -1.85615e-16 7.66337e-17 1 0.16 -5.50981e-07 -2.82299e-17 0.0128 -0.0132 
10.5349 1 3.67321e-06 -1.85615e-16 3.67321e-06 -1 6.80125e-18 1.85615e-16 -7.66337e-17 -1 0.16 5.50981e-07 2.82299e-17 0.0128 -0.0132 
10.5349 -1 -3.67321e-06 1.85615e-16 -3.67321e-06 1 -6.80125e-18 1.85615e-16 -7.66337e-17 -1 -0.16 -5.50981e-07 2.82299e-17 0.0128 -0.0132 
10.5349 3.67321e-06 -1 -8.45555e-17 -1 -3.67321e-06 1.0842e-19 1.85615e-16 -7.66337e-17 -1 5.50981e-07 -0.16 2.82299e-17 0.0128 -0.0132 
10.5349 3.67321e-06 -1 -8.45555e-17 1 3.67321e-06 -1.0842e-19 -1.85615e-16 7.66337e-17 1 5.50981e-07 0.16 -2.82299e-17 0.0128 -0.0132 
10.5349 -3.67321e-06 1 8.45555e-17 1 3.67321e-06 -1.0842e-19 1.85615e-16 -7.66337e-17 -1 -5.50981e-07 0.16 2.82299e-17 0.0128 -0.0132 
10.5349 -3.67321e-06 1 8.45555e-17 -1 -3.67321e-06 1.0842e-19 -1.85615e-16 7.66337e-17 1 -5.50981e-07 -0.16 -2.82299e-17 0.0128 -0.0132 
10.5349 -1 -3.67321e-06 1.85615e-16 1.0842e-19 -1.33694e-17 1 -3.67321e-06 1 8.45555e-17 -0.16 5.47522e-18 -0.00625056 0.0188 -0.0068 
10.5349 -1 -3.67321e-06 1.85615e-16 -1.0842e-19 1.33694e-17 -1 3.67321e-06 -1 -8.45555e-17 -0.16 -5.47522e-18 0.00625056 0.0188 -0.0068 
10.5349 1 3.67321e-06 -1.85615e-16 -1.0842e-19 1.33694e-17 -1 -3.67321e-06 1 8.45555e-17 0.16 -5.47522e-18 -0.00625056 0.0188 -0.0068 
10.5349 1 3.67321e-06 -1.85615e-16 1.0842e-19 -1.33694e-17 1 3.67321e-06 -1 -8.45555e-17 0.16 5.47522e-18 0.00625056 0.0188 -0.0068 
10.5349 -1 -3.67321e-06 1.85615e-16 -3.67321e-06 1 -6.80125e-18 1.85615e-16 -7.66337e-17 -1 -0.16 -0.00625056 2.48553e-17 0.0188 -0.0068 
10.5349 -1 -3.67321e-06 1.85615e-16 3.67321e-06 -1 6.80125e-18 -1.85615e-16 7.66337e-17 1 -0.16 0.00625056 -2.48553e-17 0.0188 -0.0068 
10.5349 1 3.67321e-06 -1.85615e-16 3.67321e-06 -1 6.80125e-18 1.85615e-16 -7.66337e-17 -1 0.16 0.00625056 2.48553e-17 0.0188 -0.0068 
10.5349 1 3.67321e-06 -1.85615e-16 -3.67321e-06 1 -6.80125e-18 -1.85615e-16 7.66337e-17 1 0.16 -0.00625056 -2.48553e-17 0.0188 -0.0068 
10.5349 3.67321e-06 -1 -8.45555e-17 1 3.67321e-06 -1.0842e-19 -1.85615e-16 7.66337e-17 1 0.00625056 0.16 -2.48553e-17 0.0188 -0.0068 
10.5349 -3.67321e-06 1 8.45555e-17 1 3.67321e-06 -1.0842e-19 1.85615e-16 -7.66337e-17 -1 -0.00625056 0.16 2.48553e-17 0.0188 -0.0068 
10.5349 3.67321e-06 -1 -8.45555e-17 -1 -3.67321e-06 1.0842e-19 1.85615e-16 -7.66337e-17 -1 0.00625056 -0.16 2.48553e-17 0.0188 -0.0068 
10.5349 -3.67321e-06 1 8.45555e-17 -1 -3.67321e-06 1.0842e-19 -1.85615e-16 7.66337e-17 1 -0.00625056 -0.16 -2.48553e-17 0.0188 -0.0068 
9.91672 -1 -3.67321e-06 1.85615e-16 1.0842e-19 -1.33694e-17 1 -3.67321e-06 1 8.45555e-17 -0.16 -0.00625001 0.00624945 0.0064 -0.0194 
9.91672 -1 -3.67321e-06 1.85615e-16 -1.0842e-19 1.33694e-17 -1 3.67321e-06 -1 -8.45555e-17 -0.16 0.00625001 -0.00624945 0.0064 -0.0194 
9.91672 1 3.67321e-06 -1.85615e-16 1.0842e-19 -1.33694e-17 1 3.67321e-06 -1 -8.45555e-17 0.16 -0.00625001 -0.00624945 0.0064 -0.0194 
9.91672 1 3.67321e-06 -1.85615e-16 -1.0842e-19 1.33694e-17 -1 -3.67321e-06 1 8.45555e-17 0.16 0.00625001 0.00624945 0.0064 -0.0194 
9.91672 1 3.67321e-06 -1.85615e-16 3.67321e-06 -1 6.80125e-18 1.85615e-16 -7.66337e-17 -1 0.16 -0.00624945 0.00625001 0.0064 -0.0194 
9.91672 -1 -3.67321e-06 1.85615e-16 -3.67321e-06 1 -6.80125e-18 1.85615e-16 -7.66337e-17 -1 -0.16 0.00624945 0.00625001 0.0064 -0.0194 
9.91672 -1 -3.67321e-06 1.85615e-16 3.67321e-06 -1 6.80125e-18 -1.85615e-16 7.66337e-17 1 -0.16 -0.00624945 -0.00625001 0.0064 -0.0194 
9.91672 1 3.67321e-06 -1.85615e-16 -3.67321e-06 1 -6.80125e-18 -1.85615e-16 7.66337e-17 1 0.16 0.00624945 -0.00625001 0.0064 -0.0194 
9.91672 -3.67321e-06 1 8.45555e-17 -1 -3.67321e-06 1.0842e-19 -1.85615e-16 7.66337e-17 1 0.00624945 -0.16 -0.00625001 0.0064 -0.0194 
9.91672 3.67321e-06 -1 -8.45555e-17 1 3.67321e-06 -1.0842e-19 -1.85615e-16 7.66337e-17 1 -0.00624945 0.16 -0.00625001 0.0064 -0.0194 
9.91672 -3.67321e-06 1 8.45555e-17 1 3.67321e-06 -1.0842e-19 1.85615e-16 -7.66337e-17 -1 0.00624945 0.16 0.00625001 0.0064 -0.0194 
9.91672 3.67321e-06 -1 -8.45555e-17 -1 -3.67321e-06 1.0842e-19 1.85615e-16 -7.66337e-17 -1 -0.00624945 -0.16 0.00625001 0.0064 -0.0194 
9.91671 -1 -3.67321e-06 1.85615e-16 -1.0842e-19 1.33694e-17 -1 3.67321e-06 -1 -8.45555e-17 -0.16 0.00625001 5.50981e-07 0.0128 -0.0132 
9.91671 1 3.67321e-06 -1.85615e-16 -1.0842e-19 1.33694e-17 -1 -3.67321e-06 1 8.45555e-17 0.16 0.00625001 -5.50981e-07 0.0128 -0.0132 
9.91671 1 3.67321e-06 -1.85615e-16 1.0842e-19 -1.33694e-17 1 3.67321e-06 -1 -8.45555e-17 0.16 -0.00625001 5.50981e-07 0.0128 -0.0132 
9.91671 -1 -3.67321e-06 1.85615e-16 1.0842e-19 -1.33694e-17 1 -3.67321e-06 1 8.45555e-17 -0.16 -0.00625001 -5.50981e-07 0.0128 -0.0132 
9.91671 1 3.67321e-06 -1.85615e-16 -3.67321e-06 1 -6.80125e-18 -1.85615e-16 7.66337e-17 1 0.16 -5.50981e-07 -0.00625001 0.0128 -0.0132 
9.91671 1 3.67321e-06 -1.85615e-16 3.67321e-06 -1 6.80125e-18 1.85615e-16 -7.66337e-17 -1 0.16 5.50981e-07 0.00625001 0.0128 -0.0132 
9.91671 -1 -3.67321e-06 1.85615e-16 -3.67321e-06 1 -6.80125e-18 1.85615e-16 -7.66337e-17 -1 -0.16 -5.50981e-07 0.00625001 0.0128 -0.0132 
9.91671 -1 -3.67321e-06 1.85615e-16 3.67321e-06 -1 6.80125e-18 -1.85615e-16 7.66337e-17 1 -0.16 5.50981e-07 -0.00625001 0.0128 -0.0132 
9.91671 -3.67321e-06 1 8.45555e-17 1 3.67321e-06 -1.0842e-19 1.85615e-16 -7.66337e-17 -1 -5.50981e-07 0.16 0.00625001 0.0128 -0.0132 
9.91671 3.67321e-06 -1 -8.45555e-17 1 3.67321e-06 -1.0842e-19 -1.85615e-16 7.66337e-17 1 5.50981e-07 0.16 -0.00625001 0.0128 -0.0132 
9.91671 -3.67321e-06 1 8.45555e-17 -1 -3.67321e-06 1.0842e-19 -1.85615e-16 7.66337e-17 1 -5.50981e-07 -0.16 -0.00625001 0.0128 -0.0132 
9.91671 3.67321e-06 -1 -8.45555e-17 -1 -3.67321e-06 1.0842e-19 1.85615e-16 -7.66337e-17 -1 5.50981e-07 -0.16 0.00625001 0.0128 -0.0132 
9.91671 -1 -3.67321e-06 1.85615e-16 1.0842e-19 -1.33694e-17 1 -3.67321e-06 1 8.45555e-17 -0.16 -0.00625001 -0.00625056 0.0188 -0.0068 
9.91671 1 3.67321e-06 -1.85615e-16 -1.0842e-19 1.33694e-17 -1 -3.67321e-06 1 8.45555e-17 0.16 0.00625001 -0.00625056 0.0188 -0.0068 
9.91671 -1 -3.67321e-06 1.85615e-16 -1.0842e-19 1.33694e-17 -1 3.67321e-06 -1 -8.45555e-17 -0.16 0.00625001 0.00625056 0.0188 -0.0068 
9.91671 1 3.67321e-06 -1.85615e-16 1.0842e-19 -1.33694e-17 1 3.67321e-06 -1 -8.45555e-17 0.16 -0.00625001 0.00625056 0.0188 -0.0068 
9.91671 -1 -3.67321e-06 1.85615e-16 -3.67321e-06 1 -6.80125e-18 1.85615e-16 -7.66337e-17 -1 -0.16 -0.00625056 0.00625001 0.0188 -0.0068 
9.91671 1 3.67321e-06 -1.85615e-16 3.67321e-06 -1 6.80125e-18 1.85615e-16 -7.66337e-17 -1 0.16 0.00625056 0.00625001 0.0188 -0.0068 
9.91671 1 3.67321e-06 -1.85615e-16 -3.67321e-06 1 -6.80125e-18 -1.85615e-16 7.66337e-17 1 0.16 -0.00625056 -0.00625001 0.0188 -0.0068 
9.91671 -1 -3.67321e-06 1.85615e-16 3.67321e-06 -1 6.80125e-18 -1.85615e-16 7.66337e-17 1 -0.16 0.00625056 -0.00625001 0.0188 -0.0068 
9.91671 -3.67321e-06 1 8.45555e-17 1 3.67321e-06 -1.0842e-19 1.85615e-16 -7.66337e-17 -1 -0.00625056 0.16 0.00625001 0.0188 -0.0068 
9.91671 3.67321e-06 -1 -8.45555e-17 -1 -3.67321e-06 1.0842e-19 1.85615e-16 -7.66337e-17 -1 0.00625056 -0.16 0.00625001 0.0188 -0.0068 
9.91671 -3.67321e-06 1 8.45555e-17 -1 -3.67321e-06 1.0842e-19 -1.85615e-16 7.66337e-17 1 -0.00625056 -0.16 -0.00625001 0.0188 -0.0068 
9.91671 3.67321e-06 -1 -8.45555e-17 1 3.67321e-06 -1.0842e-19 -1.85615e-16 7.66337e-17 1 0.00625056 0.16 -0.00625001 0.0188 -0.0068 
9.9167 1.85615e-16 -7.66337e-17 -1 -3.67321e-06 1 -6.80125e-18 1 3.67321e-06 -1.85615e-16 0.00625001 0.00624945 0.16 0.0064 -0.0194 
9.9167 -1.85615e-16 7.66337e-17 1 3.67321e-06 -1 6.80125e-18 1 3.67321e-06 -1.85615e-16 -0.00625001 -0.00624945 0.16 0.0064 -0.0194 
9.9167 1.85615e-16 -7.66337e-17 -1 3.67321e-06 -1 6.80125e-18 -1 -3.67321e-06 1.85615e-16 0.00625001 -0.00624945 -0.16 0.0064 -0.0194 
9.9167 -1.85615e-16 7.66337e-17 1 -3.67321e-06 1 -6.80125e-18 -1 -3.67321e-06 1.85615e-16 -0.00625001 0.00624945 -0.16 0.0064 -0.0194 
9.9167 -3.67321e-06 1 8.45555e-17 -1.0842e-19 1.33694e-17 -1 -1 -3.67321e-06 1.85615e-16 0.00624945 0.00625001 -0.16 0.0064 -0.0194 
9.9167 -3.67321e-06 1 8.45555e-17 1.0842e-19 -1.33694e-17 1 1 3.67321e-06 -1.85615e-16 0.00624945 -0.00625001 0.16 0.0064 -0.0194 
9.9167 3.67321e-06 -1 -8.45555e-17 -1.0842e-19 1.33694e-17 -1 1 3.67321e-06 -1.85615e-16 -0.00624945 0.00625001 0.16 0.0064 -0.0194 
9.9167 3.67321e-06 -1 -8.45555e-17 1.0842e-19 -1.33694e-17 1 -1 -3.67321e-06 1.85615e-16 -0.00624945 -0.00625001 -0.16 0.0064 -0.0194 
9.9167 1.85615e-16 -7.66337e-17 -1 1 3.67321e-06 -1.0842e-19 3.67321e-06 -1 -8.45555e-17 0.00625001 0.16 -0.00624945 0.0064 -0.0194 
9.9167 -1.85615e-16 7.66337e-17 1 1 3.67321e-06 -1.0842e-19 -3.67321e-06 1 8.45555e-17 -0.00625001 0.16 0.00624945 0.0064 -0.0194 
9.9167 1.85615e-16 -7.66337e-17 -1 -1 -3.67321e-06 1.0842e-19 -3.67321e-06 1 8.45555e-17 0.00625001 -0.16 0.00624945 0.0064 -0.0194 
9.9167 -1.85615e-16 7.66337e-17 1 -1 -3.67321e-06 1.0842e-19 3.67321e-06 -1 -8.45555e-17 -0.00625001 -0.16 -0.00624945 0.0064 -0.0194 
9.9167 -1.85615e-16 7.66337e-17 1 3.67321e-06 -1 6.80125e-18 1 3.67321e-06 -1.85615e-16 -0.00625001 5.50981e-07 0.16 0.0128 -0.0132 
9.9167 1.85615e-16 -7.66337e-17 -1 -3.67321e-06 1 -6.80125e-18 1 3.67321e-06 -1.85615e-16 0.00625001 -5.50981e-07 0.16 0.0128 -0.0132 
9.9167 1.85615e-16 -7.66337e-17 -1 3.67321e-06 -1 6.80125e-18 -1 -3.67321e-06 1.85615e-16 0.00625001 5.50981e-07 -0.16 0.0128 -0.0132 
9.9167 -1.85615e-16 7.66337e-17 1 -3.67321e-06 1 -6.80125e-18 -1 -3.67321e-06 1.85615e-16 -0.00625001 -5.50981e-07 -0.16 0.0128 -0.0132 
9.9167 3.67321e-06 -1 -8.45555e-17 -1.0842e-19 1.33694e-17 -1 1 3.67321e-06 -1.85615e-16 5.50981e-07 0.00625001 0.16 0.0128 -0.0132 
9.9167 -3.67321e-06 1 8.45555e-17 -1.0842e-19 1.33694e-17 -1 -1 -3.67321e-06 1.85615e-16 -5.50981e-07 0.00625001 -0.16 0.0128 -0.0132 
9.9167 3.67321e-06 -1 -8.45555e-17 1.0842e-19 -1.33694e-17 1 -1 -3.67321e-06 1.85615e-16 5.50981e-07 -0.00625001 -0.16 0.0128 -0.0132 
9.9167 -3.67321e-06 1 8.45555e-17 1.0842e-19 -1.33694e-17 1 1 3.67321e-06 -1.85615e-16 -5.50981e-07 -0.00625001 0.16 0.0128 -0.0132 
9.9167 -1.85615e-16 7.66337e-17 1 1 3.67321e-06 -1.0842e-19 -3.67321e-06 1 8.45555e-17 -0.00625001 0.16 -5.50981e-07 0.0128 -0.0132 
9.9167 -1.85615e-16 7.66337e-17 1 -1 -3.67321e-06 1.0842e-19 3.67321e-06 -1 -8.45555e-17 -0.00625001 -0.16 5.50981e-07 0.0128 -0.0132 
9.9167 1.85615e-16 -7.66337e-17 -1 1 3.67321e-06 -1.0842e-19 3.67321e-06 -1 -8.45555e-17 0.00625001 0.16 5.50981e-07 0.0128 -0.0132 
9.9167 1.85615e-16 -7.66337e-17 -1 -1 -3.67321e-06 1.0842e-19 -3.67321e-06 1 8.45555e-17 0.00625001 -0.16 -5.50981e-07 0.0128 -0.0132 
9.9167 1.85615e-16 -7.66337e-17 -1 -3.67321e-06 1 -6.80125e-18 1 3.67321e-06 -1.85615e-16 0.00625001 -0.00625056 0.16 0.0188 -0.0068 
9.9167 -1.85615e-16 7.66337e-17 1 3.67321e-06 -1 6.80125e-18 1 3.67321e-06 -1.85615e-16 -0.00625001 0.00625056 0.16 0.0188 -0.0068 
9.9167 -1.85615e-16 7.66337e-17 1 -3.67321e-06 1 -6.80125e-18 -1 -3.67321e-06 1.85615e-16 -0.00625001 -0.00625056 -0.16 0.0188 -0.0068 
9.9167 1.85615e-16 -7.66337e-17 -1 3.67321e-06 -1 6.80125e-18 -1 -3.67321e-06 1.85615e-16 0.00625001 0.00625056 -0.16 0.0188 -0.0068 
9.9167 3.67321e-06 -1 -8.45555e-17 1.0842e-19 -1.33694e-17 1 -1 -3.67321e-06 1.85615e-16 0.00625056 -0.00625001 -0.16 0.0188 -0.0068 
9.9167 -3.67321e-06 1 8.45555e-17 1.0842e-19 -1.33694e-17 1 1 3.67321e-06 -1.85615e-16 -0.00625056 -0.00625001 0.16 0.0188 -0.0068 
9.9167 -3.67321e-06 1 8.45555e-17 -1.0842e-19 1.33694e-17 -1 -1 -3.67321e-06 1.85615e-16 -0.00625056 0.00625001 -0.16 0.0188 -0.0068 
9.9167 3.67321e-06 -1 -8.45555e-17 -1.0842e-19 1.33694e-17 -1 1 3.67321e-06 -1.85615e-16 0.00625056 0.00625001 0.16 0.0188 -0.0068 
9.9167 -1.85615e-16 7.66337e-17 1 1 3.67321e-06 -1.0842e-19 -3.67321e-06 1 8.45555e-17 -0.00625001 0.16 -0.00625056 0.0188 -0.0068 
9.9167 -1.85615e-16 7.66337e-17 1 -1 -3.67321e-06 1.0842e-19 3.67321e-06 -1 -8.45555e-17 -0.00625001 -0.16 0.00625056 0.0188 -0.0068 
9.9167 1.85615e-16 -7.66337e-17 -1 1 3.67321e-06 -1.0842e-19 3.67321e-06 -1 -8.45555e-17 0.00625001 0.16 0.00625056 0.0188 -0.0068 
9.9167 1.85615e-16 -7.66337e-17 -1 -1 -3.67321e-06 1.0842e-19 -3.67321e-06 1 8.45555e-17 0.00625001 -0.16 -0.00625056 0.0188 -0.0068 
9.89879 1 3.67321e-06 -1.85615e-16 -1.0842e-19 1.33694e-17 -1 -3.67321e-06 1 8.45555e-17 0.16 -0.00625001 0.00624945 0.0064 -0.0192 
9.89879 -1 -3.67321e-06 1.85615e-16 -1.0842e-19 1.33694e-17 -1 3.67321e-06 -1 -8.45555e-17 -0.16 -0.00625001 -0.00624945 0.0064 -0.0192 
9.89879 -1 -3.67321e-06 1.85615e-16 1.0842e-19 -1.33694e-17 1 -3.67321e-06 1 8.45555e-17 -0.16 0.00625001 0.00624945 0.0064 -0.0192 
9.89879 1 3.67321e-06 -1.85615e-16 1.0842e-19 -1.33694e-17 1 3.67321e-06 -1 -8.45555e-17 0.16 0.00625001 -0.00624945 0.0064 -0.0192 
9.89879 -1 -3.67321e-06 1.85615e-16 3.67321e-06 -1 6.80125e-18 -1.85615e-16 7.66337e-17 1 -0.16 -0.00624945 0.00625001 0.0064 -0.0192 
9.89879 1 3.67321e-06 -1.85615e-16 3.67321e-06 -1 6.80125e-18 1.85615e-16 -7.66337e-17 -1 0.16 -0.00624945 -0.00625001 0.0064 -0.0192 
9.89879 1 3.67321e-06 -1.85615e-16 -3.67321e-06 1 -6.80125e-18 -1.85615e-16 7.66337e-17 1 0.16 0.00624945 0.00625001 0.0064 -0.0192 
9.89879 -1 -3.67321e-06 1.85615e-16 -3.67321e-06 1 -6.80125e-18 1.85615e-16 -7.66337e-17 -1 -0.16 0.00624945 -0.00625001 0.0064 -0.0192 
9.89879 -3.67321e-06 1 8.45555e-17 -1 -3.67321e-06 1.0842e-19 -1.85615e-16 7.66337e-17 1 0.00624945 -0.16 0.00625001 0.0064 -0.0192 
9.89879 -3.67321e-06 1 8.45555e-17 1 3.67321e-06 -1.0842e-19 1.85615e-16 -7.66337e-17 -1 0.00624945 0.16 -0.00625001 0.0064 -0.0192 
9.89879 3.67321e-06 -1 -8.45555e-17 -1 -3.67321e-06 1.0842e-19 1.85615e-16 -7.66337e-17 -1 -0.00624945 -0.16 -0.00625001 0.0064 -0.0192 
9.89879 3.67321e-06 -1 -8.45555e-17 1 3.67321e-06 -1.0842e-19 -1.85615e-16 7.66337e-17 1 -0.00624945 0.16 0.00625001 0.0064 -0.0192 
9.89878 -1 -3.67321e-06 1.85615e-16 -1.0842e-19 1.33694e-17 -1 3.67321e-06 -1 -8.45555e-17 -0.16 -0.00625001 0.00625056 0.0188 -0.0068 
9.89878 1 3.67321e-06 -1.85615e-16 -1.0842e-19 1.33694e-17 -1 -3.67321e-06 1 8.45555e-17 0.16 -0.00625001 -0.00625056 0.0188 -0.0068 
9.89878 1 3.67321e-06 -1.85615e-16 1.0842e-19 -1.33694e-17 1 3.67321e-06 -1 -8.45555e-17 0.16 0.00625001 0.00625056 0.0188 -0.0068 
9.89878 -1 -3.67321e-06 1.85615e-16 1.0842e-19 -1.33694e-17 1 -3.67321e-06 1 8.45555e-17 -0.16 0.00625001 -0.00625056 0.0188 -0.0068 
9.89878 1 3.67321e-06 -1.85615e-16 -3.67321e-06 1 -6.80125e-18 -1.85615e-16 7.66337e-17 1 0.16 -0.00625056 0.00625001 0.0188 -0.0068 
9.89878 1 3.67321e-06 -1.85615e-16 3.67321e-06 -1 6.80125e-18 1.85615e-16 -7.66337e-17 -1 0.16 0.00625056 -0.00625001 0.0188 -0.0068 
9.89878 -1 -3.67321e-06 1.85615e-16 -3.67321e-06 1 -6.80125e-18 1.85615e-16 -7.66337e-17 -1 -0.16 -0.00625056 -0.00625001 0.0188 -0.0068 
9.89878 -1 -3.67321e-06 1.85615e-16 3.67321e-06 -1 6.80125e-18 -1.85615e-16 7.66337e-17 1 -0.16 0.00625056 0.00625001 0.0188 -0.0068 
9.89878 3.67321e-06 -1 -8.45555e-17 1 3.67321e-06 -1.0842e-19 -1.85615e-16 7.66337e-17 1 0.00625056 0.16 0.00625001 0.0188 -0.0068 
9.89878 -3.67321e-06 1 8.45555e-17 1 3.67321e-06 -1.0842e-19 1.85615e-16 -7.66337e-17 -1 -0.00625056 0.16 -0.00625001 0.0188 -0.0068 
9.89878 3.67321e-06 -1 -8.45555e-17 -1 -3.67321e-06 1.0842e-19 1.85615e-16 -7.66337e-17 -1 0.00625056 -0.16 -0.00625001 0.0188 -0.0068 
9.89878 -3.67321e-06 1 8.45555e-17 -1 -3.67321e-06 1.0842e-19 -1.85615e-16 7.66337e-17 1 -0.00625056 -0.16 0.00625001 0.0188 -0.0068 
9.89878 1 3.67321e-06 -1.85615e-16 1.0842e-19 -1.33694e-17 1 3.67321e-06 -1 -8.45555e-17 0.16 0.00625001 5.50981e-07 0.0128 -0.0132 
9.89878 -1 -3.67321e-06 1.85615e-16 -1.0842e-19 1.33694e-17 -1 3.67321e-06 -1 -8.45555e-17 -0.16 -0.00625001 5.50981e-07 0.0128 -0.0132 
9.89878 -1 -3.67321e-06 1.85615e-16 1.0842e-19 -1.33694e-17 1 -3.67321e-06 1 8.45555e-17 -0.16 0.00625001 -5.50981e-07 0.0128 -0.0132 
9.89878 1 3.67321e-06 -1.85615e-16 -1.0842e-19 1.33694e-17 -1 -3.67321e-06 1 8.45555e-17 0.16 -0.00625001 -5.50981e-07 0.0128 -0.0132 
9.89878 1 3.67321e-06 -1.85615e-16 -3.67321e-06 1 -6.80125e-18 -1.85615e-16 7.66337e-17 1 0.16 -5.50981e-07 0.00625001 0.0128 -0.0132 
9.89878 -1 -3.67321e-06 1.85615e-16 3.67321e-06 -1 6.80125e-18 -1.85615e-16 7.66337e-17 1 -0.16 5.50981e-07 0.00625001 0.0128 -0.0132 
9.89878 1 3.67321e-06 -1.85615e-16 3.67321e-06 -1 6.80125e-18 1.85615e-16 -7.66337e-17 -1 0.16 5.50981e-07 -0.00625001 0.0128 -0.0132 
9.89878 -1 -3.67321e-06 1.85615e-16 -3.67321e-06 1 -6.80125e-18 1.85615e-16 -7.66337e-17 -1 -0.16 -5.50981e-07 -0.00625001 0.0128 -0.0132 
9.89878 -3.67321e-06 1 8.45555e-17 -1 -3.67321e-06 1.0842e-19 -1.85615e-16 7.66337e-17 1 -5.50981e-07 -0.16 0.00625001 0.0128 -0.0132 
9.89878 -3.67321e-06 1 8.45555e-17 1 3.67321e-06 -1.0842e-19 1.85615e-16 -7.66337e-17 -1 -5.50981e-07 0.16 -0.00625001 0.0128 -0.0132 
9.89878 3.67321e-06 -1 -8.45555e-17 1 3.67321e-06 -1.0842e-19 -1.85615e-16 7.66337e-17 1 5.50981e-07 0.16 0.00625001 0.0128 -0.0132 
9.89878 3.67321e-06 -1 -8.45555e-17 -1 -3.67321e-06 1.0842e-19 1.85615e-16 -7.66337e-17 -1 5.50981e-07 -0.16 -0.00625001 0.0128 -0.0132 
9.89878 -3.67321e-06 1 8.45555e-17 1.0842e-19 -1.33694e-17 1 1 3.67321e-06 -1.85615e-16 0.00624945 0.00625001 0.16 0.0064 -0.0192 
9.89878 3.67321e-06 -1 -8.45555e-17 1.0842e-19 -1.33694e-17 1 -1 -3.67321e-06 1.85615e-16 -0.00624945 0.00625001 -0.16 0.0064 -0.0192 
9.89878 3.67321e-06 -1 -8.45555e-17 -1.0842e-19 1.33694e-17 -1 1 3.67321e-06 -1.85615e-16 -0.00624945 -0.00625001 0.16 0.0064 -0.0192 
9.89878 -3.67321e-06 1 8.45555e-17 -1.0842e-19 1.33694e-17 -1 -1 -3.67321e-06 1.85615e-16 0.00624945 -0.00625001 -0.16 0.0064 -0.0192 
9.89878 -1.85615e-16 7.66337e-17 1 -3.67321e-06 1 -6.80125e-18 -1 -3.67321e-06 1.85615e-16 0.00625001 0.00624945 -0.16 0.0064 -0.0192 
9.89878 -1.85615e-16 7.66337e-17 1 3.67321e-06 -1 6.80125e-18 1 3.67321e-06 -1.85615e-16 0.00625001 -0.00624945 0.16 0.0064 -0.0192 
9.89878 1.85615e-16 -7.66337e-17 -1 3.67321e-06 -1 6.80125e-18 -1 -3.67321e-06 1.85615e-16 -0.00625001 -0.00624945 -0.16 0.0064 -0.0192 
9.89878 1.85615e-16 -7.66337e-17 -1 -3.67321e-06 1 -6.80125e-18 1 3.67321e-06 -1.85615e-16 -0.00625001 0.00624945 0.16 0.0064 -0.0192 
9.89878 1.85615e-16 -7.66337e-17 -1 1 3.67321e-06 -1.0842e-19 3.67321e-06 -1 -8.45555e-17 -0.00625001 0.16 -0.00624945 0.0064 -0.0192 
9.89878 -1.85615e-16 7.66337e-17 1 1 3.67321e-06 -1.0842e-19 -3.67321e-06 1 8.45555e-17 0.00625001 0.16 0.00624945 0.0064 -0.0192 
9.89878 1.85615e-16 -7.66337e-17 -1 -1 -3.67321e-06 1.0842e-19 -3.67321e-06 1 8.45555e-17 -0.00625001 -0.16 0.00624945 0.0064 -0.0192 
9.89878 -1.85615e-16 7.66337e-17 1 -1 -3.67321e-06 1.0842e-19 3.67321e-06 -1 -8.45555e-17 0.00625001 -0.16 -0.00624945 0.0064 -0.0192 
9.89878 -3.67321e-06 1 8.45555e-17 -1.0842e-19 1.33694e-17 -1 -1 -3.67321e-06 1.85615e-16 -0.00625056 -0.00625001 -0.16 0.0188 -0.0068 
9.89878 3.67321e-06 -1 -8.45555e-17 1.0842e-19 -1.33694e-17 1 -1 -3.67321e-06 1.85615e-16 0.00625056 0.00625001 -0.16 0.0188 -0.0068 
9.89878 3.67321e-06 -1 -8.45555e-17 -1.0842e-19 1.33694e-17 -1 1 3.67321e-06 -1.85615e-16 0.00625056 -0.00625001 0.16 0.0188 -0.0068 
9.89878 -3.67321e-06 1 8.45555e-17 1.0842e-19 -1.33694e-17 1 1 3.67321e-06 -1.85615e-16 -0.00625056 0.00625001 0.16 0.0188 -0.0068 
9.89878 -1.85615e-16 7.66337e-17 1 -3.67321e-06 1 -6.80125e-18 -1 -3.67321e-06 1.85615e-16 0.00625001 -0.00625056 -0.16 0.0188 -0.0068 
9.89878 -1.85615e-16 7.66337e-17 1 3.67321e-06 -1 6.80125e-18 1 3.67321e-06 -1.85615e-16 0.00625001 0.00625056 0.16 0.0188 -0.0068 
9.89878 1.85615e-16 -7.66337e-17 -1 3.67321e-06 -1 6.80125e-18 -1 -3.67321e-06 1.85615e-16 -0.00625001 0.00625056 -0.16 0.0188 -0.0068 
9.89878 1.85615e-16 -7.66337e-17 -1 -3.67321e-06 1 -6.80125e-18 1 3.67321e-06 -1.85615e-16 -0.00625001 -0.00625056 0.16 0.0188 -0.0068 
9.89878 -1.85615e-16 7.66337e-17 1 -1 -3.67321e-06 1.0842e-19 3.67321e-06 -1 -8.45555e-17 0.00625001 -0.16 0.00625056 0.0188 -0.0068 
9.89878 1.85615e-16 -7.66337e-17 -1 1 3.67321e-06 -1.0842e-19 3.67321e-06 -1 -8.45555e-17 -0.00625001 0.16 0.00625056 0.0188 -0.0068 
9.89878 1.85615e-16 -7.66337e-17 -1 -1 -3.67321e-06 1.0842e-19 -3.67321e-06 1 8.45555e-17 -0.00625001 -0.16 -0.00625056 0.0188 -0.0068 
9.89878 -1.85615e-16 7.66337e-17 1 1 3.67321e-06 -1.0842e-19 -3.67321e-06 1 8.45555e-17 0.00625001 0.16 -0.00625056 0.0188 -0.0068 
9.89878 3.67321e-06 -1 -8.45555e-17 -1.0842e-19 1.33694e-17 -1 1 3.67321e-06 -1.85615e-16 5.50981e-07 -0.00625001 0.16 0.0128 -0.0132 
9.89878 -3.67321e-06 1 8.45555e-17 -1.0842e-19 1.33694e-17 -1 -1 -3.67321e-06 1.85615e-16 -5.50981e-07 -0.00625001 -0.16 0.0128 -0.0132 
9.89878 3.67321e-06 -1 -8.45555e-17 1.0842e-19 -1.33694e-17 1 -1 -3.67321e-06 1.85615e-16 5.50981e-07 0.00625001 -0.16 0.0128 -0.0132 
9.89878 -3.67321e-06 1 8.45555e-17 1.0842e-19 -1.33694e-17 1 1 3.67321e-06 -1.85615e-16 -5.50981e-07 0.00625001 0.16 0.0128 -0.0132 
9.89878 -1.85615e-16 7.66337e-17 1 -3.67321e-06 1 -6.80125e-18 -1 -3.67321e-06 1.85615e-16 0.00625001 -5.50981e-07 -0.16 0.0128 -0.0132 
9.89878 1.85615e-16 -7.66337e-17 -1 3.67321e-06 -1 6.80125e-18 -1 -3.67321e-06 1.85615e-16 -0.00625001 5.50981e-07 -0.16 0.0128 -0.0132 
9.89878 -1.85615e-16 7.66337e-17 1 3.67321e-06 -1 6.80125e-18 1 3.67321e-06 -1.85615e-16 0.00625001 5.50981e-07 0.16 0.0128 -0.0132 
9.89878 1.85615e-16 -7.66337e-17 -1 -3.67321e-06 1 -6.80125e-18 1 3.67321e-06 -1.85615e-16 -0.00625001 -5.50981e-07 0.16 0.0128 -0.0132 
9.89878 1.85615e-16 -7.66337e-17 -1 -1 -3.67321e-06 1.0842e-19 -3.67321e-06 1 8.45555e-17 -0.00625001 -0.16 -5.50981e-07 0.0128 -0.0132 
9.89878 1.85615e-16 -7.66337e-17 -1 1 3.67321e-06 -1.0842e-19 3.67321e-06 -1 -8.45555e-17 -0.00625001 0.16 5.50981e-07 0.0128 -0.0132 
9.89878 -1.85615e-16 7.66337e-17 1 1 3.67321e-06 -1.0842e-19 -3.67321e-06 1 8.45555e-17 0.00625001 0.16 -5.50981e-07 0.0128 -0.0132 
9.89878 -1.85615e-16 7.66337e-17 1 -1 -3.67321e-06 1.0842e-19 3.67321e-06 -1 -8.45555e-17 0.00625001 -0.16 5.50981e-07 0.0128 -0.0132 
8.69154 3.67321e-06 -1 -8.45555e-17 1.0842e-19 -1.33694e-17 1 -1 -3.67321e-06 1.85615e-16 5.50981e-07 0.0125 -0.16 0.0128 -0.0132 
8.69154 -3.67321e-06 1 8.45555e-17 1.0842e-19 -1.33694e-17 1 1 3.67321e-06 -1.85615e-16 -5.50981e-07 0.0125 0.16 0.0128 -0.0132 
8.69154 -1.85615e-16 7.66337e-17 1 -1 -3.67321e-06 1.0842e-19 3.67321e-06 -1 -8.45555e-17 0.0125 -0.16 5.50981e-07 0.0128 -0.0132 
8.69154 -1.85615e-16 7.66337e-17 1 1 3.67321e-06 -1.0842e-19 -3.67321e-06 1 8.45555e-17 0.0125 0.16 -5.50981e-07 0.0128 -0.0132 
8.69154 -3.67321e-06 1 8.45555e-17 1.0842e-19 -1.33694e-17 1 1 3.67321e-06 -1.85615e-16 -0.00625056 0.0125 0.16 0.0188 -0.0068 
8.69154 3.67321e-06 -1 -8.45555e-17 1.0842e-19 -1.33694e-17 1 -1 -3.67321e-06 1.85615e-16 0.00625056 0.0125 -0.16 0.0188 -0.0068 
8.69154 -1.85615e-16 7.66337e-17 1 1 3.67321e-06 -1.0842e-19 -3.67321e-06 1 8.45555e-17 0.0125 0.16 -0.00625056 0.0188 -0.0068 
8.69154 -1.85615e-16 7.66337e-17 1 -1 -3.67321e-06 1.0842e-19 3.67321e-06 -1 -8.45555e-17 0.0125 -0.16 0.00625056 0.0188 -0.0068 
8.69154 -3.67321e-06 1 8.45555e-17 1.0842e-19 -1.33694e-17 1 1 3.67321e-06 -1.85615e-16 0.00624945 0.0125 0.16 0.0064 -0.0194 
8.69154 3.67321e-06 -1 -8.45555e-17 1.0842e-19 -1.33694e-17 1 -1 -3.67321e-06 1.85615e-16 -0.00624945 0.0125 -0.16 0.0064 -0.0194 
8.69154 -1.85615e-16 7.66337e-17 1 1 3.67321e-06 -1.0842e-19 -3.67321e-06 1 8.45555e-17 0.0125 0.16 0.00624945 0.0064 -0.0194 
8.69154 -1.85615e-16 7.66337e-17 1 -1 -3.67321e-06 1.0842e-19 3.67321e-06 -1 -8.45555e-17 0.0125 -0.16 -0.00624945 0.0064 -0.0194 
8.64283 1 3.67321e-06 -1.85615e-16 1.0842e-19 -1.33694e-17 1 3.67321e-06 -1 -8.45555e-17 0.16 -0.0125 -0.00624945 0.0064 -0.0194 
8.64283 -1 -3.67321e-06 1.85615e-16 -1.0842e-19 1.33694e-17 -1 3.67321e-06 -1 -8.45555e-17 -0.16 0.0125 -0.00624945 0.0064 -0.0194 
8.64283 -1 -3.67321e-06 1.85615e-16 1.0842e-19 -1.33694e-17 1 -3.67321e-06 1 8.45555e-17 -0.16 -0.0125 0.00624945 0.0064 -0.0194 
8.64283 1 3.67321e-06 -1.85615e-16 -1.0842e-19 1.33694e-17 -1 -3.67321e-06 1 8.45555e-17 0.16 0.0125 0.00624945 0.0064 -0.0194 
8.64283 -1 -3.67321e-06 1.85615e-16 3.67321e-06 -1 6.80125e-18 -1.85615e-16 7.66337e-17 1 -0.16 -0.00624945 -0.0125 0.0064 -0.0194 
8.64283 -1 -3.67321e-06 1.85615e-16 -3.67321e-06 1 -6.80125e-18 1.85615e-16 -7.66337e-17 -1 -0.16 0.00624945 0.0125 0.0064 -0.0194 
8.64283 1 3.67321e-06 -1.85615e-16 3.67321e-06 -1 6.80125e-18 1.85615e-16 -7.66337e-17 -1 0.16 -0.00624945 0.0125 0.0064 -0.0194 
8.64283 1 3.67321e-06 -1.85615e-16 -3.67321e-06 1 -6.80125e-18 -1.85615e-16 7.66337e-17 1 0.16 0.00624945 -0.0125 0.0064 -0.0194 
8.64283 3.67321e-06 -1 -8.45555e-17 -1 -3.67321e-06 1.0842e-19 1.85615e-16 -7.66337e-17 -1 -0.00624945 -0.16 0.0125 0.0064 -0.0194 
8.64283 3.67321e-06 -1 -8.45555e-17 1 3.67321e-06 -1.0842e-19 -1.85615e-16 7.66337e-17 1 -0.00624945 0.16 -0.0125 0.0064 -0.0194 
8.64283 -3.67321e-06 1 8.45555e-17 -1 -3.67321e-06 1.0842e-19 -1.85615e-16 7.66337e-17 1 0.00624945 -0.16 -0.0125 0.0064 -0.0194 
8.64283 -3.67321e-06 1 8.45555e-17 1 3.67321e-06 -1.0842e-19 1.85615e-16 -7.66337e-17 -1 0.00624945 0.16 0.0125 0.0064 -0.0194 
8.64283 -1 -3.67321e-06 1.85615e-16 -1.0842e-19 1.33694e-17 -1 3.67321e-06 -1 -8.45555e-17 -0.16 0.0125 0.00625056 0.0188 -0.0068 
8.64283 -1 -3.67321e-06 1.85615e-16 1.0842e-19 -1.33694e-17 1 -3.67321e-06 1 8.45555e-17 -0.16 -0.0125 -0.00625056 0.0188 -0.0068 
8.64283 1 3.67321e-06 -1.85615e-16 -1.0842e-19 1.33694e-17 -1 -3.67321e-06 1 8.45555e-17 0.16 0.0125 -0.00625056 0.0188 -0.0068 
8.64283 1 3.67321e-06 -1.85615e-16 1.0842e-19 -1.33694e-17 1 3.67321e-06 -1 -8.45555e-17 0.16 -0.0125 0.00625056 0.0188 -0.0068 
8.64283 -1 -3.67321e-06 1.85615e-16 3.67321e-06 -1 6.80125e-18 -1.85615e-16 7.66337e-17 1 -0.16 0.00625056 -0.0125 0.0188 -0.0068 
8.64283 -1 -3.67321e-06 1.85615e-16 -3.67321e-06 1 -6.80125e-18 1.85615e-16 -7.66337e-17 -1 -0.16 -0.00625056 0.0125 0.0188 -0.0068 
8.64283 1 3.67321e-06 -1.85615e-16 3.67321e-06 -1 6.80125e-18 1.85615e-16 -7.66337e-17 -1 0.16 0.00625056 0.0125 0.0188 -0.0068 
8.64283 1 3.67321e-06 -1.85615e-16 -3.67321e-06 1 -6.80125e-18 -1.85615e-16 7.66337e-17 1 0.16 -0.00625056 -0.0125 0.0188 -0.0068 
8.64283 -3.67321e-06 1 8.45555e-17 -1 -3.67321e-06 1.0842e-19 -1.85615e-16 7.66337e-17 1 -0.00625056 -0.16 -0.0125 0.0188 -0.0068 
8.64283 3.67321e-06 -1 -8.45555e-17 1 3.67321e-06 -1.0842e-19 -1.85615e-16 7.66337e-17 1 0.00625056 0.16 -0.0125 0.0188 -0.0068 
8.64283 3.67321e-06 -1 -8.45555e-17 -1 -3.67321e-06 1.0842e-19 1.85615e-16 -7.66337e-17 -1 0.00625056 -0.16 0.0125 0.0188 -0.0068 
8.64283 -3.67321e-06 1 8.45555e-17 1 3.67321e-06 -1.0842e-19 1.85615e-16 -7.66337e-17 -1 -0.00625056 0.16 0.0125 0.0188 -0.0068 
8.64283 -1 -3.67321e-06 1.85615e-16 -1.0842e-19 1.33694e-17 -1 3.67321e-06 -1 -8.45555e-17 -0.16 0.0125 5.50981e-07 0.0128 -0.0132 
8.64283 1 3.67321e-06 -1.85615e-16 1.0842e-19 -1.33694e-17 1 3.67321e-06 -1 -8.45555e-17 0.16 -0.0125 5.50981e-07 0.0128 -0.0132 
8.64283 1 3.67321e-06 -1.85615e-16 -1.0842e-19 1.33694e-17 -1 -3.67321e-06 1 8.45555e-17 0.16 0.0125 -5.50981e-07 0.0128 -0.0132 
8.64283 -1 -3.67321e-06 1.85615e-16 1.0842e-19 -1.33694e-17 1 -3.67321e-06 1 8.45555e-17 -0.16 -0.0125 -5.50981e-07 0.0128 -0.0132 
8.64283 -1 -3.67321e-06 1.85615e-16 3.67321e-06 -1 6.80125e-18 -1.85615e-16 7.66337e-17 1 -0.16 5.50981e-07 -0.0125 0.0128 -0.0132 
8.64283 1 3.67321e-06 -1.85615e-16 -3.67321e-06 1 -6.80125e-18 -1.85615e-16 7.66337e-17 1 0.16 -5.50981e-07 -0.0125 0.0128 -0.0132 
8.64283 1 3.67321e-06 -1.85615e-16 3.67321e-06 -1 6.80125e-18 1.85615e-16 -7.66337e-17 -1 0.16 5.50981e-07 0.0125 0.0128 -0.0132 
8.64283 -1 -3.67321e-06 1.85615e-16 -3.67321e-06 1 -6.80125e-18 1.85615e-16 -7.66337e-17 -1 -0.16 -5.50981e-07 0.0125 0.0128 -0.0132 
8.64283 -3.67321e-06 1 8.45555e-17 1 3.67321e-06 -1.0842e-19 1.85615e-16 -7.66337e-17 -1 -5.50981e-07 0.16 0.0125 0.0128 -0.0132 
8.64283 3.67321e-06 -1 -8.45555e-17 -1 -3.67321e-06 1.0842e-19 1.85615e-16 -7.66337e-17 -1 5.50981e-07 -0.16 0.0125 0.0128 -0.0132 
8.64283 3.67321e-06 -1 -8.45555e-17 1 3.67321e-06 -1.0842e-19 -1.85615e-16 7.66337e-17 1 5.50981e-07 0.16 -0.0125 0.0128 -0.0132 
8.64283 -3.67321e-06 1 8.45555e-17 -1 -3.67321e-06 1.0842e-19 -1.85615e-16 7.66337e-17 1 -5.50981e-07 -0.16 -0.0125 0.0128 -0.0132 
8.64281 -1.85615e-16 7.66337e-17 1 -3.67321e-06 1 -6.80125e-18 -1 -3.67321e-06 1.85615e-16 -0.0125 0.00624945 -0.16 0.0064 -0.0194 
8.64281 -1.85615e-16 7.66337e-17 1 3.67321e-06 -1 6.80125e-18 1 3.67321e-06 -1.85615e-16 -0.0125 -0.00624945 0.16 0.0064 -0.0194 
8.64281 1.85615e-16 -7.66337e-17 -1 3.67321e-06 -1 6.80125e-18 -1 -3.67321e-06 1.85615e-16 0.0125 -0.00624945 -0.16 0.0064 -0.0194 
8.64281 1.85615e-16 -7.66337e-17 -1 -3.67321e-06 1 -6.80125e-18 1 3.67321e-06 -1.85615e-16 0.0125 0.00624945 0.16 0.0064 -0.0194 
8.64281 3.67321e-06 -1 -8.45555e-17 1.0842e-19 -1.33694e-17 1 -1 -3.67321e-06 1.85615e-16 -0.00624945 -0.0125 -0.16 0.0064 -0.0194 
8.64281 3.67321e-06 -1 -8.45555e-17 -1.0842e-19 1.33694e-17 -1 1 3.67321e-06 -1.85615e-16 -0.00624945 0.0125 0.16 0.0064 -0.0194 
8.64281 -3.67321e-06 1 8.45555e-17 1.0842e-19 -1.33694e-17 1 1 3.67321e-06 -1.85615e-16 0.00624945 -0.0125 0.16 0.0064 -0.0194 
8.64281 -3.67321e-06 1 8.45555e-17 -1.0842e-19 1.33694e-17 -1 -1 -3.67321e-06 1.85615e-16 0.00624945 0.0125 -0.16 0.0064 -0.0194 
8.64281 -1.85615e-16 7.66337e-17 1 -1 -3.67321e-06 1.0842e-19 3.67321e-06 -1 -8.45555e-17 -0.0125 -0.16 -0.00624945 0.0064 -0.0194 
8.64281 -1.85615e-16 7.66337e-17 1 1 3.67321e-06 -1.0842e-19 -3.67321e-06 1 8.45555e-17 -0.0125 0.16 0.00624945 0.0064 -0.0194 
8.64281 1.85615e-16 -7.66337e-17 -1 1 3.67321e-06 -1.0842e-19 3.67321e-06 -1 -8.45555e-17 0.0125 0.16 -0.00624945 0.0064 -0.0194 
8.64281 1.85615e-16 -7.66337e-17 -1 -1 -3.67321e-06 1.0842e-19 -3.67321e-06 1 8.45555e-17 0.0125 -0.16 0.00624945 0.0064 -0.0194 
8.6428 -1.85615e-16 7.66337e-17 1 3.67321e-06 -1 6.80125e-18 1 3.67321e-06 -1.85615e-16 -0.0125 0.00625056 0.16 0.0188 -0.0068 
8.6428 1.85615e-16 -7.66337e-17 -1 -3.67321e-06 1 -6.80125e-18 1 3.67321e-06 -1.85615e-16 0.0125 -0.00625056 0.16 0.0188 -0.0068 
8.6428 1.85615e-16 -7.66337e-17 -1 3.67321e-06 -1 6.80125e-18 -1 -3.67321e-06 1.85615e-16 0.0125 0.00625056 -0.16 0.0188 -0.0068 
8.6428 -1.85615e-16 7.66337e-17 1 -3.67321e-06 1 -6.80125e-18 -1 -3.67321e-06 1.85615e-16 -0.0125 -0.00625056 -0.16 0.0188 -0.0068 
8.6428 -3.67321e-06 1 8.45555e-17 1.0842e-19 -1.33694e-17 1 1 3.67321e-06 -1.85615e-16 -0.00625056 -0.0125 0.16 0.0188 -0.0068 
8.6428 3.67321e-06 -1 -8.45555e-17 -1.0842e-19 1.33694e-17 -1 1 3.67321e-06 -1.85615e-16 0.00625056 0.0125 0.16 0.0188 -0.0068 
8.6428 3.67321e-06 -1 -8.45555e-17 1.0842e-19 -1.33694e-17 1 -1 -3.67321e-06 1.85615e-16 0.00625056 -0.0125 -0.16 0.0188 -0.0068 
8.6428 -3.67321e-06 1 8.45555e-17 -1.0842e-19 1.33694e-17 -1 -1 -3.67321e-06 1.85615e-16 -0.00625056 0.0125 -0.16 0.0188 -0.0068 
8.6428 1.85615e-16 -7.66337e-17 -1 -1 -3.67321e-06 1.0842e-19 -3.67321e-06 1 8.45555e-17 0.0125 -0.16 -0.00625056 0.0188 -0.0068 
8.6428 -1.85615e-16 7.66337e-17 1 -1 -3.67321e-06 1.0842e-19 3.67321e-06 -1 -8.45555e-17 -0.0125 -0.16 0.00625056 0.0188 -0.0068 
8.6428 -1.85615e-16 7.66337e-17 1 1 3.67321e-06 -1.0842e-19 -3.67321e-06 1 8.45555e-17 -0.0125 0.16 -0.00625056 0.0188 -0.0068 
8.6428 1.85615e-16 -7.66337e-17 -1 1 3.67321e-06 -1.0842e-19 3.67321e-06 -1 -8.45555e-17 0.0125 0.16 0.00625056 0.0188 -0.0068 
8.6428 1.85615e-16 -7.66337e-17 -1 -3.67321e-06 1 -6.80125e-18 1 3.67321e-06 -1.85615e-16 0.0125 -5.50981e-07 0.16 0.0128 -0.0132 
8.6428 1.85615e-16 -7.66337e-17 -1 3.67321e-06 -1 6.80125e-18 -1 -3.67321e-06 1.85615e-16 0.0125 5.50981e-07 -0.16 0.0128 -0.0132 
8.6428 -1.85615e-16 7.66337e-17 1 3.67321e-06 -1 6.80125e-18 1 3.67321e-06 -1.85615e-16 -0.0125 5.50981e-07 0.16 0.0128 -0.0132 
8.6428 -1.85615e-16 7.66337e-17 1 -3.67321e-06 1 -6.80125e-18 -1 -3.67321e-06 1.85615e-16 -0.0125 -5.50981e-07 -0.16 0.0128 -0.0132 
8.6428 -3.67321e-06 1 8.45555e-17 -1.0842e-19 1.33694e-17 -1 -1 -3.67321e-06 1.85615e-16 -5.50981e-07 0.0125 -0.16 0.0128 -0.0132 
8.6428 -3.67321e-06 1 8.45555e-17 1.0842e-19 -1.33694e-17 1 1 3.67321e-06 -1.85615e-16 -5.50981e-07 -0.0125 0.16 0.0128 -0.0132 
8.6428 3.67321e-06 -1 -8.45555e-17 -1.0842e-19 1.33694e-17 -1 1 3.67321e-06 -1.85615e-16 5.50981e-07 0.0125 0.16 0.0128 -0.0132 
8.6428 3.67321e-06 -1 -8.45555e-17 1.0842e-19 -1.33694e-17 1 -1 -3.67321e-06 1.85615e-16 5.50981e-07 -0.0125 -0.16 0.0128 -0.0132 
8.6428 1.85615e-16 -7.66337e-17 -1 -1 -3.67321e-06 1.0842e-19 -3.67321e-06 1 8.45555e-17 0.0125 -0.16 -5.50981e-07 0.0128 -0.0132 
8.6428 1.85615e-16 -7.66337e-17 -1 1 3.67321e-06 -1.0842e-19 3.67321e-06 -1 -8.45555e-17 0.0125 0.16 5.50981e-07 0.0128 -0.0132 
8.6428 -1.85615e-16 7.66337e-17 1 -1 -3.67321e-06 1.0842e-19 3.67321e-06 -1 -8.45555e-17 -0.0125 -0.16 5.50981e-07 0.0128 -0.0132 
8.6428 -1.85615e-16 7.66337e-17 1 1 3.67321e-06 -1.0842e-19 -3.67321e-06 1 8.45555e-17 -0.0125 0.16 -5.50981e-07 0.0128 -0.0132 
4.78135 1 3.67321e-06 -1.85615e-16 3.67321e-06 -1 6.80125e-18 1.85615e-16 -7.66337e-17 -1 0.16 5.50981e-07 0.01875 0.0124 -0.0128 
4.78135 1 3.67321e-06 -1.85615e-16 -1.0842e-19 1.33694e-17 -1 -3.67321e-06 1 8.45555e-17 0.16 0.01875 -5.50981e-07 0.0124 -0.0128 
4.78135 1 3.67321e-06 -1.85615e-16 1.0842e-19 -1.33694e-17 1 3.67321e-06 -1 -8.45555e-17 0.16 -0.01875 5.50981e-07 0.0124 -0.0128 
4.78135 1 3.67321e-06 -1.85615e-16 3.67321e-06 -1 6.80125e-18 1.85615e-16 -7.66337e-17 -1 0.16 -0.00624945 0.01875 0.0064 -0.0194 
4.78135 1 3.67321e-06 -1.85615e-16 1.0842e-19 -1.33694e-17 1 3.67321e-06 -1 -8.45555e-17 0.16 -0.01875 -0.00624945 0.0064 -0.0194 
4.78135 1 3.67321e-06 -1.85615e-16 -1.0842e-19 1.33694e-17 -1 -3.67321e-06 1 8.45555e-17 0.16 0.01875 0.00624945 0.0064 -0.0194 
4.78134 3.67321e-06 -1 -8.45555e-17 1 3.67321e-06 -1.0842e-19 -1.85615e-16 7.66337e-17 1 0.00625056 0.16 -0.01875 0.0188 -0.0068 
4.78134 -3.67321e-06 1 8.45555e-17 1 3.67321e-06 -1.0842e-19 1.85615e-16 -7.66337e-17 -1 -0.00625056 0.16 0.01875 0.0188 -0.0068 
4.78134 3.67321e-06 -1 -8.45555e-17 -1 -3.67321e-06 1.0842e-19 1.85615e-16 -7.66337e-17 -1 0.00625056 -0.16 0.01875 0.0188 -0.0068 
4.78133 3.67321e-06 -1 -8.45555e-17 1 3.67321e-06 -1.0842e-19 -1.85615e-16 7.66337e-17 1 5.50981e-07 0.16 -0.01875 0.0124 -0.0128 
4.78133 -3.67321e-06 1 8.45555e-17 1 3.67321e-06 -1.0842e-19 1.85615e-16 -7.66337e-17 -1 -5.50981e-07 0.16 0.01875 0.0124 -0.0128 
4.78133 3.67321e-06 -1 -8.45555e-17 -1 -3.67321e-06 1.0842e-19 1.85615e-16 -7.66337e-17 -1 5.50981e-07 -0.16 0.01875 0.0124 -0.0128 
4.78133 3.67321e-06 -1 -8.45555e-17 -1 -3.67321e-06 1.0842e-19 1.85615e-16 -7.66337e-17 -1 -0.00624945 -0.16 0.01875 0.0064 -0.0194 
4.78133 -3.67321e-06 1 8.45555e-17 1 3.67321e-06 -1.0842e-19 1.85615e-16 -7.66337e-17 -1 0.00624945 0.16 0.01875 0.0064 -0.0194 
4.78133 3.67321e-06 -1 -8.45555e-17 1 3.67321e-06 -1.0842e-19 -1.85615e-16 7.66337e-17 1 -0.00624945 0.16 -0.01875 0.0064 -0.0194 
4.69959 -1.85615e-16 7.66337e-17 1 -3.67321e-06 1 -6.80125e-18 -1 -3.67321e-06 1.85615e-16 0.01875 -0.00625056 -0.16 0.0188 -0.0068 
4.69959 3.67321e-06 -1 -8.45555e-17 1.0842e-19 -1.33694e-17 1 -1 -3.67321e-06 1.85615e-16 0.00625056 0.01875 -0.16 0.0188 -0.0068 
4.69957 -1.85615e-16 7.66337e-17 1 1 3.67321e-06 -1.0842e-19 -3.67321e-06 1 8.45555e-17 0.01875 0.16 -0.00625056 0.0188 -0.0068 
4.69957 -1.85615e-16 7.66337e-17 1 -1 -3.67321e-06 1.0842e-19 3.67321e-06 -1 -8.45555e-17 0.01875 -0.16 0.00625056 0.0188 -0.0068 
4.69923 -1.85615e-16 7.66337e-17 1 -3.67321e-06 1 -6.80125e-18 -1 -3.67321e-06 1.85615e-16 0.01875 -5.50981e-07 -0.16 0.0124 -0.0128 
4.69923 -1.85615e-16 7.66337e-17 1 3.67321e-06 -1 6.80125e-18 1 3.67321e-06 -1.85615e-16 0.01875 5.50981e-07 0.16 0.0124 -0.0128 
4.69923 3.67321e-06 -1 -8.45555e-17 1.0842e-19 -1.33694e-17 1 -1 -3.67321e-06 1.85615e-16 5.50981e-07 0.01875 -0.16 0.0124 -0.0128 
4.69923 3.67321e-06 -1 -8.45555e-17 -1.0842e-19 1.33694e-17 -1 1 3.67321e-06 -1.85615e-16 5.50981e-07 -0.01875 0.16 0.0124 -0.0128 
4.69922 -1.85615e-16 7.66337e-17 1 -3.67321e-06 1 -6.80125e-18 -1 -3.67321e-06 1.85615e-16 0.01875 0.00624945 -0.16 0.0064 -0.0192 
4.69922 3.67321e-06 -1 -8.45555e-17 1.0842e-19 -1.33694e-17 1 -1 -3.67321e-06 1.85615e-16 -0.00624945 0.01875 -0.16 0.0064 -0.0192 
4.69922 -1.85615e-16 7.66337e-17 1 -1 -3.67321e-06 1.0842e-19 3.67321e-06 -1 -8.45555e-17 0.01875 -0.16 5.50981e-07 0.0124 -0.0128 
4.69922 -1.85615e-16 7.66337e-17 1 1 3.67321e-06 -1.0842e-19 -3.67321e-06 1 8.45555e-17 0.01875 0.16 -5.50981e-07 0.0124 -0.0128 
4.6992 -1.85615e-16 7.66337e-17 1 -1 -3.67321e-06 1.0842e-19 3.67321e-06 -1 -8.45555e-17 0.01875 -0.16 -0.00624945 0.0064 -0.0192 
4.6992 -1.85615e-16 7.66337e-17 1 1 3.67321e-06 -1.0842e-19 -3.67321e-06 1 8.45555e-17 0.01875 0.16 0.00624945 0.0064 -0.0192 
4.68475 3.67321e-06 -1 -8.45555e-17 -1.0842e-19 1.33694e-17 -1 1 3.67321e-06 -1.85615e-16 5.50981e-07 0.01875 0.16 0.0124 -0.0128 
4.68475 3.67321e-06 -1 -8.45555e-17 1.0842e-19 -1.33694e-17 1 -1 -3.67321e-06 1.85615e-16 5.50981e-07 -0.01875 -0.16 0.0124 -0.0128 
4.68474 -1.85615e-16 7.66337e-17 1 3.67321e-06 -1 6.80125e-18 1 3.67321e-06 -1.85615e-16 -0.01875 5.50981e-07 0.16 0.0124 -0.0128 
4.68474 -1.85615e-16 7.66337e-17 1 -3.67321e-06 1 -6.80125e-18 -1 -3.67321e-06 1.85615e-16 -0.01875 -5.50981e-07 -0.16 0.0124 -0.0128 
4.68474 3.67321e-06 -1 -8.45555e-17 -1.0842e-19 1.33694e-17 -1 1 3.67321e-06 -1.85615e-16 0.00625056 0.01875 0.16 0.0188 -0.0068 
4.68474 3.67321e-06 -1 -8.45555e-17 1.0842e-19 -1.33694e-17 1 -1 -3.67321e-06 1.85615e-16 0.00625056 -0.01875 -0.16 0.0188 -0.0068 
4.68474 -3.67321e-06 1 8.45555e-17 1.0842e-19 -1.33694e-17 1 1 3.67321e-06 -1.85615e-16 -0.00625056 -0.01875 0.16 0.0188 -0.0068 
4.68474 -3.67321e-06 1 8.45555e-17 -1.0842e-19 1.33694e-17 -1 -1 -3.67321e-06 1.85615e-16 -0.00625056 0.01875 -0.16 0.0188 -0.0068 
4.68474 -1.85615e-16 7.66337e-17 1 3.67321e-06 -1 6.80125e-18 1 3.67321e-06 -1.85615e-16 -0.01875 0.00625056 0.16 0.0188 -0.0068 
4.68474 -1.85615e-16 7.66337e-17 1 -3.67321e-06 1 -6.80125e-18 -1 -3.67321e-06 1.85615e-16 -0.01875 -0.00625056 -0.16 0.0188 -0.0068 
4.68473 -1.85615e-16 7.66337e-17 1 -1 -3.67321e-06 1.0842e-19 3.67321e-06 -1 -8.45555e-17 -0.01875 -0.16 5.50981e-07 0.0124 -0.0128 
4.68473 -1.85615e-16 7.66337e-17 1 1 3.67321e-06 -1.0842e-19 -3.67321e-06 1 8.45555e-17 -0.01875 0.16 -5.50981e-07 0.0124 -0.0128 
4.68472 -1.85615e-16 7.66337e-17 1 -1 -3.67321e-06 1.0842e-19 3.67321e-06 -1 -8.45555e-17 -0.01875 -0.16 0.00625056 0.0188 -0.0068 
4.68472 -1.85615e-16 7.66337e-17 1 1 3.67321e-06 -1.0842e-19 -3.67321e-06 1 8.45555e-17 -0.01875 0.16 -0.00625056 0.0188 -0.0068 
4.68413 3.67321e-06 -1 -8.45555e-17 1.0842e-19 -1.33694e-17 1 -1 -3.67321e-06 1.85615e-16 -0.00624945 -0.01875 -0.16 0.0064 -0.0194 
4.68413 3.67321e-06 -1 -8.45555e-17 -1.0842e-19 1.33694e-17 -1 1 3.67321e-06 -1.85615e-16 -0.00624945 0.01875 0.16 0.0064 -0.0194 
4.68413 -1.85615e-16 7.66337e-17 1 3.67321e-06 -1 6.80125e-18 1 3.67321e-06 -1.85615e-16 -0.01875 -0.00624945 0.16 0.0064 -0.0194 
4.68413 -1.85615e-16 7.66337e-17 1 -3.67321e-06 1 -6.80125e-18 -1 -3.67321e-06 1.85615e-16 -0.01875 0.00624945 -0.16 0.0064 -0.0194 
