10.1496 -0.027319 0.353379 -0.935081 -0.0334002 0.934585 0.354168 0.999069 0.0409074 -0.013729 0.00147938 -0.00367566 0.0975594 0.4478 -0.4478 -0.4438 0.4438 
9.99329 -0.026468 -0.353505 0.935058 -0.0287412 -0.93473 -0.354194 0.999236 -0.0362495 0.0145803 -0.0113399 -0.00243192 0.097253 0.4568 -0.4568 -0.4348 0.4348 
9.58325 -0.026468 -0.353505 0.935058 -0.0287412 -0.93473 -0.354194 0.999236 -0.0362495 0.0145803 0.00407183 -0.0038446 0.0976239 0.4534 -0.4534 -0.4382 0.4382 
9.48233 -0.027319 0.353379 -0.935081 -0.0334002 0.934585 0.354168 0.999069 0.0409074 -0.013729 0.00314828 0.0120437 0.0880847 0.9046 -0.9046 -0.0764 0.0764 
9.41678 0.0268949 0.179232 -0.983439 0.0334391 -0.983406 -0.178311 -0.999079 -0.0280897 -0.0324419 -0.00768546 0.0188065 -0.0821368 0.0566 -0.0566 -0.9476 0.9476 
9.40418 0.0268922 -0.179106 0.983462 0.0287023 0.983551 0.178338 -0.999226 0.0234317 0.0315906 -0.00510538 0.0185013 -0.0820769 0.9592 -0.9592 -0.0497 0.0497 
9.3712 -0.027319 0.353379 -0.935081 -0.0334002 0.934585 0.354168 0.999069 0.0409074 -0.013729 -0.0139324 -0.00226298 0.0971885 0.4444 -0.4444 -0.447 0.447 
9.33658 -0.0905807 0.240181 -0.966493 -0.995247 -0.0566688 0.0791929 -0.0357493 0.969073 0.244173 -0.00438238 -0.0905936 0.0100756 0.4684 -0.4684 -0.6928 0.6928 
9.32071 0.0901566 0.29243 -0.952028 0.995286 0.00784821 0.0966638 0.0357391 -0.956255 -0.290344 0.0118933 0.0885625 0.0161534 0.7068 -0.7068 -0.4694 0.4694 
9.32066 0.0907076 -0.292008 0.952105 0.995394 -0.00320805 -0.0958157 0.0310334 0.95641 0.290372 0.0144814 0.0883275 0.0161472 0.477 -0.477 -0.6968 0.6968 
9.29676 0.0268949 0.179232 -0.983439 0.0334391 -0.983406 -0.178311 -0.999079 -0.0280897 -0.0324419 -0.0104854 -0.0120109 -0.0831705 0.9502 -0.9502 -0.0464 0.0464 
9.22403 -0.0902835 -0.240603 0.966416 -0.995433 0.0520286 -0.080041 -0.0310232 -0.969228 -0.244201 -0.00179796 -0.0908328 0.0102062 0.7034 -0.7034 -0.4586 0.4586 
9.21953 -0.0245634 -0.93513 -0.353454 -0.0314981 0.354109 -0.934674 0.999202 -0.0118256 -0.0381529 0.0110981 0.00194188 0.097993 0.2102 -0.2102 -0.8198 0.8198 
9.21662 -0.0292237 0.935004 0.353431 -0.0306433 -0.354253 0.934647 0.999103 0.0164836 0.0390042 0.0112648 0.00453387 0.0980781 0.8302 -0.8302 -0.2008 0.2008 
9.21633 -0.0245634 -0.93513 -0.353454 -0.0314981 0.354109 -0.934674 0.999202 -0.0118256 -0.0381529 0.00969809 -0.0134668 0.0974761 0.2068 -0.2068 -0.8234 0.8234 
9.21345 -0.0292237 0.935004 0.353431 -0.0306433 -0.354253 0.934647 0.999103 0.0164836 0.0390042 0.00986488 -0.0108748 0.0975612 0.8338 -0.8338 -0.1974 0.1974 
9.14563 -0.027319 0.353379 -0.935081 -0.0334002 0.934585 0.354168 0.999069 0.0409074 -0.013729 -0.0122635 0.0134564 0.0877138 0.901 -0.901 -0.0722 0.0722 
9.00845 -0.026468 -0.353505 0.935058 -0.0287412 -0.93473 -0.354194 0.999236 -0.0362495 0.0145803 0.00574073 0.0118748 0.0881492 0.0799 -0.0799 -0.8942 0.8942 
9.00632 -0.026468 -0.353505 0.935058 -0.0287412 -0.93473 -0.354194 0.999236 -0.0362495 0.0145803 -0.00967101 0.0132875 0.0877783 0.0802 -0.0802 -0.8906 0.8906 
8.98373 -0.0245634 -0.93513 -0.353454 -0.0314981 0.354109 -0.934674 0.999202 -0.0118256 -0.0381529 -0.00431368 0.00335456 0.0976221 0.5947 -0.5947 -0.4022 0.4022 
8.98223 -0.0292237 0.935004 0.353431 -0.0306433 -0.354253 0.934647 0.999103 0.0164836 0.0390042 -0.00414689 0.00594656 0.0977072 0.4118 -0.4118 -0.5847 0.5847 
8.98106 -0.0245634 -0.93513 -0.353454 -0.0314981 0.354109 -0.934674 0.999202 -0.0118256 -0.0381529 -0.00571365 -0.0120541 0.0971052 0.5909 -0.5909 -0.4058 0.4058 
8.97947 -0.0292237 0.935004 0.353431 -0.0306433 -0.354253 0.934647 0.999103 0.0164836 0.0390042 -0.00554685 -0.00946214 0.0971903 0.4154 -0.4154 -0.5811 0.5811 
8.94547 0.0268922 -0.179106 0.983462 0.0287023 0.983551 0.178338 -0.999226 0.0234317 0.0315906 -0.00790531 -0.0123161 -0.0831106 0.0517 -0.0517 -0.9388 0.9388 
8.87649 0.0268949 0.179232 -0.983439 0.0334391 -0.983406 -0.178311 -0.999079 -0.0280897 -0.0324419 -0.00908542 0.00339777 -0.0826537 0.4584 -0.4584 -0.4576 0.4576 
8.87526 0.0268922 -0.179106 0.983462 0.0287023 0.983551 0.178338 -0.999226 0.0234317 0.0315906 -0.00650535 0.00309259 -0.0825937 0.465 -0.465 -0.4508 0.4508 
8.8718 0.0268949 0.179232 -0.983439 0.0334391 -0.983406 -0.178311 -0.999079 -0.0280897 -0.0324419 0.00632632 0.00198509 -0.0822828 0.4622 -0.4622 -0.4538 0.4538 
8.87025 0.0268922 -0.179106 0.983462 0.0287023 0.983551 0.178338 -0.999226 0.0234317 0.0315906 0.00890639 0.00167991 -0.0822228 0.4614 -0.4614 -0.4548 0.4548 
8.78674 0.0268949 0.179232 -0.983439 0.0334391 -0.983406 -0.178311 -0.999079 -0.0280897 -0.0324419 0.023138 0.0159811 -0.081395 0.0627 -0.0627 -0.9326 0.9326 
8.77633 0.0268949 0.179232 -0.983439 0.0334391 -0.983406 -0.178311 -0.999079 -0.0280897 -0.0324419 0.0217381 0.00057241 -0.0819119 0.4624 -0.4624 -0.4466 0.4466 
8.76289 0.0268922 -0.179106 0.983462 0.0287023 0.983551 0.178338 -0.999226 0.0234317 0.0315906 0.0103064 0.0170886 -0.081706 0.9556 -0.9556 -0.0532 0.0532 
8.68571 0.995756 -0.09201 0.00214717 -0.088898 -0.967592 -0.236353 0.0238244 0.235159 -0.971665 0.0857857 -0.0237342 0.00556898 0.956 -0.956 -0.0682 0.0682 
8.68511 0.995317 0.0966511 -0.0012989 -0.0936092 0.967167 0.236275 0.0240925 -0.235047 0.971685 0.0857097 -0.0238831 0.00816235 0.0756 -0.0756 -0.9434 0.9434 
8.6851 0.995756 -0.09201 0.00214717 -0.088898 -0.967592 -0.236353 0.0238244 0.235159 -0.971665 0.0862021 -0.0232532 -0.00989873 0.9502 -0.9502 -0.0714 0.0714 
8.68422 0.995317 0.0966511 -0.0012989 -0.0936092 0.967167 0.236275 0.0240925 -0.235047 0.971685 0.086126 -0.0234021 -0.00730536 0.0789 -0.0789 -0.9378 0.9378 
8.66563 0.0268949 0.179232 -0.983439 0.0334391 -0.983406 -0.178311 -0.999079 -0.0280897 -0.0324419 0.00492635 -0.0134236 -0.0827996 0.956 -0.956 -0.0417 0.0417 
8.66255 -0.0927872 0.966241 0.240353 -0.995131 -0.0819368 -0.0547728 -0.0332299 -0.244265 0.969139 0.00475486 -0.0912163 0.00388948 0.8716 -0.8716 -0.2016 0.2016 
8.66167 0.995317 0.0966511 -0.0012989 -0.0936092 0.967167 0.236275 0.0240925 -0.235047 0.971685 0.097065 -0.00938691 0.00891879 0.4616 -0.4616 -0.4566 0.4566 
8.66164 0.995756 -0.09201 0.00214717 -0.088898 -0.967592 -0.236353 0.0238244 0.235159 -0.971665 0.0871857 -0.00832553 0.00608583 0.4656 -0.4656 -0.4528 0.4528 
8.66153 0.995317 0.0966511 -0.0012989 -0.0936092 0.967167 0.236275 0.0240925 -0.235047 0.971685 0.087526 -0.00799337 -0.00678851 0.4648 -0.4648 -0.4534 0.4534 
8.6615 0.995756 -0.09201 0.00214717 -0.088898 -0.967592 -0.236353 0.0238244 0.235159 -0.971665 0.087602 -0.00784453 -0.00938189 0.4618 -0.4618 -0.4566 0.4566 
8.64827 0.0268922 -0.179106 0.983462 0.0287023 0.983551 0.178338 -0.999226 0.0234317 0.0315906 0.00750643 -0.0137288 -0.0827397 0.0484 -0.0484 -0.9446 0.9446 
8.59528 0.995756 -0.09201 0.00214717 -0.088898 -0.967592 -0.236353 0.0238244 0.235159 -0.971665 0.0885857 0.00708316 0.00660268 0.0796 -0.0796 -0.9376 0.9376 
8.59398 0.995756 -0.09201 0.00214717 -0.088898 -0.967592 -0.236353 0.0238244 0.235159 -0.971665 0.089002 0.00756416 -0.00886504 0.0762 -0.0762 -0.943 0.943 
8.59394 0.995317 0.0966511 -0.0012989 -0.0936092 0.967167 0.236275 0.0240925 -0.235047 0.971685 0.0885096 0.00693432 0.00919605 0.9498 -0.9498 -0.0719 0.0719 
8.59269 0.995317 0.0966511 -0.0012989 -0.0936092 0.967167 0.236275 0.0240925 -0.235047 0.971685 0.088926 0.00741532 -0.00627167 0.9552 -0.9552 -0.0687 0.0687 
8.58521 0.0268949 0.179232 -0.983439 0.0334391 -0.983406 -0.178311 -0.999079 -0.0280897 -0.0324419 0.00772628 0.0173938 -0.0817659 0.0599 -0.0599 -0.9512 0.9512 
8.48363 0.0292622 -0.983385 -0.179157 0.0310674 -0.178252 0.983494 -0.999089 -0.0343452 0.0253351 -0.000637964 -0.00387575 -0.0826525 0.6154 -0.6154 -0.4027 0.4027 
8.48328 0.0245248 0.983511 0.17918 0.031074 0.178397 -0.983468 -0.999216 0.0296872 -0.0261865 -0.000941029 -0.00645526 -0.0827409 0.4106 -0.4106 -0.6072 0.6072 
8.45859 -0.995744 0.077622 0.0496799 0.0889112 0.950969 0.29623 -0.0242501 0.299387 -0.953824 -0.0920141 0.00803171 0.00177109 0.4662 -0.4662 -0.4524 0.4524 
8.45763 -0.995744 0.077622 0.0496799 0.0889112 0.950969 0.29623 -0.0242501 0.299387 -0.953824 -0.0915978 0.00851271 -0.0136966 0.4626 -0.4626 -0.456 0.456 
8.45708 -0.995329 -0.0822631 -0.0505282 0.0935959 -0.950544 -0.296152 -0.0236669 -0.299498 0.953803 -0.0920778 0.00801912 0.00436903 0.4616 -0.4616 -0.457 0.457 
8.45668 -0.995744 0.077622 0.0496799 0.0889112 0.950969 0.29623 -0.0242501 0.299387 -0.953824 -0.0830423 -0.00780852 -0.0139739 0.0764 -0.0764 -0.9448 0.9448 
8.45633 -0.995329 -0.0822631 -0.0505282 0.0935959 -0.950544 -0.296152 -0.0236669 -0.299498 0.953803 -0.0916614 0.00850012 -0.0110987 0.4654 -0.4654 -0.4532 0.4532 
8.4551 -0.995744 0.077622 0.0496799 0.0889112 0.950969 0.29623 -0.0242501 0.299387 -0.953824 -0.0834587 -0.00828952 0.00149383 0.0797 -0.0797 -0.939 0.939 
8.45484 -0.995329 -0.0822631 -0.0505282 0.0935959 -0.950544 -0.296152 -0.0236669 -0.299498 0.953803 -0.0835223 -0.00830211 0.00409177 0.9514 -0.9514 -0.0724 0.0724 
8.45484 -0.995329 -0.0822631 -0.0505282 0.0935959 -0.950544 -0.296152 -0.0236669 -0.299498 0.953803 -0.083106 -0.00782111 -0.0113759 0.9572 -0.9572 -0.0691 0.0691 
8.35488 -0.995744 0.077622 0.0496799 0.0889112 0.950969 0.29623 -0.0242501 0.299387 -0.953824 -0.0806587 0.0225279 0.00252752 0.9586 -0.9586 -0.0679 0.0679 
8.35354 -0.995329 -0.0822631 -0.0505282 0.0935959 -0.950544 -0.296152 -0.0236669 -0.299498 0.953803 -0.0807224 0.0225153 0.00512546 0.0752 -0.0752 -0.9462 0.9462 
8.27832 -0.027319 0.353379 -0.935081 -0.0334002 0.934585 0.354168 0.999069 0.0409074 -0.013729 0.01716 -0.00477763 0.0879387 0.4648 -0.4648 -0.4451 0.4451 
8.24188 -0.0927872 0.966241 0.240353 -0.995131 -0.0819368 -0.0547728 -0.0332299 -0.244265 0.969139 -0.0115612 -0.099757 0.00318472 0.4116 -0.4116 -0.5852 0.5852 
8.20091 0.0927758 -0.951853 -0.29218 0.995118 0.0985596 -0.00510419 0.0336556 -0.29028 0.95635 0.00568876 0.0893484 0.00952965 0.6116 -0.6116 -0.4568 0.4568 
8.18539 -0.0880769 -0.966662 -0.24043 -0.995549 0.0772966 0.0539247 -0.0335425 0.24411 -0.969167 -0.00961455 -0.0797757 0.00125843 0.6154 -0.6154 -0.5756 0.5756 
8.17375 0.0927758 -0.951853 -0.29218 0.995118 0.0985596 -0.00510419 0.0336556 -0.29028 0.95635 0.0211005 0.0879357 0.00990054 0.2062 -0.2062 -0.9454 0.9454 
8.16422 -0.995329 -0.0822631 -0.0505282 0.0935959 -0.950544 -0.296152 -0.0236669 -0.299498 0.953803 -0.0803061 0.0229963 -0.0103423 0.0786 -0.0786 -0.9406 0.9406 
8.16355 -0.995744 0.077622 0.0496799 0.0889112 0.950969 0.29623 -0.0242501 0.299387 -0.953824 -0.0802424 0.0230089 -0.0129402 0.953 -0.953 -0.0712 0.0712 
8.11786 0.995581 0.000597605 -0.0939067 -0.0913923 0.236102 -0.967421 0.0215934 0.971728 0.235113 0.107434 -0.00405299 0.0157764 0.482 -0.482 -0.4992 0.4992 
8.04995 0.995581 0.000597605 -0.0939067 -0.0913923 0.236102 -0.967421 0.0215934 0.971728 0.235113 0.106034 -0.0194617 0.0152596 0.4772 -0.4772 -0.503 0.503 
8.02734 -0.027319 0.353379 -0.935081 -0.0334002 0.934585 0.354168 0.999069 0.0409074 -0.013729 0.0157601 -0.0201863 0.0874219 0.0787 -0.0787 -0.901 0.901 
8.01161 -0.0902835 -0.240603 0.966416 -0.995433 0.0520286 -0.080041 -0.0310232 -0.969228 -0.244201 0.0136138 -0.0922455 0.0105771 0.5084 -0.5084 -0.469 0.469 
7.95424 0.995492 0.00404348 0.0947549 -0.0911149 -0.236527 0.967343 0.0263236 -0.971616 -0.235093 0.106267 -0.0168781 0.0154147 0.513 -0.513 -0.4704 0.4704 
7.91889 0.995492 0.00404348 0.0947549 -0.0911149 -0.236527 0.967343 0.0263236 -0.971616 -0.235093 0.107667 -0.00146937 0.0159315 0.5092 -0.5092 -0.4734 0.4734 
7.86211 -0.027319 0.353379 -0.935081 -0.0334002 0.934585 0.354168 0.999069 0.0409074 -0.013729 0.01856 0.0106311 0.0884556 0.905 -0.905 -0.0612 0.0612 
7.82388 -0.0902835 -0.240603 0.966416 -0.995433 0.0520286 -0.080041 -0.0310232 -0.969228 -0.244201 0.0149344 -0.0818111 -0.00455676 1.027 -1.027 -0.0842 0.0842 
7.8153 0.0268949 0.179232 -0.983439 0.0334391 -0.983406 -0.178311 -0.999079 -0.0280897 -0.0324419 0.0203381 -0.0148363 -0.0824287 0.9538 -0.9538 -0.0361 0.0361 
7.56193 0.0901566 0.29243 -0.952028 0.995286 0.00784821 0.0966638 0.0357391 -0.956255 -0.290344 0.027305 0.0871498 0.0165243 0.6606 -0.6606 -0.4694 0.4694 
7.53046 -0.995454 -0.0524246 0.0795187 0.0915389 -0.295979 0.950798 -0.0263093 0.953755 0.299432 -0.0928357 0.00137451 0.0105547 0.4714 -0.4714 -0.692 0.692 
7.50078 -0.995619 0.0477835 -0.080367 0.0909682 0.296404 -0.95072 -0.0216076 -0.953867 -0.299452 -0.0916725 0.0141953 0.0110532 0.707 -0.707 -0.476 0.476 
7.14043 0.995581 0.000597605 -0.0939067 -0.0913923 0.236102 -0.967421 0.0215934 0.971728 0.235113 0.0978947 -0.00265946 6.9108e-005 0.0922 -0.0922 -0.9882 0.9882 
7.06816 0.0880884 0.952274 0.292257 0.995562 -0.0939194 0.00595229 0.0331169 0.290436 -0.956321 0.0201979 0.0780692 0.00696938 1.2446 -1.2446 -0.1918 0.1918 
7.00679 0.995492 0.00404348 0.0947549 -0.0911149 -0.236527 0.967343 0.0263236 -0.971616 -0.235093 0.0967278 -0.0154845 -0.000292623 1.0032 -1.0032 -0.0782 0.0782 
7.00018 -0.0905807 0.240181 -0.966493 -0.995247 -0.0566688 0.0791929 -0.0357493 0.969073 0.244173 0.010125 -0.10196 0.0101126 0.4726 -0.4726 -0.495 0.495 
7.00013 0.995581 0.000597605 -0.0939067 -0.0913923 0.236102 -0.967421 0.0215934 0.971728 0.235113 0.0964947 -0.0180682 -0.000447739 0.0857 -0.0857 -0.9924 0.9924 
6.97401 -0.0880769 -0.966662 -0.24043 -0.995549 0.0772966 0.0539247 -0.0335425 0.24411 -0.969167 0.00398854 -0.101095 0.000961602 0.2104 -0.2104 -1.0114 1.0114 
6.95618 0.0268922 -0.179106 0.983462 0.0287023 0.983551 0.178338 -0.999226 0.0234317 0.0315906 0.024856 0.00088864 -0.101835 0.4496 -0.4496 -0.4446 0.4446 
6.943 -0.026468 -0.353505 0.935058 -0.0287412 -0.93473 -0.354194 0.999236 -0.0362495 0.0145803 0.0197525 -0.00494658 0.0880033 0.4476 -0.4476 -0.4482 0.4482 
6.88965 0.995492 0.00404348 0.0947549 -0.0911149 -0.236527 0.967343 0.0263236 -0.971616 -0.235093 0.0981278 -7.58308e-005 0.000224224 0.9992 -0.9992 -0.0832 0.0832 
6.86581 0.0880884 0.952274 0.292257 0.995562 -0.0939194 0.00595229 0.0331169 0.290436 -0.956321 -0.0106256 0.0808946 0.00622759 0.1648 -0.1648 -1.1892 1.1892 
6.85082 -0.0902835 -0.240603 0.966416 -0.995433 0.0520286 -0.080041 -0.0310232 -0.969228 -0.244201 -0.00138163 -0.0903518 -0.00526152 0.987 -0.987 -0.0764 0.0764 
6.72028 0.0907076 -0.292008 0.952105 0.995394 -0.00320805 -0.0958157 0.0310334 0.95641 0.290372 0.0294051 0.0774424 0.000716552 0.0829 -0.0829 -1.047 1.047 
6.60736 0.0927758 -0.951853 -0.29218 0.995118 0.0985596 -0.00510419 0.0336556 -0.29028 0.95635 0.0061051 0.0898294 -0.00593807 0.6156 -0.6156 -0.5994 0.5994 
6.58396 0.0880884 0.952274 0.292257 0.995562 -0.0939194 0.00595229 0.0331169 0.290436 -0.956321 0.00610683 0.0899163 -0.00853536 0.6072 -0.6072 -0.606 0.606 
6.56193 0.0927758 -0.951853 -0.29218 0.995118 0.0985596 -0.00510419 0.0336556 -0.29028 0.95635 0.0206125 0.0784633 -0.00590104 0.2024 -0.2024 -1.219 1.219 
6.52201 0.0880884 0.952274 0.292257 0.995562 -0.0939194 0.00595229 0.0331169 0.290436 -0.956321 0.0206142 0.0785502 -0.00849833 1.2344 -1.2344 -0.1952 0.1952 
6.43281 -0.026468 -0.353505 0.935058 -0.0287412 -0.93473 -0.354194 0.999236 -0.0362495 0.0145803 0.0183525 -0.0203553 0.0874864 0.8882 -0.8882 -0.0634 0.0634 
6.42246 0.0880884 0.952274 0.292257 0.995562 -0.0939194 0.00595229 0.0331169 0.290436 -0.956321 0.00388185 0.0695285 0.00626462 0.5534 -0.5534 -0.5684 0.5684 
6.42047 0.0268922 -0.179106 0.983462 0.0287023 0.983551 0.178338 -0.999226 0.0234317 0.0315906 0.0231871 -0.0148308 -0.0923603 0.0651 -0.0651 -0.915 0.915 
6.37459 0.0268922 -0.179106 0.983462 0.0287023 0.983551 0.178338 -0.999226 0.0234317 0.0315906 0.025987 0.0159866 -0.0913266 0.9254 -0.9254 -0.0622 0.0622 
6.37135 -0.0927872 0.966241 0.240353 -0.995131 -0.0819368 -0.0547728 -0.0332299 -0.244265 0.969139 -0.00933622 -0.0793692 -0.0116153 0.613 -0.613 -0.6028 0.6028 
6.36408 -0.242197 0.964544 0.104861 0.00744245 0.109922 -0.993912 -0.970199 -0.239942 -0.0338013 -0.0288533 -0.007629 -0.0722993 0.2216 -0.2216 -0.8272 0.8272 
6.33008 -0.0880769 -0.966662 -0.24043 -0.995549 0.0772966 0.0539247 -0.0335425 0.24411 -0.969167 -0.00919822 -0.0792947 -0.0142093 0.6112 -0.6112 -0.603 0.603 
6.28027 0.95861 -0.270931 0.0875388 -0.159778 -0.257409 0.953001 -0.235664 -0.927543 -0.290044 0.0895792 -0.00547846 0.0117946 0.1324 -0.1324 -1.0872 1.0872 
6.28016 -0.0880769 -0.966662 -0.24043 -0.995549 0.0772966 0.0539247 -0.0335425 0.24411 -0.969167 -0.0255143 -0.0878355 -0.014914 1.0898 -1.0898 -0.1812 0.1812 
6.27916 -0.0880769 -0.966662 -0.24043 -0.995549 0.0772966 0.0539247 -0.0335425 0.24411 -0.969167 -0.0259306 -0.0883165 0.000553671 1.0936 -1.0936 -0.1778 0.1778 
6.27454 -0.156256 -0.487793 0.858861 -0.987143 0.0475014 -0.152616 0.0336481 -0.871666 -0.488944 0.00761839 -0.0820156 0.0314757 0.0379 -0.0379 -1.3204 1.3204 
6.25757 0.0245248 0.983511 0.17918 0.031074 0.178397 -0.983468 -0.999216 0.0296872 -0.0261865 0.000727871 0.00926414 -0.0922156 0.6116 -0.6116 -0.6024 0.6024 
6.21644 0.95861 -0.270931 0.0875388 -0.159778 -0.257409 0.953001 -0.235664 -0.927543 -0.290044 0.0908338 -0.0197926 -0.0155568 0.7406 -0.7406 -0.37 0.37 
6.18955 -0.242197 0.964544 0.104861 0.00744245 0.109922 -0.993912 -0.970199 -0.239942 -0.0338013 -0.00380435 -0.0118117 -0.0785209 1.0302 -1.0302 -0.0977 0.0977 
6.17739 -0.240069 -0.105523 0.965004 0.00491162 0.99393 0.109908 -0.970743 0.0311251 -0.238093 -0.0166939 0.0127131 -0.0751518 0.8274 -0.8274 -0.1042 0.1042 
6.17196 -0.995619 0.0477835 -0.080367 0.0909682 0.296404 -0.95072 -0.0216076 -0.953867 -0.299452 -0.0930725 -0.00121337 0.0105363 0.7026 -0.7026 -0.458 0.458 
6.1597 -0.154816 -0.859291 -0.487494 -0.987468 0.149894 0.0493817 0.0306394 0.48903 -0.871729 -0.0188462 -0.0783225 0.0152297 0.8382 -0.8382 -0.2177 0.2177 
6.14801 0.95833 -0.084897 -0.272757 -0.15764 -0.95344 -0.257104 -0.23823 0.289388 -0.927093 0.084905 -0.00130153 -0.00983276 0.1558 -0.1558 -0.805 0.805 
6.14745 0.0880884 0.952274 0.292257 0.995562 -0.0939194 0.00595229 0.0331169 0.290436 -0.956321 -0.00930491 0.091329 -0.00890626 0.186 -0.186 -1.0916 1.0916 
6.11547 -0.958432 0.213244 -0.189564 0.157643 0.949547 0.271125 0.237816 0.229971 -0.943693 -0.0820704 1.61152e-005 0.0314412 0.1132 -0.1132 -0.873 0.873 
6.11408 -0.154816 -0.859291 -0.487494 -0.987468 0.149894 0.0493817 0.0306394 0.48903 -0.871729 0.00620277 -0.0825053 0.00900808 0.1169 -0.1169 -1.0148 1.0148 
6.11242 0.95833 -0.084897 -0.272757 -0.15764 -0.95344 -0.257104 -0.23823 0.289388 -0.927093 0.0807992 -0.0271109 -0.00901154 0.8984 -0.8984 -0.0919 0.0919 
6.10588 -0.154816 -0.859291 -0.487494 -0.987468 0.149894 0.0493817 0.0306394 0.48903 -0.871729 -0.00632173 -0.0804139 0.0121189 0.4461 -0.4461 -0.5674 0.5674 
6.08645 0.0292622 -0.983385 -0.179157 0.0310674 -0.178252 0.983494 -0.999089 -0.0343452 0.0253351 0.00103094 0.0118436 -0.0921272 0.612 -0.612 -0.6028 0.6028 
6.08275 -0.958432 0.213244 -0.189564 0.157643 0.949547 0.271125 0.237816 0.229971 -0.943693 -0.0895977 0.0145205 0.03341 0.438 -0.438 -0.4722 0.4722 
6.07127 0.154714 0.987639 0.0251736 0.987471 -0.153787 -0.0353615 -0.031053 0.0303291 -0.999057 0.0218769 0.0972707 0.00648186 0.5608 -0.5608 -0.4314 0.4314 
6.06596 -0.157796 0.487061 -0.858995 -0.987041 -0.0521031 0.151775 0.0291675 0.871812 0.488971 0.00280689 -0.0812144 0.0326003 1.4402 -1.4402 -0.0314 0.0314 
6.06531 0.957411 0.275397 -0.0867225 -0.160164 0.256664 -0.953138 -0.240233 0.926434 0.289841 0.0900314 -0.0247328 -0.0154661 0.3792 -0.3792 -0.7306 0.7306 
6.05752 -0.0902835 -0.240603 0.966416 -0.995433 0.0520286 -0.080041 -0.0310232 -0.969228 -0.244201 -0.0303965 -0.0676196 -0.00533559 0.8388 -0.8388 -0.0802 0.0802 
6.04969 0.95833 -0.084897 -0.272757 -0.15764 -0.95344 -0.257104 -0.23823 0.289388 -0.927093 0.102012 -0.0174057 -0.0141811 0.4852 -0.4852 -0.4194 0.4194 
6.03475 0.156664 -0.0247416 0.987342 0.987075 0.038083 -0.155667 -0.0337495 0.998968 0.030388 0.0217714 0.087879 0.0291809 1.2722 -1.2722 -0.1284 0.1284 
6.01465 0.157388 0.0254736 -0.987208 0.987109 -0.0334812 0.156508 -0.0290661 -0.999115 -0.0304148 0.0248107 0.0768119 0.0149503 0.3726 -0.3726 -0.7374 0.7374 
6.01465 0.154714 0.987639 0.0251736 0.987471 -0.153787 -0.0353615 -0.031053 0.0303291 -0.999057 0.00621191 0.0796201 0.0102208 0.2387 -0.2387 -0.8212 0.8212 
6.00417 0.156664 -0.0247416 0.987342 0.987075 0.038083 -0.155667 -0.0337495 0.998968 0.030388 0.0186351 0.0879741 0.0164896 0.8014 -0.8014 -0.4556 0.4556 
5.94995 -0.958432 0.213244 -0.189564 0.157643 0.949547 0.271125 0.237816 0.229971 -0.943693 -0.0779647 0.0258255 0.0306199 0.8226 -0.8226 -0.1452 0.1452 
5.92882 -0.156256 -0.487793 0.858861 -0.987143 0.0475014 -0.152616 0.0336481 -0.871666 -0.488944 -0.0111788 -0.079734 0.00920399 0.8546 -0.8546 -0.4222 0.4222 
5.92782 -0.0905807 0.240181 -0.966493 -0.995247 -0.0566688 0.0791929 -0.0357493 0.969073 0.244173 -0.00306173 -0.0801592 -0.00505828 0.0976 -0.0976 -1.196 1.196 
5.92149 -0.239736 0.104404 -0.965208 0.00963878 -0.993896 -0.109901 -0.97079 -0.0356507 0.237266 -0.0214782 0.0135813 -0.0739629 0.1099 -0.1099 -0.8192 0.8192 
5.91082 0.957411 0.275397 -0.0867225 -0.160164 0.256664 -0.953138 -0.240233 0.926434 0.289841 0.0856405 -0.0103235 -0.000805899 0.7606 -0.7606 -0.4508 0.4508 
5.89053 0.995581 0.000597605 -0.0939067 -0.0913923 0.236102 -0.967421 0.0215934 0.971728 0.235113 0.0988783 0.0122682 0.0160537 0.4828 -0.4828 -0.5784 0.5784 
5.88224 0.995492 0.00404348 0.0947549 -0.0911149 -0.236527 0.967343 0.0263236 -0.971616 -0.235093 0.0953278 -0.0308932 -0.00080947 0.9674 -0.9674 -0.0749 0.0749 
5.86311 0.95861 -0.270931 0.0875388 -0.159778 -0.257409 0.953001 -0.235664 -0.927543 -0.290044 0.0864429 -0.00538335 -0.000896663 0.46 -0.46 -0.7344 0.7344 
5.86117 0.157388 0.0254736 -0.987208 0.987109 -0.0334812 0.156508 -0.0290661 -0.999115 -0.0304148 0.0169928 0.0886791 0.0304383 0.1359 -0.1359 -1.2608 1.2608 
5.85569 0.157388 0.0254736 -0.987208 0.987109 -0.0334812 0.156508 -0.0290661 -0.999115 -0.0304148 0.0295173 0.0865878 0.0273275 0.0527 -0.0527 -1.252 1.252 
5.83761 0.154714 0.987639 0.0251736 0.987471 -0.153787 -0.0353615 -0.031053 0.0303291 -0.999057 0.0312609 0.0754374 0.00399921 1.0402 -1.0402 -0.0969 0.0969 
5.83571 0.157388 0.0254736 -0.987208 0.987109 -0.0334812 0.156508 -0.0290661 -0.999115 -0.0304148 0.0138564 0.0887743 0.017747 0.464 -0.464 -0.861 0.861 
5.83034 -0.156256 -0.487793 0.858861 -0.987143 0.0475014 -0.152616 0.0336481 -0.871666 -0.488944 0.00291178 -0.0917914 0.0190985 0.3692 -0.3692 -0.7152 0.7152 
5.81117 -0.157796 0.487061 -0.858995 -0.987041 -0.0521031 0.151775 0.0291675 0.871812 0.488971 -0.00189972 -0.0909902 0.0202231 0.76 -0.76 -0.3614 0.3614 
5.80235 0.156664 -0.0247416 0.987342 0.987075 0.038083 -0.155667 -0.0337495 0.998968 0.030388 0.026453 0.0761069 0.00100159 0.3502 -0.3502 -0.7336 0.7336 
5.76907 -0.157796 0.487061 -0.858995 -0.987041 -0.0521031 0.151775 0.0291675 0.871812 0.488971 -0.01442 -0.0690618 0.0100145 0.4019 -0.4019 -0.8436 0.8436 
5.75103 0.957411 0.275397 -0.0867225 -0.160164 0.256664 -0.953138 -0.240233 0.926434 0.289841 0.0931678 -0.0248279 -0.00277478 0.7024 -0.7024 -0.3642 0.3642 
5.74332 0.95861 -0.270931 0.0875388 -0.159778 -0.257409 0.953001 -0.235664 -0.927543 -0.290044 0.0939702 -0.0198878 -0.00286555 0.3762 -0.3762 -0.6924 0.6924 
5.72653 0.0927758 -0.951853 -0.29218 0.995118 0.0985596 -0.00510419 0.0336556 -0.29028 0.95635 -0.010211 0.0812886 -0.00664283 1.2084 -1.2084 -0.1688 0.1688 
5.6793 0.157388 0.0254736 -0.987208 0.987109 -0.0334812 0.156508 -0.0290661 -0.999115 -0.0304148 0.0201041 0.0670361 0.0025731 0.7392 -0.7392 -0.3702 0.3702 
5.67612 0.156664 -0.0247416 0.987342 0.987075 0.038083 -0.155667 -0.0337495 0.998968 0.030388 0.0139285 0.0781982 0.0041124 0.4316 -0.4316 -0.8518 0.8518 
5.66272 0.957411 0.275397 -0.0867225 -0.160164 0.256664 -0.953138 -0.240233 0.926434 0.289841 0.0887769 -0.0104186 0.0118854 1.1256 -1.1256 -0.1241 0.1241 
5.65751 -0.239736 0.104404 -0.965208 0.00963878 -0.993896 -0.109901 -0.97079 -0.0356507 0.237266 -0.0089537 0.01149 -0.0770737 0.1129 -0.1129 -0.8152 0.8152 
5.64137 -0.957478 -0.191388 -0.215886 0.159744 0.27143 -0.949109 0.240246 -0.943237 -0.229315 -0.0823912 0.00406102 0.0274304 0.8556 -0.8556 -0.3699 0.3699 
5.64053 -0.958543 0.186922 0.21507 0.160198 -0.270684 0.949245 0.235651 0.944347 0.229517 -0.0816216 0.00900216 0.0272068 0.3766 -0.3766 -0.8472 0.8472 
5.63204 0.995581 0.000597605 -0.0939067 -0.0913923 0.236102 -0.967421 0.0215934 0.971728 0.235113 0.0992946 0.0127492 0.000585955 0.0957 -0.0957 -0.9338 0.9338 
5.57478 -0.957478 -0.191388 -0.215886 0.159744 0.27143 -0.949109 0.240246 -0.943237 -0.229315 -0.0899184 0.0185654 0.0293993 0.8608 -0.8608 -0.4622 0.4622 
5.56775 -0.0927872 0.966241 0.240353 -0.995131 -0.0819368 -0.0547728 -0.0332299 -0.244265 0.969139 -0.0269729 -0.0983444 0.00281382 0.0314 -0.0314 -0.952 0.952 
5.55783 0.237675 0.881654 0.407674 -0.0066874 -0.418205 0.908328 0.971322 -0.218613 -0.0935008 0.0276388 -0.00608925 0.0991678 0.548 -0.548 -0.4258 0.4258 
5.5564 0.24213 -0.880535 -0.407469 -0.00786299 0.418171 -0.908334 0.970212 0.223139 0.094328 0.0269184 -0.0110408 0.0993088 0.435 -0.435 -0.5388 0.5388 
5.55217 0.237675 0.881654 0.407674 -0.0066874 -0.418205 0.908328 0.971322 -0.218613 -0.0935008 0.0296917 0.00681545 0.0987572 0.5452 -0.5452 -0.4286 0.4286 
5.55092 0.24213 -0.880535 -0.407469 -0.00786299 0.418171 -0.908334 0.970212 0.223139 0.094328 0.0289713 0.00186386 0.0988981 0.4378 -0.4378 -0.536 0.536 
5.54806 -0.157796 0.487061 -0.858995 -0.987041 -0.0521031 0.151775 0.0291675 0.871812 0.488971 -0.0144242 -0.0888988 0.0233339 0.8816 -0.8816 -0.4506 0.4506 
5.53298 -0.026468 -0.353505 0.935058 -0.0287412 -0.93473 -0.354194 0.999236 -0.0362495 0.0145803 0.0211525 0.0104621 0.0885201 0.0637 -0.0637 -0.8858 0.8858 
5.4817 -0.240069 -0.105523 0.965004 0.00491162 0.99393 0.109908 -0.970743 0.0311251 -0.238093 -0.00416936 0.0106217 -0.0782626 0.8232 -0.8232 -0.1074 0.1074 
5.4363 -0.995454 -0.0524246 0.0795187 0.0915389 -0.295979 0.950798 -0.0263093 0.953755 0.299432 -0.0838639 -0.0144657 -0.00519031 0.0872 -0.0872 -0.901 0.901 
5.40231 0.957411 0.275397 -0.0867225 -0.160164 0.256664 -0.953138 -0.240233 0.926434 0.289841 0.086724 -0.0233233 0.012296 1.1702 -1.1702 -0.1269 0.1269 
5.38804 0.95861 -0.270931 0.0875388 -0.159778 -0.257409 0.953001 -0.235664 -0.927543 -0.290044 0.0875264 -0.0183832 0.0122052 0.1352 -0.1352 -1.1574 1.1574 
5.38659 -0.157796 0.487061 -0.858995 -0.987041 -0.0521031 0.151775 0.0291675 0.871812 0.488971 -0.00503607 -0.0908951 0.00753181 0.3852 -0.3852 -0.7282 0.7282 
5.30006 -0.156256 -0.487793 0.858861 -0.987143 0.0475014 -0.152616 0.0336481 -0.871666 -0.488944 -0.011183 -0.099571 0.0225234 0.455 -0.455 -0.7844 0.7844 
5.28253 -0.0905807 0.240181 -0.966493 -0.995247 -0.0566688 0.0791929 -0.0357493 0.969073 0.244173 0.0114457 -0.0915253 -0.00502125 0.0924 -0.0924 -0.972 0.972 
5.26107 -0.0880769 -0.966662 -0.24043 -0.995549 0.0772966 0.0539247 -0.0335425 0.24411 -0.969167 0.0198166 -0.102027 -0.0141352 -0.1646 0.1646 -1.0768 1.0768 
5.23038 0.995581 0.000597605 -0.0939067 -0.0913923 0.236102 -0.967421 0.0215934 0.971728 0.235113 0.108266 -0.00309099 -0.015159 -0.2818 0.2818 -1.086 1.086 
5.21802 -0.0927872 0.966241 0.240353 -0.995131 -0.0819368 -0.0547728 -0.0332299 -0.244265 0.969139 0.0196786 -0.102101 -0.0115412 1.0882 -1.0882 0.1739 -0.1739 
5.21049 0.957411 0.275397 -0.0867225 -0.160164 0.256664 -0.953138 -0.240233 0.926434 0.289841 0.0879786 -0.0376375 -0.0150554 0.3762 -0.3762 -0.7032 0.7032 
5.15986 0.156664 -0.0247416 0.987342 0.987075 0.038083 -0.155667 -0.0337495 0.998968 0.030388 0.0327257 0.0759166 0.0263841 1.1862 -1.1862 -0.0414 0.0414 
5.15021 -0.0880769 -0.966662 -0.24043 -0.995549 0.0772966 0.0539247 -0.0335425 0.24411 -0.969167 0.00621352 -0.0807074 -0.0138384 0.2014 -0.2014 -1.136 1.136 
5.08843 -0.0880769 -0.966662 -0.24043 -0.995549 0.0772966 0.0539247 -0.0335425 0.24411 -0.969167 0.0194003 -0.102508 0.0013325 -0.1613 0.1613 -1.0724 1.0724 
5.05482 0.995317 0.0966511 -0.0012989 -0.0936092 0.967167 0.236275 0.0240925 -0.235047 0.971685 0.0942651 -0.0402043 0.00788509 -0.2978 0.2978 -1.2222 1.2222 
5.05103 0.995492 0.00404348 0.0947549 -0.0911149 -0.236527 0.967343 0.0263236 -0.971616 -0.235093 0.0849561 -0.0304617 0.0144187 0.4756 -0.4756 -0.4586 0.4586 
5.04923 0.995756 -0.09201 0.00214717 -0.088898 -0.967592 -0.236353 0.0238244 0.235159 -0.971665 0.0943412 -0.0400555 0.00529172 1.2328 -1.2328 0.3068 -0.3068 
5.02475 -0.958432 0.213244 -0.189564 0.157643 0.949547 0.271125 0.237816 0.229971 -0.943693 -0.0663317 0.0371305 0.0278298 1.4064 -1.4064 0.1721 -0.1721 
5.02344 -0.0292237 0.935004 0.353431 -0.0306433 -0.354253 0.934647 0.999103 0.0164836 0.0390042 0.00873386 -0.0259728 0.0870528 0.8382 -0.8382 -0.1606 0.1606 
5.00016 -0.157796 0.487061 -0.858995 -0.987041 -0.0521031 0.151775 0.0291675 0.871812 0.488971 -0.0300851 -0.0867124 0.0137534 0.4842 -0.4842 -0.843 0.843 
4.95932 -0.0927872 0.966241 0.240353 -0.995131 -0.0819368 -0.0547728 -0.0332299 -0.244265 0.969139 0.00607552 -0.0807819 -0.0112444 1.1514 -1.1514 -0.1942 0.1942 
4.94042 0.995756 -0.09201 0.00214717 -0.088898 -0.967592 -0.236353 0.0238244 0.235159 -0.971665 0.0947575 -0.0395745 -0.010176 1.2292 -1.2292 0.3033 -0.3033 
4.91918 0.240477 -0.407012 0.881199 -0.00497977 -0.908345 -0.418191 0.970642 0.0961772 -0.220463 0.0417682 -0.00367045 0.116296 0.1289 -0.1289 -0.1241 0.1241 
4.91117 -0.957589 -0.217711 0.188748 0.162299 -0.948802 -0.270988 0.238081 -0.228862 0.943896 -0.0831969 0.0273613 0.0505475 -0.1821 0.1821 -0.448 0.448 
4.9062 -0.995454 -0.0524246 0.0795187 0.0915389 -0.295979 0.950798 -0.0263093 0.953755 0.299432 -0.0842803 -0.0149467 0.0102774 0.4731 -0.4731 -0.4554 0.4554 
4.89505 -0.0927872 0.966241 0.240353 -0.995131 -0.0819368 -0.0547728 -0.0332299 -0.244265 0.969139 0.0192623 -0.102582 0.00392652 1.0838 -1.0838 0.1706 -0.1706 
4.89493 0.240477 -0.407012 0.881199 -0.00497977 -0.908345 -0.418191 0.970642 0.0961772 -0.220463 0.0352635 -0.0294071 0.10741 0.851 -0.851 0.5233 -0.5233 
4.88508 0.957691 0.0893632 0.273573 -0.162302 0.952694 0.256968 -0.237668 -0.290498 0.92689 0.0882619 -0.0274051 0.0212321 -0.1874 0.1874 -0.452 0.452 
4.87041 -0.0902835 -0.240603 0.966416 -0.995433 0.0520286 -0.080041 -0.0310232 -0.969228 -0.244201 -0.0172097 -0.0894201 0.0098353 0.7078 -0.7078 -0.4848 0.4848 
4.86299 -0.958543 0.186922 0.21507 0.160198 -0.270684 0.949245 0.235651 0.944347 0.229517 -0.0891489 0.0235066 0.0291757 0.4692 -0.4692 -0.8506 0.8506 
4.85809 0.156664 -0.0247416 0.987342 0.987075 0.038083 -0.155667 -0.0337495 0.998968 0.030388 0.0327299 0.0957536 0.0130647 0.665 -0.665 -0.3618 0.3618 
4.83708 -0.0245634 -0.93513 -0.353454 -0.0314981 0.354109 -0.934674 0.999202 -0.0118256 -0.0381529 0.012767 0.0176613 0.0885183 0.1852 -0.1852 -0.8052 0.8052 
4.83017 -0.156256 -0.487793 0.858861 -0.987143 0.0475014 -0.152616 0.0336481 -0.871666 -0.488944 0.00134569 -0.0818254 0.00609318 0.7372 -0.7372 -0.3128 0.3128 
4.79663 -0.995454 -0.0524246 0.0795187 0.0915389 -0.295979 0.950798 -0.0263093 0.953755 0.299432 -0.0914357 0.0167832 0.0110715 0.4844 -0.4844 -0.6964 0.6964 
4.77347 0.957691 0.0893632 0.273573 -0.162302 0.952694 0.256968 -0.237668 -0.290498 0.92689 0.0851256 -0.02731 0.0085408 -0.1846 0.1846 -0.4489 0.4489 
4.76086 -0.157796 0.487061 -0.858995 -0.987041 -0.0521031 0.151775 0.0291675 0.871812 0.488971 -0.0269487 -0.0868075 0.0264447 0.8772 -0.8772 -0.4536 0.4536 
4.75383 0.0268922 -0.179106 0.983462 0.0287023 0.983551 0.178338 -0.999226 0.0234317 0.0315906 -0.0216481 0.00481598 -0.0929562 0.4122 -0.4122 -0.3876 0.3876 
4.69463 -0.957478 -0.191388 -0.215886 0.159744 0.27143 -0.949109 0.240246 -0.943237 -0.229315 -0.0856986 0.00547051 0.0551925 0.1306 -0.1306 -1.408 1.408 
4.67757 -0.957589 -0.217711 0.188748 0.162299 -0.948802 -0.270988 0.238081 -0.228862 0.943896 -0.0701953 -0.0145523 0.0470203 0.8668 -0.8668 0.5258 -0.5258 
4.66736 -0.957589 -0.217711 0.188748 0.162299 -0.948802 -0.270988 0.238081 -0.228862 0.943896 -0.0852498 0.0144566 0.0509581 0.1312 -0.1312 -0.1216 0.1216 
4.66299 -0.0292237 0.935004 0.353431 -0.0306433 -0.354253 0.934647 0.999103 0.0164836 0.0390042 -0.00694682 -0.0248708 0.0966735 0.3828 -0.3828 -0.5412 0.5412 
4.64792 -0.957589 -0.217711 0.188748 0.162299 -0.948802 -0.270988 0.238081 -0.228862 0.943896 -0.0800606 0.0272661 0.0632388 -0.1849 0.1849 -0.4512 0.4512 
4.63252 0.0927758 -0.951853 -0.29218 0.995118 0.0985596 -0.00510419 0.0336556 -0.29028 0.95635 0.0365122 0.086523 0.0102714 -0.1654 0.1654 -1.2758 1.2758 
4.62812 0.240477 -0.407012 0.881199 -0.00497977 -0.908345 -0.418191 0.970642 0.0961772 -0.220463 0.022739 -0.0273157 0.110521 0.8552 -0.8552 0.5246 -0.5246 
4.61747 0.957691 0.0893632 0.273573 -0.162302 0.952694 0.256968 -0.237668 -0.290498 0.92689 0.0944206 0.011309 0.0200002 0.8494 -0.8494 0.5226 -0.5226 
4.61448 -0.026468 -0.353505 0.935058 -0.0287412 -0.93473 -0.354194 0.999236 -0.0362495 0.0145803 -0.0264827 -0.000708532 0.0868906 0.4084 -0.4084 -0.3924 0.3924 
4.60772 0.957411 0.275397 -0.0867225 -0.160164 0.256664 -0.953138 -0.240233 0.926434 0.289841 0.0911149 -0.0377326 -0.00236418 0.6986 -0.6986 -0.3402 0.3402 
4.57259 0.0927758 -0.951853 -0.29218 0.995118 0.0985596 -0.00510419 0.0336556 -0.29028 0.95635 0.0369286 0.087004 -0.00519627 -0.1621 0.1621 -1.2728 1.2728 
4.53475 0.95833 -0.084897 -0.272757 -0.15764 -0.95344 -0.257104 -0.23823 0.289388 -0.927093 0.0870719 -0.0273011 0.016371 0.4592 -0.4592 0.1943 -0.1943 
4.53469 -0.957589 -0.217711 0.188748 0.162299 -0.948802 -0.270988 0.238081 -0.228862 0.943896 -0.0670589 -0.0146474 0.0597116 0.8494 -0.8494 0.5224 -0.5224 
4.5189 0.157388 0.0254736 -0.987208 0.987109 -0.0334812 0.156508 -0.0290661 -0.999115 -0.0304148 0.00289802 0.0808996 0.0338632 0.1172 -0.1172 -1.4138 1.4138 
4.49849 0.957691 0.0893632 0.273573 -0.162302 0.952694 0.256968 -0.237668 -0.290498 0.92689 0.106339 -0.0176047 0.00337121 0.1311 -0.1311 -0.1212 0.1212 
4.49192 -0.958432 0.213244 -0.189564 0.157643 0.949547 0.271125 0.237816 0.229971 -0.943693 -0.0812721 0.027235 0.058382 0.4604 -0.4604 0.1938 -0.1938 
4.49117 0.239328 0.40813 -0.880995 -0.00957062 0.908311 0.418185 0.970892 -0.0916516 0.22129 0.0261446 0.0250362 0.110071 0.8516 -0.8516 0.5236 -0.5236 
4.49034 -0.0927872 0.966241 0.240353 -0.995131 -0.0819368 -0.0547728 -0.0332299 -0.244265 0.969139 -0.0256523 -0.0879099 -0.01232 0.1906 -0.1906 -1.0792 1.0792 
4.4848 -0.957589 -0.217711 0.188748 0.162299 -0.948802 -0.270988 0.238081 -0.228862 0.943896 -0.0715639 0.0386662 0.0477574 -0.5071 0.5071 -0.8418 0.8418 
4.48205 0.239328 0.40813 -0.880995 -0.00957062 0.908311 0.418185 0.970892 -0.0916516 0.22129 0.0390153 0.00996738 0.117079 0.4598 -0.4598 0.1876 -0.1876 
4.46467 0.0927758 -0.951853 -0.29218 0.995118 0.0985596 -0.00510419 0.0336556 -0.29028 0.95635 -0.00972297 0.090761 0.00915875 1.0986 -1.0986 -0.0717 0.0717 
4.45294 0.995581 0.000597605 -0.0939067 -0.0913923 0.236102 -0.967421 0.0215934 0.971728 0.235113 0.0950947 -0.0334768 -0.000964586 0.0824 -0.0824 -0.915 0.915 
4.43668 0.957411 0.275397 -0.0867225 -0.160164 0.256664 -0.953138 -0.240233 0.926434 0.289841 0.0942513 -0.0378277 0.0103271 1.068 -1.068 -0.0207 0.0207 
4.42639 0.0268949 0.179232 -0.983439 0.0334391 -0.983406 -0.178311 -0.999079 -0.0280897 -0.0324419 0.00379533 -0.0285216 -0.093308 1.212 -1.212 0.3018 -0.3018 
4.42538 0.957691 0.0893632 0.273573 -0.162302 0.952694 0.256968 -0.237668 -0.290498 0.92689 0.101948 -0.00319544 0.0180314 0.455 -0.455 0.1888 -0.1888 
4.42337 -0.957589 -0.217711 0.188748 0.162299 -0.948802 -0.270988 0.238081 -0.228862 0.943896 -0.0821135 0.0143614 0.0636494 0.1284 -0.1284 -0.1244 0.1244 
4.41429 0.0245248 0.983511 0.17918 0.031074 0.178397 -0.983468 -0.999216 0.0296872 -0.0261865 0.00212783 0.0246728 -0.0916987 0.6156 -0.6156 -0.564 0.564 
4.41224 0.995492 0.00404348 0.0947549 -0.0911149 -0.236527 0.967343 0.0263236 -0.971616 -0.235093 0.0995277 0.0153329 0.000741071 0.9054 -0.9054 -0.0864 0.0864 
4.40495 0.240477 -0.407012 0.881199 -0.00497977 -0.908345 -0.418191 0.970642 0.0961772 -0.220463 0.0247918 -0.014411 0.11011 0.4586 -0.4586 0.1916 -0.1916 
4.4039 0.157388 0.0254736 -0.987208 0.987109 -0.0334812 0.156508 -0.0290661 -0.999115 -0.0304148 -0.00337468 0.0810898 0.00848064 0.8574 -0.8574 -0.4658 0.4658 
4.39948 0.239328 0.40813 -0.880995 -0.00957062 0.908311 0.418185 0.970892 -0.0916516 0.22129 0.019986 -0.0136779 0.111303 -0.1846 0.1846 -0.4512 0.4512 
4.39037 0.957691 0.0893632 0.273573 -0.162302 0.952694 0.256968 -0.237668 -0.290498 0.92689 0.0892313 -0.00150061 0.00771959 0.4576 -0.4576 0.1936 -0.1936 
4.39032 0.957691 0.0893632 0.273573 -0.162302 0.952694 0.256968 -0.237668 -0.290498 0.92689 0.0998949 -0.0161001 0.018442 0.1279 -0.1279 -0.1247 0.1247 
4.37867 -0.958543 0.186922 0.21507 0.160198 -0.270684 0.949245 0.235651 0.944347 0.229517 -0.0880654 0.0105068 0.0422775 0.8906 -0.8906 -0.4522 0.4522 
4.36041 0.0268922 -0.179106 0.983462 0.0287023 0.983551 0.178338 -0.999226 0.0234317 0.0315906 -0.0205171 0.019914 -0.0824478 0.8796 -0.8796 0.0048 -0.0048 
4.35077 -0.958432 0.213244 -0.189564 0.157643 0.949547 0.271125 0.237816 0.229971 -0.943693 -0.083325 0.0143303 0.0587926 0.1327 -0.1327 -0.1197 0.1197 
4.34765 0.240477 -0.407012 0.881199 -0.00497977 -0.908345 -0.418191 0.970642 0.0961772 -0.220463 0.0309505 0.0243031 0.108878 -0.5158 0.5158 -0.8412 0.8412 
4.34069 -0.957589 -0.217711 0.188748 0.162299 -0.948802 -0.270988 0.238081 -0.228862 0.943896 -0.0873027 0.00155186 0.0513687 0.457 -0.457 0.1919 -0.1919 
4.33675 0.957691 0.0893632 0.273573 -0.162302 0.952694 0.256968 -0.237668 -0.290498 0.92689 0.0912842 0.0114041 0.00730898 0.8606 -0.8606 0.5258 -0.5258 
4.32149 0.0268922 -0.179106 0.983462 0.0287023 0.983551 0.178338 -0.999226 0.0234317 0.0315906 -0.0230481 -0.0105927 -0.093473 0.0302 -0.0302 -0.8414 0.8414 
4.30975 -0.957589 -0.217711 0.188748 0.162299 -0.948802 -0.270988 0.238081 -0.228862 0.943896 -0.0745862 -0.000142965 0.0616805 0.455 -0.455 0.1884 -0.1884 
4.30768 -0.958432 0.213244 -0.189564 0.157643 0.949547 0.271125 0.237816 0.229971 -0.943693 -0.0682705 -0.0146785 0.0548548 -0.5154 0.5154 -0.8398 0.8398 
4.27908 0.0907076 -0.292008 0.952105 0.995394 -0.00320805 -0.0958157 0.0310334 0.95641 0.290372 0.000390302 0.100175 0.000642484 0.0941 -0.0941 -0.8422 0.8422 
4.25765 -0.0927872 0.966241 0.240353 -0.995131 -0.0819368 -0.0547728 -0.0332299 -0.244265 0.969139 0.00524285 -0.0817439 0.0196911 0.8374 -0.8374 -0.2044 0.2044 
4.2554 -0.026468 -0.353505 0.935058 -0.0287412 -0.93473 -0.354194 0.999236 -0.0362495 0.0145803 -0.0278827 -0.0161172 0.0863737 0.8624 -0.8624 -0.0137 0.0137 
4.25254 0.239328 0.40813 -0.880995 -0.00957062 0.908311 0.418185 0.970892 -0.0916516 0.22129 0.0386691 0.0229448 0.106961 0.8558 -0.8558 0.5268 -0.5268 
4.25024 0.239328 0.40813 -0.880995 -0.00957062 0.908311 0.418185 0.970892 -0.0916516 0.22129 0.0369624 -0.00293731 0.11749 0.1322 -0.1322 -0.1257 0.1257 
4.24931 0.957691 0.0893632 0.273573 -0.162302 0.952694 0.256968 -0.237668 -0.290498 0.92689 0.0862091 -0.0403098 0.0216427 -0.5203 0.5203 -0.8464 0.8464 
4.20245 -0.958432 0.213244 -0.189564 0.157643 0.949547 0.271125 0.237816 0.229971 -0.943693 -0.0696391 0.03854 0.0555919 0.8568 -0.8568 0.5283 -0.5283 
4.19948 0.239328 0.40813 -0.880995 -0.00957062 0.908311 0.418185 0.970892 -0.0916516 0.22129 0.0325105 -0.0157693 0.108192 -0.1818 0.1818 -0.4482 0.4482 
4.19882 0.95833 -0.084897 -0.272757 -0.15764 -0.95344 -0.257104 -0.23823 0.289388 -0.927093 0.108285 -0.0175959 0.0112014 0.1327 -0.1327 -0.1194 0.1194 
4.19819 0.0901566 0.29243 -0.952028 0.995286 0.00784821 0.0966638 0.0357391 -0.956255 -0.290344 0.0286257 0.0975842 0.00139042 0.8686 -0.8686 -0.0861 0.0861 
4.19228 0.239328 0.40813 -0.880995 -0.00957062 0.908311 0.418185 0.970892 -0.0916516 0.22129 0.0179332 -0.0265826 0.111714 -0.5186 0.5186 -0.8452 0.8452 
4.18846 -0.958432 0.213244 -0.189564 0.157643 0.949547 0.271125 0.237816 0.229971 -0.943693 -0.0757977 -0.000174109 0.0568237 -0.1813 0.1813 -0.4467 0.4467 
4.1858 0.240477 -0.407012 0.881199 -0.00497977 -0.908345 -0.418191 0.970642 0.0961772 -0.220463 0.0316428 -0.00165183 0.129115 0.1299 -0.1299 -0.1167 0.1167 
4.18296 0.0901566 0.29243 -0.952028 0.995286 0.00784821 0.0966638 0.0357391 -0.956255 -0.290344 -0.00170981 0.109882 0.0164502 0.3932 -0.3932 -0.475 0.475 
4.17984 0.95833 -0.084897 -0.272757 -0.15764 -0.95344 -0.257104 -0.23823 0.289388 -0.927093 0.0911777 -0.00149175 0.0155498 -0.1843 0.1843 -0.4472 0.4472 
4.17183 -0.957589 -0.217711 0.188748 0.162299 -0.948802 -0.270988 0.238081 -0.228862 0.943896 -0.0684276 0.0385711 0.0604487 -0.5196 0.5196 -0.846 0.846 
4.16352 0.239328 0.40813 -0.880995 -0.00957062 0.908311 0.418185 0.970892 -0.0916516 0.22129 0.0244379 -0.000845942 0.1206 0.1292 -0.1292 -0.1239 0.1239 
4.16195 0.239328 0.40813 -0.880995 -0.00957062 0.908311 0.418185 0.970892 -0.0916516 0.22129 0.0264908 0.0120588 0.12019 0.4566 -0.4566 0.1896 -0.1896 
4.15002 0.237675 0.881654 0.407674 -0.0066874 -0.418205 0.908328 0.971322 -0.218613 -0.0935008 0.0171672 0.00890682 0.101868 0.2318 -0.2318 -0.7338 0.7338 
4.14988 0.24213 -0.880535 -0.407469 -0.00786299 0.418171 -0.908334 0.970212 0.223139 0.094328 0.0164468 0.00395524 0.102009 0.743 -0.743 -0.2228 0.2228 
4.14781 0.237675 0.881654 0.407674 -0.0066874 -0.418205 0.908328 0.971322 -0.218613 -0.0935008 0.0151143 -0.00399787 0.102279 0.2346 -0.2346 -0.7314 0.7314 
4.14478 0.95861 -0.270931 0.0875388 -0.159778 -0.257409 0.953001 -0.235664 -0.927543 -0.290044 0.0916321 0.00742623 0.011384 0.0044 -0.0044 -1.0912 1.0912 
4.14164 0.24213 -0.880535 -0.407469 -0.00786299 0.418171 -0.908334 0.970212 0.223139 0.094328 0.0143939 -0.00894946 0.10242 0.7406 -0.7406 -0.2256 0.2256 
4.14101 0.995581 0.000597605 -0.0939067 -0.0913923 0.236102 -0.967421 0.0215934 0.971728 0.235113 0.0946784 -0.0339578 0.0145031 0.4686 -0.4686 -0.4364 0.4364 
4.1358 0.95833 -0.084897 -0.272757 -0.15764 -0.95344 -0.257104 -0.23823 0.289388 -0.927093 0.0932305 0.0114129 0.0151392 -0.5153 0.5153 -0.8396 0.8396 
4.13271 -0.957478 -0.191388 -0.215886 0.159744 0.27143 -0.949109 0.240246 -0.943237 -0.229315 -0.0867821 0.0184703 0.0420906 0.4626 -0.4626 -0.8752 0.8752 
4.13119 -0.156256 -0.487793 0.858861 -0.987143 0.0475014 -0.152616 0.0336481 -0.871666 -0.488944 -0.00804664 -0.0996661 0.0352147 0.1317 -0.1317 -1.1064 1.1064 
4.0938 0.157388 0.0254736 -0.987208 0.987109 -0.0334812 0.156508 -0.0290661 -0.999115 -0.0304148 0.00133194 0.0908656 0.0208578 0.4608 -0.4608 -0.8668 0.8668 
4.09265 0.239328 0.40813 -0.880995 -0.00957062 0.908311 0.418185 0.970892 -0.0916516 0.22129 0.0304576 -0.028674 0.108603 -0.5153 0.5153 -0.841 0.841 
4.09227 0.240477 -0.407012 0.881199 -0.00497977 -0.908345 -0.418191 0.970642 0.0961772 -0.220463 0.043475 0.0222117 0.105767 -0.5191 0.5191 -0.8454 0.8454 
4.07846 -0.0245634 -0.93513 -0.353454 -0.0314981 0.354109 -0.934674 0.999202 -0.0118256 -0.0381529 -0.00291372 0.0187633 0.0981389 0.5656 -0.5656 -0.3598 0.3598 
4.05342 0.95833 -0.084897 -0.272757 -0.15764 -0.95344 -0.257104 -0.23823 0.289388 -0.927093 0.085019 -0.0402058 0.0167816 0.856 -0.856 0.5278 -0.5278 
4.03211 0.240477 -0.407012 0.881199 -0.00497977 -0.908345 -0.418191 0.970642 0.0961772 -0.220463 0.0312966 0.0113256 0.118997 -0.1781 0.1781 -0.4477 0.4477 
3.9695 0.995756 -0.09201 0.00214717 -0.088898 -0.967592 -0.236353 0.0238244 0.235159 -0.971665 0.100357 0.0220603 -0.00810861 -0.2971 0.2971 -1.2206 1.2206 
3.96432 0.0907076 -0.292008 0.952105 0.995394 -0.00320805 -0.0958157 0.0310334 0.95641 0.290372 0.015802 0.098762 0.00101338 0.0909 -0.0909 -0.8564 0.8564 
3.9362 -0.995619 0.0477835 -0.080367 0.0909682 0.296404 -0.95072 -0.0216076 -0.953867 -0.299452 -0.0741453 -0.0179661 -0.00496907 0.9006 -0.9006 -0.0782 0.0782 
3.93524 0.0901566 0.29243 -0.952028 0.995286 0.00784821 0.0966638 0.0357391 -0.956255 -0.290344 0.0132139 0.0989969 0.00101952 0.866 -0.866 -0.0834 0.0834 
3.92894 0.995492 0.00404348 0.0947549 -0.0911149 -0.236527 0.967343 0.0263236 -0.971616 -0.235093 0.1071 -0.0159161 -0.0155208 1.1046 -1.1046 0.2936 -0.2936 
3.92501 -0.958543 0.186922 0.21507 0.160198 -0.270684 0.949245 0.235651 0.944347 0.229517 -0.087096 0.0364113 0.0287651 0.4076 -0.4076 -0.658 0.658 
3.91479 0.0268922 -0.179106 0.983462 0.0287023 0.983551 0.178338 -0.999226 0.0234317 0.0315906 0.0217871 -0.0302395 -0.0928772 -0.3089 0.3089 -1.1956 1.1956 
3.90541 0.240477 -0.407012 0.881199 -0.00497977 -0.908345 -0.418191 0.970642 0.0961772 -0.220463 0.0397154 -0.0165751 0.116707 0.4562 -0.4562 0.1893 -0.1893 
3.89756 -0.995619 0.0477835 -0.080367 0.0909682 0.296404 -0.95072 -0.0216076 -0.953867 -0.299452 -0.100228 0.0305166 0.0113304 0.5128 -0.5128 -0.4716 0.4716 
3.87704 -0.995454 -0.0524246 0.0795187 0.0915389 -0.295979 0.950798 -0.0263093 0.953755 0.299432 -0.109114 0.034979 -0.0198262 -0.2833 0.2833 -0.3526 0.3526 
3.86165 -0.958543 0.186922 0.21507 0.160198 -0.270684 0.949245 0.235651 0.944347 0.229517 -0.0849291 0.0104117 0.0549688 1.4292 -1.4292 -0.1239 0.1239 
3.82725 0.157388 0.0254736 -0.987208 0.987109 -0.0334812 0.156508 -0.0290661 -0.999115 -0.0304148 0.0107201 0.0888694 0.00505575 0.8388 -0.8388 -0.464 0.464 
3.81075 -0.0292237 0.935004 0.353431 -0.0306433 -0.354253 0.934647 0.999103 0.0164836 0.0390042 0.0129337 0.0202533 0.0886034 0.782 -0.782 -0.1556 0.1556 
3.74577 0.957691 0.0893632 0.273573 -0.162302 0.952694 0.256968 -0.237668 -0.290498 0.92689 0.0830727 -0.0402147 0.00895141 -0.5163 0.5163 -0.855 0.855 
3.7424 -0.995744 0.077622 0.0496799 0.0889112 0.950969 0.29623 -0.0242501 0.299387 -0.953824 -0.0844423 -0.0232172 -0.0144907 -0.2976 0.2976 -1.4982 1.4982 
3.73462 -0.957478 -0.191388 -0.215886 0.159744 0.27143 -0.949109 0.240246 -0.943237 -0.229315 -0.0984151 0.00716534 0.0448807 0.4602 -0.4602 -0.8718 0.8718 
3.73148 0.95833 -0.084897 -0.272757 -0.15764 -0.95344 -0.257104 -0.23823 0.289388 -0.927093 0.0979066 -0.043215 -0.0133599 1.062 -1.062 0.2168 -0.2168 
3.72866 -0.995329 -0.0822631 -0.0505282 0.0935959 -0.950544 -0.296152 -0.0236669 -0.299498 0.953803 -0.084506 -0.0232298 -0.0118928 1.5094 -1.5094 0.3051 -0.3051 
3.72833 0.995756 -0.09201 0.00214717 -0.088898 -0.967592 -0.236353 0.0238244 0.235159 -0.971665 0.099941 0.0215793 0.00735911 -0.2936 0.2936 -1.2186 1.2186 
3.72286 -0.0902835 -0.240603 0.966416 -0.995433 0.0520286 -0.080041 -0.0310232 -0.969228 -0.244201 -0.0326214 -0.0880075 0.0094644 0.3822 -0.3822 -0.49 0.49 
3.70065 -0.995744 0.077622 0.0496799 0.0889112 0.950969 0.29623 -0.0242501 0.299387 -0.953824 -0.0848586 -0.0236982 0.000976981 -0.2941 0.2941 -1.4949 1.4949 
3.69742 0.240477 -0.407012 0.881199 -0.00497977 -0.908345 -0.418191 0.970642 0.0961772 -0.220463 0.0438211 0.00923424 0.115886 -0.1846 0.1846 -0.4508 0.4508 
3.66867 -0.957478 -0.191388 -0.215886 0.159744 0.27143 -0.949109 0.240246 -0.943237 -0.229315 -0.0836457 0.0183752 0.0547819 0.1334 -0.1334 -1.4264 1.4264 
3.65663 -0.995619 0.0477835 -0.080367 0.0909682 0.296404 -0.95072 -0.0216076 -0.953867 -0.299452 -0.084517 -0.0175346 0.0102591 0.43 -0.43 -0.4636 0.4636 
3.63646 0.95861 -0.270931 0.0875388 -0.159778 -0.257409 0.953001 -0.235664 -0.927543 -0.290044 0.0949396 0.00601674 -0.016378 0.6822 -0.6822 -0.3424 0.3424 
3.62214 0.0880884 0.952274 0.292257 0.995562 -0.0939194 0.00595229 0.0331169 0.290436 -0.956321 0.036514 0.08661 0.00767414 1.286 -1.286 0.1734 -0.1734 
3.61922 0.0907076 -0.292008 0.952105 0.995394 -0.00320805 -0.0958157 0.0310334 0.95641 0.290372 0.0317018 0.106822 0.0171859 0.4748 -0.4748 -0.4142 0.4142 
3.61731 -0.026468 -0.353505 0.935058 -0.0287412 -0.93473 -0.354194 0.999236 -0.0362495 0.0145803 -0.0250827 0.0147002 0.0874074 0.0266 -0.0266 -0.8294 0.8294 
3.56994 0.0907076 -0.292008 0.952105 0.995394 -0.00320805 -0.0958157 0.0310334 0.95641 0.290372 -0.0137008 0.112022 -0.0148623 -0.2781 0.2781 -0.3554 0.3554 
3.53405 -0.995454 -0.0524246 0.0795187 0.0915389 -0.295979 0.950798 -0.0263093 0.953755 0.299432 -0.10953 0.034498 -0.00435852 0.0901 -0.0901 0.0124 -0.0124 
3.53386 -0.995454 -0.0524246 0.0795187 0.0915389 -0.295979 0.950798 -0.0263093 0.953755 0.299432 -0.109947 0.034017 0.0111092 0.476 -0.476 0.4108 -0.4108 
3.52673 0.995581 0.000597605 -0.0939067 -0.0913923 0.236102 -0.967421 0.0215934 0.971728 0.235113 0.106866 -0.0184997 -0.0156759 -0.2821 0.2821 -1.0914 1.0914 
3.50931 0.0268949 0.179232 -0.983439 0.0334391 -0.983406 -0.178311 -0.999079 -0.0280897 -0.0324419 -0.0116164 -0.0271089 -0.0936789 1.2094 -1.2094 0.3014 -0.3014 
3.4916 0.995492 0.00404348 0.0947549 -0.0911149 -0.236527 0.967343 0.0263236 -0.971616 -0.235093 0.109067 0.0139393 0.0164484 0.4334 -0.4334 -0.4688 0.4688 
3.49042 -0.027319 0.353379 -0.935081 -0.0334002 0.934585 0.354168 0.999069 0.0409074 -0.013729 0.0042793 0.0271417 0.0985931 1.0184 -1.0184 0.3078 -0.3078 
3.49014 0.0880884 0.952274 0.292257 0.995562 -0.0939194 0.00595229 0.0331169 0.290436 -0.956321 0.0369303 0.087091 -0.00779357 1.283 -1.283 0.1701 -0.1701 
3.47207 -0.157796 0.487061 -0.858995 -0.987041 -0.0521031 0.151775 0.0291675 0.871812 0.488971 -0.0128581 -0.0988649 0.0363392 1.1166 -1.1166 -0.1232 0.1232 
3.4691 0.0292622 -0.983385 -0.179157 0.0310674 -0.178252 0.983494 -0.999089 -0.0343452 0.0253351 0.0024309 0.0272523 -0.0916103 0.549 -0.549 -0.607 0.607 
3.46681 -0.995329 -0.0822631 -0.0505282 0.0935959 -0.950544 -0.296152 -0.0236669 -0.299498 0.953803 -0.0849223 -0.0237108 0.00357492 1.5058 -1.5058 0.3018 -0.3018 
3.46521 0.0907076 -0.292008 0.952105 0.995394 -0.00320805 -0.0958157 0.0310334 0.95641 0.290372 0.000878292 0.109647 0.0164441 0.4842 -0.4842 -0.3974 0.3974 
3.45978 0.995317 0.0966511 -0.0012989 -0.0936092 0.967167 0.236275 0.0240925 -0.235047 0.971685 0.100281 0.0219115 -0.00551524 1.2296 -1.2296 0.3061 -0.3061 
3.41307 0.0901566 0.29243 -0.952028 0.995286 0.00784821 0.0966638 0.0357391 -0.956255 -0.290344 -0.0171215 0.111295 0.0160793 -0.4086 0.4086 -0.4714 0.4714 
3.36932 -0.239736 0.104404 -0.965208 0.00963878 -0.993896 -0.109901 -0.97079 -0.0356507 0.237266 -0.0235311 0.000676634 -0.0735523 0.4748 -0.4748 -0.3678 0.3678 
3.36277 -0.957478 -0.191388 -0.215886 0.159744 0.27143 -0.949109 0.240246 -0.943237 -0.229315 -0.0781713 -0.0090339 0.0532236 0.0201 -0.0201 -1.5568 1.5568 
3.35067 0.995492 0.00404348 0.0947549 -0.0911149 -0.236527 0.967343 0.0263236 -0.971616 -0.235093 0.108499 -0.000507369 -0.0150039 1.0972 -1.0972 0.2871 -0.2871 
3.33923 0.995317 0.0966511 -0.0012989 -0.0936092 0.967167 0.236275 0.0240925 -0.235047 0.971685 0.099865 0.0214305 0.00995248 1.2276 -1.2276 0.3026 -0.3026 
3.27018 0.0268922 -0.179106 0.983462 0.0287023 0.983551 0.178338 -0.999226 0.0234317 0.0315906 0.0063754 -0.0288268 -0.0932481 -0.2968 0.2968 -1.2026 1.2026 
3.26069 0.0901566 0.29243 -0.952028 0.995286 0.00784821 0.0966638 0.0357391 -0.956255 -0.290344 -0.0162889 0.112257 -0.0148561 0.349 -0.349 0.2873 -0.2873 
3.26001 -0.0905807 0.240181 -0.966493 -0.995247 -0.0566688 0.0791929 -0.0357493 0.969073 0.244173 -0.0197941 -0.0891809 0.00970467 0.4958 -0.4958 -0.6972 0.6972 
3.25701 0.95833 -0.084897 -0.272757 -0.15764 -0.95344 -0.257104 -0.23823 0.289388 -0.927093 0.096538 0.0100035 -0.0126229 -0.1536 0.1536 -1.2206 1.2206 
3.24608 0.0268949 0.179232 -0.983439 0.0334391 -0.983406 -0.178311 -0.999079 -0.0280897 -0.0324419 -0.0230972 0.0202191 -0.0825077 -0.0183 0.0183 -0.834 0.834 
3.21333 -0.240069 -0.105523 0.965004 0.00491162 0.99393 0.109908 -0.970743 0.0311251 -0.238093 -0.0187467 -0.000191618 -0.0747412 0.374 -0.374 -0.468 0.468 
3.18125 0.0268922 -0.179106 0.983462 0.0287023 0.983551 0.178338 -0.999226 0.0234317 0.0315906 -0.00903634 -0.0274141 -0.093619 -0.2933 0.2933 -1.2022 1.2022 
3.17588 0.957411 0.275397 -0.0867225 -0.160164 0.256664 -0.953138 -0.240233 0.926434 0.289841 0.0920843 -0.0118281 -0.0158767 0.3794 -0.3794 -0.7268 0.7268 
3.17193 -0.026468 -0.353505 0.935058 -0.0287412 -0.93473 -0.354194 0.999236 -0.0362495 0.0145803 0.00687176 0.0269728 0.0986576 -0.2981 0.2981 -1.0076 1.0076 
3.1577 -0.239736 0.104404 -0.965208 0.00963878 -0.993896 -0.109901 -0.97079 -0.0356507 0.237266 -0.0110066 -0.00141474 -0.0766631 0.4784 -0.4784 -0.3642 0.3642 
3.14605 -0.240069 -0.105523 0.965004 0.00491162 0.99393 0.109908 -0.970743 0.0311251 -0.238093 -0.00622224 -0.00228299 -0.077852 0.3704 -0.3704 -0.4716 0.4716 
3.13477 0.95861 -0.270931 0.0875388 -0.159778 -0.257409 0.953001 -0.235664 -0.927543 -0.290044 0.0928867 -0.00688795 -0.0159674 0.737 -0.737 -0.3456 0.3456 
3.09774 -0.0245634 -0.93513 -0.353454 -0.0314981 0.354109 -0.934674 0.999202 -0.0118256 -0.0381529 0.00856706 -0.0285648 0.0869677 0.1466 -0.1466 -0.791 0.791 
3.09184 -0.958543 0.186922 0.21507 0.160198 -0.270684 0.949245 0.235651 0.944347 0.229517 -0.0808233 0.036221 0.0541476 1.435 -1.435 -0.0097 0.0097 
3.04263 0.0907076 -0.292008 0.952105 0.995394 -0.00320805 -0.0958157 0.0310334 0.95641 0.290372 -0.0154378 0.101106 0.0157393 0.4896 -0.4896 -0.3484 0.3484 
3.01634 -0.0245634 -0.93513 -0.353454 -0.0314981 0.354109 -0.934674 0.999202 -0.0118256 -0.0381529 0.0251098 -0.0148795 0.097847 -0.1649 0.1649 -1.0546 1.0546 
3.01625 -0.0245634 -0.93513 -0.353454 -0.0314981 0.354109 -0.934674 0.999202 -0.0118256 -0.0381529 0.0265098 0.000529195 0.0983639 -0.1616 0.1616 -1.0548 1.0548 
3.01625 -0.0292237 0.935004 0.353431 -0.0306433 -0.354253 0.934647 0.999103 0.0164836 0.0390042 0.0266766 0.00312119 0.098449 1.0622 -1.0622 0.1708 -0.1708 
3.00637 0.95861 -0.270931 0.0875388 -0.159778 -0.257409 0.953001 -0.235664 -0.927543 -0.290044 0.107656 0.00432192 -0.00606626 0.3224 -0.3224 -0.5784 0.5784 
3.006 -0.958543 0.186922 0.21507 0.160198 -0.270684 0.949245 0.235651 0.944347 0.229517 -0.0828762 0.0233163 0.0545582 1.4414 -1.4414 -0.1267 0.1267 
3.00403 -0.240069 -0.105523 0.965004 0.00491162 0.99393 0.109908 -0.970743 0.0311251 -0.238093 -0.00827511 -0.0151877 -0.0774414 0.0019 -0.0019 -0.8858 0.8858 
2.99726 -0.027319 0.353379 -0.935081 -0.0334002 0.934585 0.354168 0.999069 0.0409074 -0.013729 -0.0290752 -0.00053959 0.086826 0.374 -0.374 -0.375 0.375 
2.9893 -0.958543 0.186922 0.21507 0.160198 -0.270684 0.949245 0.235651 0.944347 0.229517 -0.0839597 0.0363162 0.0414563 0.8142 -0.8142 -0.3286 0.3286 
2.85381 0.239328 0.40813 -0.880995 -0.00957062 0.908311 0.418185 0.970892 -0.0916516 0.22129 0.0136201 0.0271276 0.113182 0.8226 -0.8226 0.5494 -0.5494 
2.85082 -0.027319 0.353379 -0.935081 -0.0334002 0.934585 0.354168 0.999069 0.0409074 -0.013729 0.019691 0.025729 0.098964 1.0248 -1.0248 0.3139 -0.3139 
2.84366 -0.0905807 0.240181 -0.966493 -0.995247 -0.0566688 0.0791929 -0.0357493 0.969073 0.244173 -0.0361818 -0.106713 -0.0222694 -0.2958 0.2958 -0.3406 0.3406 
2.81438 0.239328 0.40813 -0.880995 -0.00957062 0.908311 0.418185 0.970892 -0.0916516 0.22129 0.0119134 0.00124543 0.123711 0.1111 -0.1111 -0.1029 0.1029 
2.81258 -0.239736 0.104404 -0.965208 0.00963878 -0.993896 -0.109901 -0.97079 -0.0356507 0.237266 -0.0255839 -0.0122281 -0.0731417 0.8904 -0.8904 -0.0001 0.0001 
2.79221 -0.995329 -0.0822631 -0.0505282 0.0935959 -0.950544 -0.296152 -0.0236669 -0.299498 0.953803 -0.0789061 0.038405 -0.00982541 -0.2951 0.2951 -1.5072 1.5072 
2.77504 0.239328 0.40813 -0.880995 -0.00957062 0.908311 0.418185 0.970892 -0.0916516 0.22129 0.00986055 -0.0116593 0.124122 -0.2018 0.2018 -0.4286 0.4286 
2.72963 0.0907076 -0.292008 0.952105 0.995394 -0.00320805 -0.0958157 0.0310334 0.95641 0.290372 -0.0132128 0.121494 0.000939313 0.0724 -0.0724 0.0906 -0.0906 
2.72186 0.0268949 0.179232 -0.983439 0.0334391 -0.983406 -0.178311 -0.999079 -0.0280897 -0.0324419 -0.0244972 0.00481046 -0.0830246 0.3698 -0.3698 -0.37 0.37 
2.69891 0.0907076 -0.292008 0.952105 0.995394 -0.00320805 -0.0958157 0.0310334 0.95641 0.290372 0.00261528 0.120562 -0.0141575 -0.2926 0.2926 -0.3026 0.3026 
2.68397 -0.157796 0.487061 -0.858995 -0.987041 -0.0521031 0.151775 0.0291675 0.871812 0.488971 -0.0238124 -0.0869026 0.039136 1.2776 -1.2776 -0.1267 0.1267 
2.68288 0.0907076 -0.292008 0.952105 0.995394 -0.00320805 -0.0958157 0.0310334 0.95641 0.290372 0.018027 0.11915 -0.0137866 -0.2966 0.2966 -0.3054 0.3054 
2.67746 -0.0905807 0.240181 -0.966493 -0.995247 -0.0566688 0.0791929 -0.0357493 0.969073 0.244173 -0.0216744 -0.118079 -0.0222323 -0.3251 0.3251 -0.3037 0.3037 
2.66952 0.0880884 0.952274 0.292257 0.995562 -0.0939194 0.00595229 0.0331169 0.290436 -0.956321 -0.025133 0.0922607 0.00619056 -0.1836 0.1836 -1.416 1.416 
2.65825 -0.995454 -0.0524246 0.0795187 0.0915389 -0.295979 0.950798 -0.0263093 0.953755 0.299432 -0.0878031 0.0485626 -0.0188302 -0.4154 0.4154 -0.2809 0.2809 
2.62741 0.995317 0.0966511 -0.0012989 -0.0936092 0.967167 0.236275 0.0240925 -0.235047 0.971685 0.104637 -0.0406358 -0.00734304 -0.3028 0.3028 -1.0552 1.0552 
2.60034 0.239328 0.40813 -0.880995 -0.00957062 0.908311 0.418185 0.970892 -0.0916516 0.22129 0.0139663 0.0141501 0.123301 0.4358 -0.4358 0.2116 -0.2116 
2.5934 -0.0902835 -0.240603 0.966416 -0.995433 0.0520286 -0.080041 -0.0310232 -0.969228 -0.244201 -0.0335974 -0.106952 -0.0221388 0.3631 -0.3631 0.3053 -0.3053 
2.58383 -0.026468 -0.353505 0.935058 -0.0287412 -0.93473 -0.354194 0.999236 -0.0362495 0.0145803 -0.00853998 0.0283855 0.0982867 -0.2946 0.2946 -0.9798 0.9798 
2.55354 -0.027319 0.353379 -0.935081 -0.0334002 0.934585 0.354168 0.999069 0.0409074 -0.013729 -0.0304751 -0.0159483 0.0863092 -0.0023 0.0023 -0.815 0.815 
2.52951 -0.995744 0.077622 0.0496799 0.0889112 0.950969 0.29623 -0.0242501 0.299387 -0.953824 -0.0788424 0.0384176 -0.0124233 1.5182 -1.5182 0.3026 -0.3026 
2.5273 -0.240069 -0.105523 0.965004 0.00491162 0.99393 0.109908 -0.970743 0.0311251 -0.238093 -0.0207996 -0.0130963 -0.0743305 0.0047 -0.0047 -0.8858 0.8858 
2.52616 -0.239736 0.104404 -0.965208 0.00963878 -0.993896 -0.109901 -0.97079 -0.0356507 0.237266 -0.0130594 -0.0143194 -0.0762525 0.9006 -0.9006 0.0031 -0.0031 
2.52131 -0.0902835 -0.240603 0.966416 -0.995433 0.0520286 -0.080041 -0.0310232 -0.969228 -0.244201 -0.01909 -0.118318 -0.0221017 0.3197 -0.3197 0.3369 -0.3369 
2.51909 -0.995454 -0.0524246 0.0795187 0.0915389 -0.295979 0.950798 -0.0263093 0.953755 0.299432 -0.0782641 0.0471691 -0.00312292 -0.0381 0.0381 0.0933 -0.0933 
2.51375 -0.0927872 0.966241 0.240353 -0.995131 -0.0819368 -0.0547728 -0.0332299 -0.244265 0.969139 -0.0414804 -0.0869782 0.00277679 -0.3066 0.3066 -1.4176 1.4176 
2.50262 -0.995744 0.077622 0.0496799 0.0889112 0.950969 0.29623 -0.0242501 0.299387 -0.953824 -0.0792588 0.0379366 0.00304437 1.5214 -1.5214 0.3061 -0.3061 
2.48558 -0.0905807 0.240181 -0.966493 -0.995247 -0.0566688 0.0791929 -0.0357493 0.969073 0.244173 -0.0370145 -0.107675 0.00866605 0.458 -0.458 0.4329 -0.4329 
2.47738 0.239328 0.40813 -0.880995 -0.00957062 0.908311 0.418185 0.970892 -0.0916516 0.22129 0.00540865 -0.0244912 0.114825 -0.5379 0.5379 -0.8164 0.8164 
2.43487 0.995492 0.00404348 0.0947549 -0.0911149 -0.236527 0.967343 0.0263236 -0.971616 -0.235093 0.101344 0.0312226 -0.0142098 0.2802 -0.2802 0.4188 -0.4188 
2.43463 0.995492 0.00404348 0.0947549 -0.0911149 -0.236527 0.967343 0.0263236 -0.971616 -0.235093 0.100928 0.0307416 0.00125792 -0.0919 0.0919 0.0364 -0.0364 
2.40326 -0.958543 0.186922 0.21507 0.160198 -0.270684 0.949245 0.235651 0.944347 0.229517 -0.0860125 0.0234115 0.0418669 0.8782 -0.8782 -0.4552 0.4552 
2.39429 0.0268949 0.179232 -0.983439 0.0334391 -0.983406 -0.178311 -0.999079 -0.0280897 -0.0324419 0.019476 -0.0296236 -0.102929 1.0286 -1.0286 0.3113 -0.3113 
2.32633 -0.995454 -0.0524246 0.0795187 0.0915389 -0.295979 0.950798 -0.0263093 0.953755 0.299432 -0.0786804 0.0466881 0.0123448 0.3394 -0.3394 0.4816 -0.4816 
2.31459 0.995492 0.00404348 0.0947549 -0.0911149 -0.236527 0.967343 0.0263236 -0.971616 -0.235093 0.100511 0.0302606 0.0167256 -0.4783 0.4783 -0.3406 0.3406 
2.30733 -0.0245634 -0.93513 -0.353454 -0.0314981 0.354109 -0.934674 0.999202 -0.0118256 -0.0381529 -0.00711361 -0.0274628 0.0965884 0.52 -0.52 -0.3466 0.3466 
2.28113 -0.0880769 -0.966662 -0.24043 -0.995549 0.0772966 0.0539247 -0.0335425 0.24411 -0.969167 -0.040926 -0.0864228 -0.0152849 1.4254 -1.4254 0.1906 -0.1906 
2.28064 -0.0927872 0.966241 0.240353 -0.995131 -0.0819368 -0.0547728 -0.0332299 -0.244265 0.969139 -0.041064 -0.0864972 -0.0126909 -0.1808 0.1808 -1.4138 1.4138 
2.26892 0.0292622 -0.983385 -0.179157 0.0310674 -0.178252 0.983494 -0.999089 -0.0343452 0.0253351 0.0153116 -0.00466702 -0.102265 0.2106 -0.2106 -0.8692 0.8692 
2.2644 0.0268922 -0.179106 0.983462 0.0287023 0.983551 0.178338 -0.999226 0.0234317 0.0315906 -0.0244481 -0.0260014 -0.0939899 -0.3471 0.3471 -1.1696 1.1696 
2.23946 -0.0927872 0.966241 0.240353 -0.995131 -0.0819368 -0.0547728 -0.0332299 -0.244265 0.969139 -0.0264849 -0.0888719 0.0186154 0.0062 -0.0062 -0.9918 0.9918 
2.23249 -0.154816 -0.859291 -0.487494 -0.987468 0.149894 0.0493817 0.0306394 0.48903 -0.871729 0.00776885 -0.0924713 0.0220134 0.0821 -0.0821 -0.763 0.763 
2.22894 -0.154816 -0.859291 -0.487494 -0.987468 0.149894 0.0493817 0.0306394 0.48903 -0.871729 -0.00475565 -0.09038 0.0251242 0.4062 -0.4062 -0.3904 0.3904 
2.22458 -0.154816 -0.859291 -0.487494 -0.987468 0.149894 0.0493817 0.0306394 0.48903 -0.871729 -0.0141396 -0.0685467 0.0276069 0.7852 -0.7852 0.0361 -0.0361 
2.22254 0.0268949 0.179232 -0.983439 0.0334391 -0.983406 -0.178311 -0.999079 -0.0280897 -0.0324419 0.0250759 0.0320112 -0.100861 -0.2969 0.2969 -0.9982 0.9982 
2.22203 0.0901566 0.29243 -0.952028 0.995286 0.00784821 0.0966638 0.0357391 -0.956255 -0.290344 -0.0021978 0.10041 0.000648626 0.838 -0.838 -0.0917 0.0917 
2.2031 -0.0292237 0.935004 0.353431 -0.0306433 -0.354253 0.934647 0.999103 0.0164836 0.0390042 -0.00274692 0.0213552 0.098224 0.344 -0.344 -0.5342 0.5342 
2.1958 -0.958432 0.213244 -0.189564 0.157643 0.949547 0.271125 0.237816 0.229971 -0.943693 -0.0937034 -0.0112889 0.0342313 -0.2003 0.2003 -1.129 1.129 
2.18507 -0.026468 -0.353505 0.935058 -0.0287412 -0.93473 -0.354194 0.999236 -0.0362495 0.0145803 0.0222835 0.0255601 0.0990285 -0.3108 0.3108 -1.014 1.014 
2.1673 -0.239736 0.104404 -0.965208 0.00963878 -0.993896 -0.109901 -0.97079 -0.0356507 0.237266 -0.0340027 0.0156727 -0.0708521 0.0604 -0.0604 -0.7956 0.7956 
2.14525 -0.027319 0.353379 -0.935081 -0.0334002 0.934585 0.354168 0.999069 0.0409074 -0.013729 -0.0276752 0.0148691 0.0873429 0.8112 -0.8112 0.0044 -0.0044 
2.08442 -0.0902835 -0.240603 0.966416 -0.995433 0.0520286 -0.080041 -0.0310232 -0.969228 -0.244201 -0.0167934 -0.0889391 -0.00563242 0.9764 -0.9764 -0.0957 0.0957 
2.08032 -0.0905807 0.240181 -0.966493 -0.995247 -0.0566688 0.0791929 -0.0357493 0.969073 0.244173 -0.0184735 -0.0787465 -0.00542918 0.1027 -0.1027 -1.201 1.201 
2.06567 0.156664 -0.0247416 0.987342 0.987075 0.038083 -0.155667 -0.0337495 0.998968 0.030388 0.0436841 0.0837913 0.010268 0.5576 -0.5576 -0.2816 0.2816 
2.05105 -0.240069 -0.105523 0.965004 0.00491162 0.99393 0.109908 -0.970743 0.0311251 -0.238093 0.00835513 0.00853033 -0.0813734 0.7852 -0.7852 -0.0762 0.0762 
2.04348 -0.995329 -0.0822631 -0.0505282 0.0935959 -0.950544 -0.296152 -0.0236669 -0.299498 0.953803 -0.0793224 0.037924 0.00564231 -0.2986 0.2986 -1.5108 1.5108 
1.91334 -0.0927872 0.966241 0.240353 -0.995131 -0.0819368 -0.0547728 -0.0332299 -0.244265 0.969139 -0.0119775 -0.100238 0.0186524 0.385 -0.385 -0.5534 0.5534 
1.90866 0.995581 0.000597605 -0.0939067 -0.0913923 0.236102 -0.967421 0.0215934 0.971728 0.235113 0.0841557 -0.047492 -0.0171887 -0.3856 0.3856 -0.2789 0.2789 
1.85212 0.0268949 0.179232 -0.983439 0.0334391 -0.983406 -0.178311 -0.999079 -0.0280897 -0.0324419 -0.0258971 -0.0105982 -0.0835414 0.8188 -0.8188 0.0299 -0.0299 
1.82106 0.95861 -0.270931 0.0875388 -0.159778 -0.257409 0.953001 -0.235664 -0.927543 -0.290044 0.109823 -0.0216777 0.0201375 -0.2658 0.2658 -1.2984 1.2984 
1.81515 -0.995619 0.0477835 -0.080367 0.0909682 0.296404 -0.95072 -0.0216076 -0.953867 -0.299452 -0.0958724 -0.0320308 0.00950263 -0.4808 0.4808 -0.3716 0.3716 
1.75912 0.24213 -0.880535 -0.407469 -0.00786299 0.418171 -0.908334 0.970212 0.223139 0.094328 0.0421881 -0.0261824 0.116024 -0.2368 0.2368 -0.4884 0.4884 
1.75818 0.154714 0.987639 0.0251736 0.987471 -0.153787 -0.0353615 -0.031053 0.0303291 -0.999057 0.00934826 0.079525 0.0229121 0.0914 -0.0914 -0.7564 0.7564 
1.75076 0.995581 0.000597605 -0.0939067 -0.0913923 0.236102 -0.967421 0.0215934 0.971728 0.235113 0.0833231 -0.048454 0.0137467 0.3694 -0.3694 0.4843 -0.4843 
1.7479 -0.995619 0.0477835 -0.080367 0.0909682 0.296404 -0.95072 -0.0216076 -0.953867 -0.299452 -0.105411 -0.0306372 -0.00620467 -0.0963 0.0963 0.0116 -0.0116 
1.74502 0.154714 0.987639 0.0251736 0.987471 -0.153787 -0.0353615 -0.031053 0.0303291 -0.999057 0.023443 0.0873046 0.0194872 0.4162 -0.4162 -0.3846 0.3846 
1.7147 -0.240069 -0.105523 0.965004 0.00491162 0.99393 0.109908 -0.970743 0.0311251 -0.238093 0.00424939 -0.0172791 -0.0805522 -0.0073 0.0073 -0.846 0.846 
1.71383 0.24213 -0.880535 -0.407469 -0.00786299 0.418171 -0.908334 0.970212 0.223139 0.094328 0.0296636 -0.024091 0.119135 0.0769 -0.0769 -0.1566 0.1566 
1.70861 0.995581 0.000597605 -0.0939067 -0.0913923 0.236102 -0.967421 0.0215934 0.971728 0.235113 0.0837394 -0.047973 -0.00172102 -0.0074 0.0074 0.0953 -0.0953 
1.66462 0.0901566 0.29243 -0.952028 0.995286 0.00784821 0.0966638 0.0357391 -0.956255 -0.290344 0.0154389 0.119385 -0.0137805 0.3151 -0.3151 0.3093 -0.3093 
1.65163 0.159338 -0.986906 -0.0250398 0.986713 0.158388 0.0362026 -0.0317625 -0.0304755 0.999031 0.0168915 0.0991244 0.0398179 0.536 -0.536 0.0944 -0.0944 
1.62161 0.24213 -0.880535 -0.407469 -0.00786299 0.418171 -0.908334 0.970212 0.223139 0.094328 0.0171391 -0.0219997 0.122246 0.399 -0.399 0.1578 -0.1578 
1.60807 0.0901566 0.29243 -0.952028 0.995286 0.00784821 0.0966638 0.0357391 -0.956255 -0.290344 -0.0158009 0.121729 0.000945456 -0.0881 0.0881 -0.0452 0.0452 
1.52793 -0.995744 0.077622 0.0496799 0.0889112 0.950969 0.29623 -0.0242501 0.299387 -0.953824 -0.0925814 -0.00641498 -0.0296812 0.0199 -0.0199 -0.8214 0.8214 
1.48831 -0.154816 -0.859291 -0.487494 -0.987468 0.149894 0.0493817 0.0306394 0.48903 -0.871729 -0.00475983 -0.110217 0.0384437 0.0816 -0.0816 -0.1447 0.1447 
1.44423 -0.159236 0.858559 0.487361 -0.986716 -0.154496 -0.0502228 0.0321761 -0.488884 0.871755 -0.00362463 -0.110242 0.0433189 0.1538 -0.1538 -0.0726 0.0726 
1.41192 0.240477 -0.407012 0.881199 -0.00497977 -0.908345 -0.418191 0.970642 0.0961772 -0.220463 0.047788 -0.0314985 0.104299 0.7968 -0.7968 0.5631 -0.5631 
1.40633 -0.240069 -0.105523 0.965004 0.00491162 0.99393 0.109908 -0.970743 0.0311251 -0.238093 0.00630226 -0.00437436 -0.0809628 0.3502 -0.3502 -0.43 0.43 
1.33679 0.0880884 0.952274 0.292257 0.995562 -0.0939194 0.00595229 0.0331169 0.290436 -0.956321 -0.0238123 0.102695 -0.0089433 -0.1639 0.1639 -1.2202 1.2202 
1.33247 0.240477 -0.407012 0.881199 -0.00497977 -0.908345 -0.418191 0.970642 0.0961772 -0.220463 0.0542927 -0.00576182 0.113186 0.0936 -0.0936 -0.0904 0.0904 
1.29805 0.0268922 -0.179106 0.983462 0.0287023 0.983551 0.178338 -0.999226 0.0234317 0.0315906 -0.00316755 0.0345314 -0.101543 1.013 -1.013 0.3073 -0.3073 
1.28492 0.157388 0.0254736 -0.987208 0.987109 -0.0334812 0.156508 -0.0290661 -0.999115 -0.0304148 0.0342239 0.0963636 0.0397047 -0.2626 0.2626 -1.3838 1.3838 
1.21157 0.240477 -0.407012 0.881199 -0.00497977 -0.908345 -0.418191 0.970642 0.0961772 -0.220463 0.0563456 0.00714287 0.112775 -0.2188 0.2188 -0.415 0.415 
1.20748 0.240477 -0.407012 0.881199 -0.00497977 -0.908345 -0.418191 0.970642 0.0961772 -0.220463 0.0522399 -0.0186665 0.113596 0.4164 -0.4164 0.2239 -0.2239 
1.16943 -0.995619 0.0477835 -0.080367 0.0909682 0.296404 -0.95072 -0.0216076 -0.953867 -0.299452 -0.104995 -0.0301562 -0.0216724 0.2719 -0.2719 0.4043 -0.4043 
1.16738 0.0927758 -0.951853 -0.29218 0.995118 0.0985596 -0.00510419 0.0336556 -0.29028 0.95635 -0.0238141 0.102608 -0.006346 1.2304 -1.2304 0.1714 -0.1714 
1.12921 0.237675 0.881654 0.407674 -0.0066874 -0.418205 0.908328 0.971322 -0.218613 -0.0935008 0.0425623 -0.00825337 0.105765 0.5362 -0.5362 -0.0529 0.0529 
1.08169 -0.026468 -0.353505 0.935058 -0.0287412 -0.93473 -0.354194 0.999236 -0.0362495 0.0145803 -0.0127399 -0.0178406 0.0967362 0.778 -0.778 -0.0664 0.0664 
1.07781 0.154714 0.987639 0.0251736 0.987471 -0.153787 -0.0353615 -0.031053 0.0303291 -0.999057 0.0343973 0.0753423 0.0166905 0.8 -0.8 -0.0481 0.0481 
1.06242 -0.027319 0.353379 -0.935081 -0.0334002 0.934585 0.354168 0.999069 0.0409074 -0.013729 7.94109e-005 -0.0190844 0.0970425 0.0791 -0.0791 -0.7676 0.7676 
1.02893 0.24213 -0.880535 -0.407469 -0.00786299 0.418171 -0.908334 0.970212 0.223139 0.094328 0.0418419 -0.013205 0.105906 0.0624 -0.0624 -0.5284 0.5284 
1.02763 0.156664 -0.0247416 0.987342 0.987075 0.038083 -0.155667 -0.0337495 0.998968 0.030388 0.0264781 0.0976548 0.041558 1.393 -1.393 0.1856 -0.1856 
1.01343 0.0292622 -0.983385 -0.179157 0.0310674 -0.178252 0.983494 -0.999089 -0.0343452 0.0253351 -0.0171807 -0.0175611 -0.0935318 1.0558 -1.0558 -0.1234 0.1234 
1.0102 0.24213 -0.880535 -0.407469 -0.00786299 0.418171 -0.908334 0.970212 0.223139 0.094328 0.0438948 -0.000300263 0.105495 0.0651 -0.0651 -0.5252 0.5252 
1.00136 0.154714 0.987639 0.0251736 0.987471 -0.153787 -0.0353615 -0.031053 0.0303291 -0.999057 0.0171954 0.109043 0.0346611 -0.1484 0.1484 -0.3358 0.3358 
0.993311 0.0292622 -0.983385 -0.179157 0.0310674 -0.178252 0.983494 -0.999089 -0.0343452 0.0253351 0.0318544 0.00901828 -0.0913854 -0.1651 0.1651 -1.2972 1.2972 
0.991776 0.156664 -0.0247416 0.987342 0.987075 0.038083 -0.155667 -0.0337495 0.998968 0.030388 0.0452502 0.0738253 0.0232733 0.9942 -0.9942 0.0399 -0.0399 
0.98676 0.0268922 -0.179106 0.983462 0.0287023 0.983551 0.178338 -0.999226 0.0234317 0.0315906 0.0276559 0.031706 -0.100801 1.0004 -1.0004 0.3134 -0.3134 
0.956574 0.157388 0.0254736 -0.987208 0.987109 -0.0334812 0.156508 -0.0290661 -0.999115 -0.0304148 0.0216994 0.098455 0.0428155 -0.1768 0.1768 -1.3848 1.3848 
0.94931 0.0292622 -0.983385 -0.179157 0.0310674 -0.178252 0.983494 -0.999089 -0.0343452 0.0253351 0.0304544 -0.00639041 -0.0919022 -0.1618 0.1618 -1.2954 1.2954 
0.947633 -0.0905807 0.240181 -0.966493 -0.995247 -0.0566688 0.0791929 -0.0357493 0.969073 0.244173 -0.0375025 -0.117148 -0.00713553 0.0349 -0.0349 0.1008 -0.1008 
0.925294 0.237675 0.881654 0.407674 -0.0066874 -0.418205 0.908328 0.971322 -0.218613 -0.0935008 0.0446152 0.00465132 0.105354 0.533 -0.533 -0.0557 0.0557 
0.924443 -0.154816 -0.859291 -0.487494 -0.987468 0.149894 0.0493817 0.0306394 0.48903 -0.871729 -0.0172843 -0.108126 0.0415545 0.3844 -0.3844 0.1701 -0.1701 
0.900913 -0.027319 0.353379 -0.935081 -0.0334002 0.934585 0.354168 0.999069 0.0409074 -0.013729 -0.0153323 -0.0176717 0.0966717 0.0757 -0.0757 -0.7694 0.7694 
0.899724 0.0245248 0.983511 0.17918 0.031074 0.178397 -0.983468 -0.999216 0.0296872 -0.0261865 0.0150086 -0.00724653 -0.102353 0.8732 -0.8732 -0.2012 0.2012 
0.890167 -0.026468 -0.353505 0.935058 -0.0287412 -0.93473 -0.354194 0.999236 -0.0362495 0.0145803 0.00267186 -0.0192533 0.0971071 0.7762 -0.7762 -0.0697 0.0697 
0.855801 -0.027319 0.353379 -0.935081 -0.0334002 0.934585 0.354168 0.999069 0.0409074 -0.013729 -0.0111324 0.0285544 0.0982222 0.966 -0.966 0.3043 -0.3043 
0.845495 -0.159236 0.858559 0.487361 -0.986716 -0.154496 -0.0502228 0.0321761 -0.488884 0.871755 -0.0161491 -0.108151 0.0464297 -0.1601 0.1601 -0.3752 0.3752 
0.840071 0.0268922 -0.179106 0.983462 0.0287023 0.983551 0.178338 -0.999226 0.0234317 0.0315906 0.0122442 0.0331187 -0.101172 1.0114 -1.0114 0.3038 -0.3038 
0.827387 -0.027319 0.353379 -0.935081 -0.0334002 0.934585 0.354168 0.999069 0.0409074 -0.013729 0.0140912 -0.0359057 0.0968966 -0.2983 0.2983 -1.0636 1.0636 
0.822632 0.0268949 0.179232 -0.983439 0.0334391 -0.983406 -0.178311 -0.999079 -0.0280897 -0.0324419 0.00966412 0.0334239 -0.101232 -0.2946 0.2946 -1.003 1.003 
0.755284 0.157388 0.0254736 -0.987208 0.987109 -0.0334812 0.156508 -0.0290661 -0.999115 -0.0304148 0.0091749 0.100546 0.0459263 -0.1796 0.1796 -1.3782 1.3782 
0.735764 0.154714 0.987639 0.0251736 0.987471 -0.153787 -0.0353615 -0.031053 0.0303291 -0.999057 0.0406741 0.0949891 0.0287536 0.5314 -0.5314 0.0941 -0.0941 
0.73465 -0.154816 -0.859291 -0.487494 -0.987468 0.149894 0.0493817 0.0306394 0.48903 -0.871729 0.00776467 -0.112308 0.0353329 -0.2383 0.2383 -0.4308 0.4308 
0.725211 -0.0902835 -0.240603 0.966416 -0.995433 0.0520286 -0.080041 -0.0310232 -0.969228 -0.244201 0.0117335 -0.121144 -0.0213599 0.3172 -0.3172 0.3458 -0.3458 
0.712444 0.159338 -0.986906 -0.0250398 0.986713 0.158388 0.0362026 -0.0317625 -0.0304755 0.999031 0.0419405 0.0949417 0.0335962 -0.0856 0.0856 -0.522 0.522 
0.663733 0.156664 -0.0247416 0.987342 0.987075 0.038083 -0.155667 -0.0337495 0.998968 0.030388 0.0390026 0.0955634 0.0384472 1.3918 -1.3918 0.2713 -0.2713 
0.65982 0.156664 -0.0247416 0.987342 0.987075 0.038083 -0.155667 -0.0337495 0.998968 0.030388 0.0389775 0.0740155 -0.00210922 0.2677 -0.2677 -0.6342 0.6342 
0.653907 -0.159236 0.858559 0.487361 -0.986716 -0.154496 -0.0502228 0.0321761 -0.488884 0.871755 0.00889987 -0.112334 0.0402081 0.4398 -0.4398 0.2479 -0.2479 
0.651049 -0.156256 -0.487793 0.858861 -0.987143 0.0475014 -0.152616 0.0336481 -0.871666 -0.488944 0.0201429 -0.084107 0.0283649 -0.0563 0.0563 -1.105 1.105 
0.634571 -0.0905807 0.240181 -0.966493 -0.995247 -0.0566688 0.0791929 -0.0357493 0.969073 0.244173 0.00914905 -0.120905 -0.0214906 -0.3218 0.3218 -0.3071 0.3071 
0.632827 0.0901566 0.29243 -0.952028 0.995286 0.00784821 0.0966638 0.0357391 -0.956255 -0.290344 0.0308507 0.117972 -0.0134096 0.3182 -0.3182 0.3173 -0.3173 
0.62562 -0.027319 0.353379 -0.935081 -0.0334002 0.934585 0.354168 0.999069 0.0409074 -0.013729 -0.00132055 -0.0344931 0.0965257 -0.2978 0.2978 -1.0706 1.0706 
0.61936 0.240477 -0.407012 0.881199 -0.00497977 -0.908345 -0.418191 0.970642 0.0961772 -0.220463 0.0559995 0.0201203 0.102657 -0.5573 0.5573 -0.7988 0.7988 
0.610026 -0.156256 -0.487793 0.858861 -0.987143 0.0475014 -0.152616 0.0336481 -0.871666 -0.488944 0.0122999 -0.0937877 0.00329645 0.6198 -0.6198 -0.2246 0.2246 
0.591178 0.0245248 0.983511 0.17918 0.031074 0.178397 -0.983468 -0.999216 0.0296872 -0.0261865 0.0301514 -0.00896992 -0.0919906 1.3042 -1.3042 0.1698 -0.1698 
0.576351 0.0901566 0.29243 -0.952028 0.995286 0.00784821 0.0966638 0.0357391 -0.956255 -0.290344 -0.0352463 0.0828471 0.0147068 -0.2816 0.2816 -0.4447 0.4447 
0.446569 -0.0880769 -0.966662 -0.24043 -0.995549 0.0772966 0.0539247 -0.0335425 0.24411 -0.969167 -0.0422467 -0.0968572 -0.000151089 1.2464 -1.2464 0.2109 -0.2109 
0.367583 0.0245248 0.983511 0.17918 0.031074 0.178397 -0.983468 -0.999216 0.0296872 -0.0261865 0.0164085 0.00816217 -0.101836 0.8898 -0.8898 -0.198 0.198 
0.366236 0.95861 -0.270931 0.0875388 -0.159778 -0.257409 0.953001 -0.235664 -0.927543 -0.290044 0.113929 0.00413169 0.0193163 -0.3096 0.3096 -1.2788 1.2788 
0.36403 0.0292622 -0.983385 -0.179157 0.0310674 -0.178252 0.983494 -0.999089 -0.0343452 0.0253351 0.0167116 0.0107417 -0.101748 0.2072 -0.2072 -0.8812 0.8812 
0.29818 0.957691 0.0893632 0.273573 -0.162302 0.952694 0.256968 -0.237668 -0.290498 0.92689 0.0913983 -0.0275002 0.0339233 -0.2571 0.2571 -0.3664 0.3664 
0.271456 -0.957589 -0.217711 0.188748 0.162299 -0.948802 -0.270988 0.238081 -0.228862 0.943896 -0.0769242 0.027171 0.07593 -0.2711 0.2711 -0.3806 0.3806 
0.26692 0.957691 0.0893632 0.273573 -0.162302 0.952694 0.256968 -0.237668 -0.290498 0.92689 0.0893454 -0.0404049 0.034334 -0.6003 0.6003 -0.737 0.737 
0.240287 -0.957589 -0.217711 0.188748 0.162299 -0.948802 -0.270988 0.238081 -0.228862 0.943896 -0.0652912 0.038476 0.0731399 -0.6171 0.6171 -0.7556 0.7556 
0.235147 0.957691 0.0893632 0.273573 -0.162302 0.952694 0.256968 -0.237668 -0.290498 0.92689 0.103031 -0.0161952 0.0311332 0.0567 -0.0567 -0.0439 0.0439 
0.219885 -0.957589 -0.217711 0.188748 0.162299 -0.948802 -0.270988 0.238081 -0.228862 0.943896 -0.0789771 0.0142663 0.0763406 0.0424 -0.0424 -0.0579 0.0579 
0.194253 0.957691 0.0893632 0.273573 -0.162302 0.952694 0.256968 -0.237668 -0.290498 0.92689 0.0975569 0.0112139 0.0326915 0.7436 -0.7436 0.6226 -0.6226 
0.0676219 -0.995619 0.0477835 -0.080367 0.0909682 0.296404 -0.95072 -0.0216076 -0.953867 -0.299452 -0.0827007 -0.00164491 -0.00469181 1.1842 -1.1842 -0.0779 0.0779 
0.040723 0.0292622 -0.983385 -0.179157 0.0310674 -0.178252 0.983494 -0.999089 -0.0343452 0.0253351 -0.0155118 -0.00184166 -0.103006 0.916 -0.916 -0.1748 0.1748 
0.00908831 -0.0880769 -0.966662 -0.24043 -0.995549 0.0772966 0.0539247 -0.0335425 0.24411 -0.969167 -0.0241936 -0.077401 -0.0300479 1.0486 -1.0486 -0.1778 0.1778 
