0.13143 0.0278727 0.963185 0.267389 -0.999611 0.0268 0.00766108 0.000213017 -0.267499 0.963558 0.00268659 -0.0899581 -0.000960679 0.27 -0.27 -0.2632 0.2632 
0.13143 0.999611 -0.0268 -0.00766109 0.0278727 0.963185 0.267389 0.000213021 -0.267499 0.963558 0.0899581 0.00268659 -0.000960679 0.27 -0.27 -0.2632 0.2632 
0.13143 -0.0278727 -0.963185 -0.267389 0.999611 -0.0268 -0.00766108 0.000213016 -0.267499 0.963558 -0.00268659 0.0899581 -0.000960679 0.27 -0.27 -0.2632 0.2632 
0.13143 -0.999611 0.0268 0.00766108 -0.0278727 -0.963185 -0.267389 0.000213012 -0.267499 0.963558 -0.0899581 -0.00268659 -0.000960679 0.27 -0.27 -0.2632 0.2632 
0.131371 0.0325904 -0.963045 -0.267363 -0.999469 -0.0314597 -0.00851276 -0.000213016 0.267499 -0.963558 0.002755 -0.0899561 0.000960679 0.272 -0.272 -0.2612 0.2612 
0.131371 0.999469 0.0314597 0.00851276 0.0325904 -0.963044 -0.267363 -0.000213012 0.267499 -0.963558 0.0899561 0.002755 0.000960679 0.272 -0.272 -0.2612 0.2612 
0.131371 -0.999469 -0.0314597 -0.00851275 -0.0325904 0.963044 0.267363 -0.000213021 0.267499 -0.963558 -0.0899561 -0.002755 0.000960679 0.272 -0.272 -0.2612 0.2612 
0.131371 -0.0325904 0.963044 0.267363 0.999469 0.0314597 0.00851276 -0.000213017 0.267499 -0.963558 -0.002755 0.0899561 0.000960679 0.272 -0.272 -0.2612 0.2612 
0.131297 0.0278727 0.963185 0.267389 -0.999611 0.0268 0.00766108 0.000213017 -0.267499 0.963558 0.00268659 -0.0899581 0.00903932 0.27 -0.27 -0.2632 0.2632 
0.131297 -0.999611 0.0268 0.00766108 -0.0278727 -0.963185 -0.267389 0.000213012 -0.267499 0.963558 -0.0899581 -0.00268659 0.00903932 0.27 -0.27 -0.2632 0.2632 
0.131297 0.999611 -0.0268 -0.00766109 0.0278727 0.963185 0.267389 0.000213021 -0.267499 0.963558 0.0899581 0.00268659 0.00903932 0.27 -0.27 -0.2632 0.2632 
0.131297 -0.0278727 -0.963185 -0.267389 0.999611 -0.0268 -0.00766108 0.000213016 -0.267499 0.963558 -0.00268659 0.0899581 0.00903932 0.27 -0.27 -0.2632 0.2632 
0.131239 0.0325904 -0.963045 -0.267363 -0.999469 -0.0314597 -0.00851276 -0.000213016 0.267499 -0.963558 0.002755 -0.0899561 -0.00903932 0.272 -0.272 -0.2612 0.2612 
0.131239 0.999469 0.0314597 0.00851276 0.0325904 -0.963044 -0.267363 -0.000213012 0.267499 -0.963558 0.0899561 0.002755 -0.00903932 0.272 -0.272 -0.2612 0.2612 
0.131239 -0.999469 -0.0314597 -0.00851275 -0.0325904 0.963044 0.267363 -0.000213021 0.267499 -0.963558 -0.0899561 -0.002755 -0.00903932 0.272 -0.272 -0.2612 0.2612 
0.131239 -0.0325904 0.963044 0.267363 0.999469 0.0314597 0.00851276 -0.000213017 0.267499 -0.963558 -0.002755 0.0899561 -0.00903932 0.272 -0.272 -0.2612 0.2612 
0.131233 0.0278727 0.963185 0.267389 -0.999611 0.0268 0.00766108 0.000213017 -0.267499 0.963558 0.00268659 -0.0899581 -0.0109607 0.27 -0.27 -0.2632 0.2632 
0.131233 0.999611 -0.0268 -0.00766109 0.0278727 0.963185 0.267389 0.000213021 -0.267499 0.963558 0.0899581 0.00268659 -0.0109607 0.27 -0.27 -0.2632 0.2632 
0.131233 -0.0278727 -0.963185 -0.267389 0.999611 -0.0268 -0.00766108 0.000213016 -0.267499 0.963558 -0.00268659 0.0899581 -0.0109607 0.27 -0.27 -0.2632 0.2632 
0.131233 -0.999611 0.0268 0.00766108 -0.0278727 -0.963185 -0.267389 0.000213012 -0.267499 0.963558 -0.0899581 -0.00268659 -0.0109607 0.27 -0.27 -0.2632 0.2632 
0.131175 0.0325904 -0.963045 -0.267363 -0.999469 -0.0314597 -0.00851276 -0.000213016 0.267499 -0.963558 0.002755 -0.0899561 0.0109607 0.272 -0.272 -0.2612 0.2612 
0.131175 0.999469 0.0314597 0.00851276 0.0325904 -0.963044 -0.267363 -0.000213012 0.267499 -0.963558 0.0899561 0.002755 0.0109607 0.272 -0.272 -0.2612 0.2612 
0.131175 -0.999469 -0.0314597 -0.00851275 -0.0325904 0.963044 0.267363 -0.000213021 0.267499 -0.963558 -0.0899561 -0.002755 0.0109607 0.272 -0.272 -0.2612 0.2612 
0.131175 -0.0325904 0.963044 0.267363 0.999469 0.0314597 0.00851276 -0.000213017 0.267499 -0.963558 -0.002755 0.0899561 0.0109607 0.272 -0.272 -0.2612 0.2612 
0.130839 0.0278727 0.963185 0.267389 -0.999611 0.0268 0.00766108 0.000213017 -0.267499 0.963558 0.00268659 -0.0899581 0.0190393 0.27 -0.27 -0.2632 0.2632 
0.130839 0.999611 -0.0268 -0.00766109 0.0278727 0.963185 0.267389 0.000213021 -0.267499 0.963558 0.0899581 0.00268659 0.0190393 0.27 -0.27 -0.2632 0.2632 
0.130839 -0.999611 0.0268 0.00766108 -0.0278727 -0.963185 -0.267389 0.000213012 -0.267499 0.963558 -0.0899581 -0.00268659 0.0190393 0.27 -0.27 -0.2632 0.2632 
0.130839 -0.0278727 -0.963185 -0.267389 0.999611 -0.0268 -0.00766108 0.000213016 -0.267499 0.963558 -0.00268659 0.0899581 0.0190393 0.27 -0.27 -0.2632 0.2632 
0.130781 -0.999469 -0.0314597 -0.00851275 -0.0325904 0.963044 0.267363 -0.000213021 0.267499 -0.963558 -0.0899561 -0.002755 -0.0190393 0.272 -0.272 -0.2612 0.2612 
0.130781 0.999469 0.0314597 0.00851276 0.0325904 -0.963044 -0.267363 -0.000213012 0.267499 -0.963558 0.0899561 0.002755 -0.0190393 0.272 -0.272 -0.2612 0.2612 
0.130781 -0.0325904 0.963044 0.267363 0.999469 0.0314597 0.00851276 -0.000213017 0.267499 -0.963558 -0.002755 0.0899561 -0.0190393 0.272 -0.272 -0.2612 0.2612 
0.130781 0.0325904 -0.963045 -0.267363 -0.999469 -0.0314597 -0.00851276 -0.000213016 0.267499 -0.963558 0.002755 -0.0899561 -0.0190393 0.272 -0.272 -0.2612 0.2612 
0.130712 0.0278727 0.963185 0.267389 -0.999611 0.0268 0.00766108 0.000213017 -0.267499 0.963558 0.00268659 -0.0899581 -0.0209607 0.27 -0.27 -0.2632 0.2632 
0.130712 0.999611 -0.0268 -0.00766109 0.0278727 0.963185 0.267389 0.000213021 -0.267499 0.963558 0.0899581 0.00268659 -0.0209607 0.27 -0.27 -0.2632 0.2632 
0.130712 -0.999611 0.0268 0.00766108 -0.0278727 -0.963185 -0.267389 0.000213012 -0.267499 0.963558 -0.0899581 -0.00268659 -0.0209607 0.27 -0.27 -0.2632 0.2632 
0.130712 -0.0278727 -0.963185 -0.267389 0.999611 -0.0268 -0.00766108 0.000213016 -0.267499 0.963558 -0.00268659 0.0899581 -0.0209607 0.27 -0.27 -0.2632 0.2632 
0.130654 0.0325904 -0.963045 -0.267363 -0.999469 -0.0314597 -0.00851276 -0.000213016 0.267499 -0.963558 0.002755 -0.0899561 0.0209607 0.272 -0.272 -0.2612 0.2612 
0.130654 -0.999469 -0.0314597 -0.00851275 -0.0325904 0.963044 0.267363 -0.000213021 0.267499 -0.963558 -0.0899561 -0.002755 0.0209607 0.272 -0.272 -0.2612 0.2612 
0.130654 0.999469 0.0314597 0.00851276 0.0325904 -0.963044 -0.267363 -0.000213012 0.267499 -0.963558 0.0899561 0.002755 0.0209607 0.272 -0.272 -0.2612 0.2612 
0.130654 -0.0325904 0.963044 0.267363 0.999469 0.0314597 0.00851276 -0.000213017 0.267499 -0.963558 -0.002755 0.0899561 0.0209607 0.272 -0.272 -0.2612 0.2612 
0.130065 0.0278727 0.963185 0.267389 -0.999611 0.0268 0.00766108 0.000213017 -0.267499 0.963558 0.00268659 -0.0899581 0.0290393 0.27 -0.27 -0.2632 0.2632 
0.130065 -0.999611 0.0268 0.00766108 -0.0278727 -0.963185 -0.267389 0.000213012 -0.267499 0.963558 -0.0899581 -0.00268659 0.0290393 0.27 -0.27 -0.2632 0.2632 
0.130065 0.999611 -0.0268 -0.00766109 0.0278727 0.963185 0.267389 0.000213021 -0.267499 0.963558 0.0899581 0.00268659 0.0290393 0.27 -0.27 -0.2632 0.2632 
0.130065 -0.0278727 -0.963185 -0.267389 0.999611 -0.0268 -0.00766108 0.000213016 -0.267499 0.963558 -0.00268659 0.0899581 0.0290393 0.27 -0.27 -0.2632 0.2632 
0.130007 0.999469 0.0314597 0.00851276 0.0325904 -0.963044 -0.267363 -0.000213012 0.267499 -0.963558 0.0899561 0.002755 -0.0290393 0.272 -0.272 -0.2612 0.2612 
0.130007 0.0325904 -0.963045 -0.267363 -0.999469 -0.0314597 -0.00851276 -0.000213016 0.267499 -0.963558 0.002755 -0.0899561 -0.0290393 0.272 -0.272 -0.2612 0.2612 
0.130007 -0.999469 -0.0314597 -0.00851275 -0.0325904 0.963044 0.267363 -0.000213021 0.267499 -0.963558 -0.0899561 -0.002755 -0.0290393 0.272 -0.272 -0.2612 0.2612 
0.130007 -0.0325904 0.963044 0.267363 0.999469 0.0314597 0.00851276 -0.000213017 0.267499 -0.963558 -0.002755 0.0899561 -0.0290393 0.272 -0.272 -0.2612 0.2612 
0.129878 0.0278727 0.963185 0.267389 -0.999611 0.0268 0.00766108 0.000213017 -0.267499 0.963558 0.00268659 -0.0899581 -0.0309607 0.27 -0.27 -0.2632 0.2632 
0.129878 -0.999611 0.0268 0.00766108 -0.0278727 -0.963185 -0.267389 0.000213012 -0.267499 0.963558 -0.0899581 -0.00268659 -0.0309607 0.27 -0.27 -0.2632 0.2632 
0.129878 0.999611 -0.0268 -0.00766109 0.0278727 0.963185 0.267389 0.000213021 -0.267499 0.963558 0.0899581 0.00268659 -0.0309607 0.27 -0.27 -0.2632 0.2632 
0.129878 -0.0278727 -0.963185 -0.267389 0.999611 -0.0268 -0.00766108 0.000213016 -0.267499 0.963558 -0.00268659 0.0899581 -0.0309607 0.27 -0.27 -0.2632 0.2632 
0.12982 0.999469 0.0314597 0.00851276 0.0325904 -0.963044 -0.267363 -0.000213012 0.267499 -0.963558 0.0899561 0.002755 0.0309607 0.272 -0.272 -0.2612 0.2612 
0.12982 0.0325904 -0.963045 -0.267363 -0.999469 -0.0314597 -0.00851276 -0.000213016 0.267499 -0.963558 0.002755 -0.0899561 0.0309607 0.272 -0.272 -0.2612 0.2612 
0.12982 -0.999469 -0.0314597 -0.00851275 -0.0325904 0.963044 0.267363 -0.000213021 0.267499 -0.963558 -0.0899561 -0.002755 0.0309607 0.272 -0.272 -0.2612 0.2612 
0.12982 -0.0325904 0.963044 0.267363 0.999469 0.0314597 0.00851276 -0.000213017 0.267499 -0.963558 -0.002755 0.0899561 0.0309607 0.272 -0.272 -0.2612 0.2612 
0.128992 0.0278727 0.963185 0.267389 -0.999611 0.0268 0.00766108 0.000213017 -0.267499 0.963558 0.00268659 -0.0899581 0.0390393 0.27 -0.27 -0.2632 0.2632 
0.128992 0.999611 -0.0268 -0.00766109 0.0278727 0.963185 0.267389 0.000213021 -0.267499 0.963558 0.0899581 0.00268659 0.0390393 0.27 -0.27 -0.2632 0.2632 
0.128992 -0.999611 0.0268 0.00766108 -0.0278727 -0.963185 -0.267389 0.000213012 -0.267499 0.963558 -0.0899581 -0.00268659 0.0390393 0.27 -0.27 -0.2632 0.2632 
0.128992 -0.0278727 -0.963185 -0.267389 0.999611 -0.0268 -0.00766108 0.000213016 -0.267499 0.963558 -0.00268659 0.0899581 0.0390393 0.27 -0.27 -0.2632 0.2632 
0.128934 0.999469 0.0314597 0.00851276 0.0325904 -0.963044 -0.267363 -0.000213012 0.267499 -0.963558 0.0899561 0.002755 -0.0390393 0.272 -0.272 -0.2612 0.2612 
0.128934 -0.999469 -0.0314597 -0.00851275 -0.0325904 0.963044 0.267363 -0.000213021 0.267499 -0.963558 -0.0899561 -0.002755 -0.0390393 0.272 -0.272 -0.2612 0.2612 
0.128934 -0.0325904 0.963044 0.267363 0.999469 0.0314597 0.00851276 -0.000213017 0.267499 -0.963558 -0.002755 0.0899561 -0.0390393 0.272 -0.272 -0.2612 0.2612 
0.128934 0.0325904 -0.963045 -0.267363 -0.999469 -0.0314597 -0.00851276 -0.000213016 0.267499 -0.963558 0.002755 -0.0899561 -0.0390393 0.272 -0.272 -0.2612 0.2612 
0.128748 0.0278727 0.963185 0.267389 -0.999611 0.0268 0.00766108 0.000213017 -0.267499 0.963558 0.00268659 -0.0899581 -0.0409607 0.27 -0.27 -0.2632 0.2632 
0.128748 -0.999611 0.0268 0.00766108 -0.0278727 -0.963185 -0.267389 0.000213012 -0.267499 0.963558 -0.0899581 -0.00268659 -0.0409607 0.27 -0.27 -0.2632 0.2632 
0.128748 -0.0278727 -0.963185 -0.267389 0.999611 -0.0268 -0.00766108 0.000213016 -0.267499 0.963558 -0.00268659 0.0899581 -0.0409607 0.27 -0.27 -0.2632 0.2632 
0.128748 0.999611 -0.0268 -0.00766109 0.0278727 0.963185 0.267389 0.000213021 -0.267499 0.963558 0.0899581 0.00268659 -0.0409607 0.27 -0.27 -0.2632 0.2632 
0.128691 0.0325904 -0.963045 -0.267363 -0.999469 -0.0314597 -0.00851276 -0.000213016 0.267499 -0.963558 0.002755 -0.0899561 0.0409607 0.272 -0.272 -0.2612 0.2612 
0.128691 0.999469 0.0314597 0.00851276 0.0325904 -0.963044 -0.267363 -0.000213012 0.267499 -0.963558 0.0899561 0.002755 0.0409607 0.272 -0.272 -0.2612 0.2612 
0.128691 -0.999469 -0.0314597 -0.00851275 -0.0325904 0.963044 0.267363 -0.000213021 0.267499 -0.963558 -0.0899561 -0.002755 0.0409607 0.272 -0.272 -0.2612 0.2612 
0.128691 -0.0325904 0.963044 0.267363 0.999469 0.0314597 0.00851276 -0.000213017 0.267499 -0.963558 -0.002755 0.0899561 0.0409607 0.272 -0.272 -0.2612 0.2612 
0.127642 0.0278727 0.963185 0.267389 -0.999611 0.0268 0.00766108 0.000213017 -0.267499 0.963558 0.00268659 -0.0899581 0.0490393 0.27 -0.27 -0.2632 0.2632 
0.127642 0.999611 -0.0268 -0.00766109 0.0278727 0.963185 0.267389 0.000213021 -0.267499 0.963558 0.0899581 0.00268659 0.0490393 0.27 -0.27 -0.2632 0.2632 
0.127642 -0.0278727 -0.963185 -0.267389 0.999611 -0.0268 -0.00766108 0.000213016 -0.267499 0.963558 -0.00268659 0.0899581 0.0490393 0.27 -0.27 -0.2632 0.2632 
0.127642 -0.999611 0.0268 0.00766108 -0.0278727 -0.963185 -0.267389 0.000213012 -0.267499 0.963558 -0.0899581 -0.00268659 0.0490393 0.27 -0.27 -0.2632 0.2632 
0.127585 0.0325904 -0.963045 -0.267363 -0.999469 -0.0314597 -0.00851276 -0.000213016 0.267499 -0.963558 0.002755 -0.0899561 -0.0490393 0.272 -0.272 -0.2612 0.2612 
0.127585 0.999469 0.0314597 0.00851276 0.0325904 -0.963044 -0.267363 -0.000213012 0.267499 -0.963558 0.0899561 0.002755 -0.0490393 0.272 -0.272 -0.2612 0.2612 
0.127585 -0.999469 -0.0314597 -0.00851275 -0.0325904 0.963044 0.267363 -0.000213021 0.267499 -0.963558 -0.0899561 -0.002755 -0.0490393 0.272 -0.272 -0.2612 0.2612 
0.127585 -0.0325904 0.963044 0.267363 0.999469 0.0314597 0.00851276 -0.000213017 0.267499 -0.963558 -0.002755 0.0899561 -0.0490393 0.272 -0.272 -0.2612 0.2612 
0.127347 0.0278727 0.963185 0.267389 -0.999611 0.0268 0.00766108 0.000213017 -0.267499 0.963558 0.00268659 -0.0899581 -0.0509607 0.27 -0.27 -0.2632 0.2632 
0.127347 0.999611 -0.0268 -0.00766109 0.0278727 0.963185 0.267389 0.000213021 -0.267499 0.963558 0.0899581 0.00268659 -0.0509607 0.27 -0.27 -0.2632 0.2632 
0.127347 -0.999611 0.0268 0.00766108 -0.0278727 -0.963185 -0.267389 0.000213012 -0.267499 0.963558 -0.0899581 -0.00268659 -0.0509607 0.27 -0.27 -0.2632 0.2632 
0.127347 -0.0278727 -0.963185 -0.267389 0.999611 -0.0268 -0.00766108 0.000213016 -0.267499 0.963558 -0.00268659 0.0899581 -0.0509607 0.27 -0.27 -0.2632 0.2632 
0.127291 0.999469 0.0314597 0.00851276 0.0325904 -0.963044 -0.267363 -0.000213012 0.267499 -0.963558 0.0899561 0.002755 0.0509607 0.272 -0.272 -0.2612 0.2612 
0.127291 0.0325904 -0.963045 -0.267363 -0.999469 -0.0314597 -0.00851276 -0.000213016 0.267499 -0.963558 0.002755 -0.0899561 0.0509607 0.272 -0.272 -0.2612 0.2612 
0.127291 -0.999469 -0.0314597 -0.00851275 -0.0325904 0.963044 0.267363 -0.000213021 0.267499 -0.963558 -0.0899561 -0.002755 0.0509607 0.272 -0.272 -0.2612 0.2612 
0.127291 -0.0325904 0.963044 0.267363 0.999469 0.0314597 0.00851276 -0.000213017 0.267499 -0.963558 -0.002755 0.0899561 0.0509607 0.272 -0.272 -0.2612 0.2612 
0.126042 0.0278727 0.963185 0.267389 -0.999611 0.0268 0.00766108 0.000213017 -0.267499 0.963558 0.00268659 -0.0899581 0.0590393 0.27 -0.27 -0.2632 0.2632 
0.126042 0.999611 -0.0268 -0.00766109 0.0278727 0.963185 0.267389 0.000213021 -0.267499 0.963558 0.0899581 0.00268659 0.0590393 0.27 -0.27 -0.2632 0.2632 
0.126042 -0.999611 0.0268 0.00766108 -0.0278727 -0.963185 -0.267389 0.000213012 -0.267499 0.963558 -0.0899581 -0.00268659 0.0590393 0.27 -0.27 -0.2632 0.2632 
0.126042 -0.0278727 -0.963185 -0.267389 0.999611 -0.0268 -0.00766108 0.000213016 -0.267499 0.963558 -0.00268659 0.0899581 0.0590393 0.27 -0.27 -0.2632 0.2632 
0.125986 0.0325904 -0.963045 -0.267363 -0.999469 -0.0314597 -0.00851276 -0.000213016 0.267499 -0.963558 0.002755 -0.0899561 -0.0590393 0.272 -0.272 -0.2612 0.2612 
0.125986 -0.999469 -0.0314597 -0.00851275 -0.0325904 0.963044 0.267363 -0.000213021 0.267499 -0.963558 -0.0899561 -0.002755 -0.0590393 0.272 -0.272 -0.2612 0.2612 
0.125986 0.999469 0.0314597 0.00851276 0.0325904 -0.963044 -0.267363 -0.000213012 0.267499 -0.963558 0.0899561 0.002755 -0.0590393 0.272 -0.272 -0.2612 0.2612 
0.125986 -0.0325904 0.963044 0.267363 0.999469 0.0314597 0.00851276 -0.000213017 0.267499 -0.963558 -0.002755 0.0899561 -0.0590393 0.272 -0.272 -0.2612 0.2612 
0.125702 0.0278727 0.963185 0.267389 -0.999611 0.0268 0.00766108 0.000213017 -0.267499 0.963558 0.00268659 -0.0899581 -0.0609607 0.27 -0.27 -0.2632 0.2632 
0.125702 -0.999611 0.0268 0.00766108 -0.0278727 -0.963185 -0.267389 0.000213012 -0.267499 0.963558 -0.0899581 -0.00268659 -0.0609607 0.27 -0.27 -0.2632 0.2632 
0.125702 0.999611 -0.0268 -0.00766109 0.0278727 0.963185 0.267389 0.000213021 -0.267499 0.963558 0.0899581 0.00268659 -0.0609607 0.27 -0.27 -0.2632 0.2632 
0.125702 -0.0278727 -0.963185 -0.267389 0.999611 -0.0268 -0.00766108 0.000213016 -0.267499 0.963558 -0.00268659 0.0899581 -0.0609607 0.27 -0.27 -0.2632 0.2632 
0.125646 0.999469 0.0314597 0.00851276 0.0325904 -0.963044 -0.267363 -0.000213012 0.267499 -0.963558 0.0899561 0.002755 0.0609607 0.272 -0.272 -0.2612 0.2612 
0.125646 -0.999469 -0.0314597 -0.00851275 -0.0325904 0.963044 0.267363 -0.000213021 0.267499 -0.963558 -0.0899561 -0.002755 0.0609607 0.272 -0.272 -0.2612 0.2612 
0.125646 -0.0325904 0.963044 0.267363 0.999469 0.0314597 0.00851276 -0.000213017 0.267499 -0.963558 -0.002755 0.0899561 0.0609607 0.272 -0.272 -0.2612 0.2612 
0.125646 0.0325904 -0.963045 -0.267363 -0.999469 -0.0314597 -0.00851276 -0.000213016 0.267499 -0.963558 0.002755 -0.0899561 0.0609607 0.272 -0.272 -0.2612 0.2612 
0.124221 0.0278727 0.963185 0.267389 -0.999611 0.0268 0.00766108 0.000213017 -0.267499 0.963558 0.00268659 -0.0899581 0.0690393 0.27 -0.27 -0.2632 0.2632 
0.124221 0.999611 -0.0268 -0.00766109 0.0278727 0.963185 0.267389 0.000213021 -0.267499 0.963558 0.0899581 0.00268659 0.0690393 0.27 -0.27 -0.2632 0.2632 
0.124221 -0.999611 0.0268 0.00766108 -0.0278727 -0.963185 -0.267389 0.000213012 -0.267499 0.963558 -0.0899581 -0.00268659 0.0690393 0.27 -0.27 -0.2632 0.2632 
0.124221 -0.0278727 -0.963185 -0.267389 0.999611 -0.0268 -0.00766108 0.000213016 -0.267499 0.963558 -0.00268659 0.0899581 0.0690393 0.27 -0.27 -0.2632 0.2632 
0.124167 0.0325904 -0.963045 -0.267363 -0.999469 -0.0314597 -0.00851276 -0.000213016 0.267499 -0.963558 0.00245268 -0.0799606 -0.0690393 0.2796 -0.2796 -0.2536 0.2536 
0.124167 0.999469 0.0314597 0.00851276 0.0325904 -0.963044 -0.267363 -0.000213012 0.267499 -0.963558 0.0799606 0.00245268 -0.0690393 0.2796 -0.2796 -0.2536 0.2536 
0.124167 -0.999469 -0.0314597 -0.00851275 -0.0325904 0.963044 0.267363 -0.000213021 0.267499 -0.963558 -0.0799606 -0.00245268 -0.0690393 0.2796 -0.2796 -0.2536 0.2536 
0.124167 -0.0325904 0.963044 0.267363 0.999469 0.0314597 0.00851276 -0.000213017 0.267499 -0.963558 -0.00245268 0.0799606 -0.0690393 0.2796 -0.2796 -0.2536 0.2536 
0.123842 0.0278727 0.963185 0.267389 -0.999611 0.0268 0.00766108 0.000213017 -0.267499 0.963558 0.00268659 -0.0899581 -0.0709607 0.27 -0.27 -0.2632 0.2632 
0.123842 -0.999611 0.0268 0.00766108 -0.0278727 -0.963185 -0.267389 0.000213012 -0.267499 0.963558 -0.0899581 -0.00268659 -0.0709607 0.27 -0.27 -0.2632 0.2632 
0.123842 0.999611 -0.0268 -0.00766109 0.0278727 0.963185 0.267389 0.000213021 -0.267499 0.963558 0.0899581 0.00268659 -0.0709607 0.27 -0.27 -0.2632 0.2632 
0.123842 -0.0278727 -0.963185 -0.267389 0.999611 -0.0268 -0.00766108 0.000213016 -0.267499 0.963558 -0.00268659 0.0899581 -0.0709607 0.27 -0.27 -0.2632 0.2632 
0.123789 0.999469 0.0314597 0.00851276 0.0325904 -0.963044 -0.267363 -0.000213012 0.267499 -0.963558 0.0799606 0.00245268 0.0709607 0.2796 -0.2796 -0.2536 0.2536 
0.123789 -0.999469 -0.0314597 -0.00851275 -0.0325904 0.963044 0.267363 -0.000213021 0.267499 -0.963558 -0.0799606 -0.00245268 0.0709607 0.2796 -0.2796 -0.2536 0.2536 
0.123789 0.0325904 -0.963045 -0.267363 -0.999469 -0.0314597 -0.00851276 -0.000213016 0.267499 -0.963558 0.00245268 -0.0799606 0.0709607 0.2796 -0.2796 -0.2536 0.2536 
0.123789 -0.0325904 0.963044 0.267363 0.999469 0.0314597 0.00851276 -0.000213017 0.267499 -0.963558 -0.00245268 0.0799606 0.0709607 0.2796 -0.2796 -0.2536 0.2536 
0.122212 0.999611 -0.0268 -0.00766109 0.0278727 0.963185 0.267389 0.000213021 -0.267499 0.963558 0.0899581 0.00268659 0.0790393 0.27 -0.27 -0.2632 0.2632 
0.122212 -0.999611 0.0268 0.00766108 -0.0278727 -0.963185 -0.267389 0.000213012 -0.267499 0.963558 -0.0899581 -0.00268659 0.0790393 0.27 -0.27 -0.2632 0.2632 
0.122212 -0.0278727 -0.963185 -0.267389 0.999611 -0.0268 -0.00766108 0.000213016 -0.267499 0.963558 -0.00268659 0.0899581 0.0790393 0.27 -0.27 -0.2632 0.2632 
0.122212 0.0278727 0.963185 0.267389 -0.999611 0.0268 0.00766108 0.000213017 -0.267499 0.963558 0.00268659 -0.0899581 0.0790393 0.27 -0.27 -0.2632 0.2632 
0.122164 0.999469 0.0314597 0.00851276 0.0325904 -0.963044 -0.267363 -0.000213012 0.267499 -0.963558 0.0799606 0.00245268 -0.0790393 0.2796 -0.2796 -0.2536 0.2536 
0.122164 0.0325904 -0.963045 -0.267363 -0.999469 -0.0314597 -0.00851276 -0.000213016 0.267499 -0.963558 0.00245268 -0.0799606 -0.0790393 0.2796 -0.2796 -0.2536 0.2536 
0.122164 -0.999469 -0.0314597 -0.00851275 -0.0325904 0.963044 0.267363 -0.000213021 0.267499 -0.963558 -0.0799606 -0.00245268 -0.0790393 0.2796 -0.2796 -0.2536 0.2536 
0.122164 -0.0325904 0.963044 0.267363 0.999469 0.0314597 0.00851276 -0.000213017 0.267499 -0.963558 -0.00245268 0.0799606 -0.0790393 0.2796 -0.2796 -0.2536 0.2536 
0.1218 0.999611 -0.0268 -0.00766109 0.0278727 0.963185 0.267389 0.000213021 -0.267499 0.963558 0.0799627 0.00238427 -0.0809607 0.2624 -0.2624 -0.2704 0.2704 
0.1218 0.0278727 0.963185 0.267389 -0.999611 0.0268 0.00766108 0.000213017 -0.267499 0.963558 0.00238427 -0.0799627 -0.0809607 0.2624 -0.2624 -0.2704 0.2704 
0.1218 -0.999611 0.0268 0.00766108 -0.0278727 -0.963185 -0.267389 0.000213012 -0.267499 0.963558 -0.0799627 -0.00238427 -0.0809607 0.2624 -0.2624 -0.2704 0.2704 
0.1218 -0.0278727 -0.963185 -0.267389 0.999611 -0.0268 -0.00766108 0.000213016 -0.267499 0.963558 -0.00238427 0.0799627 -0.0809607 0.2624 -0.2624 -0.2704 0.2704 
0.121753 -0.0325904 0.963044 0.267363 0.999469 0.0314597 0.00851276 -0.000213017 0.267499 -0.963558 -0.00245268 0.0799606 0.0809607 0.2796 -0.2796 -0.2536 0.2536 
0.121753 0.0325904 -0.963045 -0.267363 -0.999469 -0.0314597 -0.00851276 -0.000213016 0.267499 -0.963558 0.00245268 -0.0799606 0.0809607 0.2796 -0.2796 -0.2536 0.2536 
0.121753 0.999469 0.0314597 0.00851276 0.0325904 -0.963044 -0.267363 -0.000213012 0.267499 -0.963558 0.0799606 0.00245268 0.0809607 0.2796 -0.2796 -0.2536 0.2536 
0.121753 -0.999469 -0.0314597 -0.00851275 -0.0325904 0.963044 0.267363 -0.000213021 0.267499 -0.963558 -0.0799606 -0.00245268 0.0809607 0.2796 -0.2796 -0.2536 0.2536 
0.120051 0.0278727 0.963185 0.267389 -0.999611 0.0268 0.00766108 0.000213017 -0.267499 0.963558 0.00238427 -0.0799627 0.0890393 0.2624 -0.2624 -0.2704 0.2704 
0.120051 0.999611 -0.0268 -0.00766109 0.0278727 0.963185 0.267389 0.000213021 -0.267499 0.963558 0.0799627 0.00238427 0.0890393 0.2624 -0.2624 -0.2704 0.2704 
0.120051 -0.999611 0.0268 0.00766108 -0.0278727 -0.963185 -0.267389 0.000213012 -0.267499 0.963558 -0.0799627 -0.00238427 0.0890393 0.2624 -0.2624 -0.2704 0.2704 
0.120051 -0.0278727 -0.963185 -0.267389 0.999611 -0.0268 -0.00766108 0.000213016 -0.267499 0.963558 -0.00238427 0.0799627 0.0890393 0.2624 -0.2624 -0.2704 0.2704 
0.120005 0.0325904 -0.963045 -0.267363 -0.999469 -0.0314597 -0.00851276 -0.000213016 0.267499 -0.963558 0.00245268 -0.0799606 -0.0890393 0.2796 -0.2796 -0.2536 0.2536 
0.120005 -0.999469 -0.0314597 -0.00851275 -0.0325904 0.963044 0.267363 -0.000213021 0.267499 -0.963558 -0.0799606 -0.00245268 -0.0890393 0.2796 -0.2796 -0.2536 0.2536 
0.120005 0.999469 0.0314597 0.00851276 0.0325904 -0.963044 -0.267363 -0.000213012 0.267499 -0.963558 0.0799606 0.00245268 -0.0890393 0.2796 -0.2796 -0.2536 0.2536 
0.120005 -0.0325904 0.963044 0.267363 0.999469 0.0314597 0.00851276 -0.000213017 0.267499 -0.963558 -0.00245268 0.0799606 -0.0890393 0.2796 -0.2796 -0.2536 0.2536 
0.119613 0.0278727 0.963185 0.267389 -0.999611 0.0268 0.00766108 0.000213017 -0.267499 0.963558 0.00238427 -0.0799627 -0.0909607 0.2624 -0.2624 -0.2704 0.2704 
0.119613 -0.999611 0.0268 0.00766108 -0.0278727 -0.963185 -0.267389 0.000213012 -0.267499 0.963558 -0.0799627 -0.00238427 -0.0909607 0.2624 -0.2624 -0.2704 0.2704 
0.119613 0.999611 -0.0268 -0.00766109 0.0278727 0.963185 0.267389 0.000213021 -0.267499 0.963558 0.0799627 0.00238427 -0.0909607 0.2624 -0.2624 -0.2704 0.2704 
0.119613 -0.0278727 -0.963185 -0.267389 0.999611 -0.0268 -0.00766108 0.000213016 -0.267499 0.963558 -0.00238427 0.0799627 -0.0909607 0.2624 -0.2624 -0.2704 0.2704 
0.119567 0.0325904 -0.963045 -0.267363 -0.999469 -0.0314597 -0.00851276 -0.000213016 0.267499 -0.963558 0.00245268 -0.0799606 0.0909607 0.2796 -0.2796 -0.2536 0.2536 
0.119567 -0.999469 -0.0314597 -0.00851275 -0.0325904 0.963044 0.267363 -0.000213021 0.267499 -0.963558 -0.0799606 -0.00245268 0.0909607 0.2796 -0.2796 -0.2536 0.2536 
0.119567 0.999469 0.0314597 0.00851276 0.0325904 -0.963044 -0.267363 -0.000213012 0.267499 -0.963558 0.0799606 0.00245268 0.0909607 0.2796 -0.2796 -0.2536 0.2536 
0.119567 -0.0325904 0.963044 0.267363 0.999469 0.0314597 0.00851276 -0.000213017 0.267499 -0.963558 -0.00245268 0.0799606 0.0909607 0.2796 -0.2796 -0.2536 0.2536 
0.117764 -0.999611 0.0268 0.00766108 -0.0278727 -0.963185 -0.267389 0.000213012 -0.267499 0.963558 -0.0799627 -0.00238427 0.0990393 0.2624 -0.2624 -0.2704 0.2704 
0.117764 -0.0278727 -0.963185 -0.267389 0.999611 -0.0268 -0.00766108 0.000213016 -0.267499 0.963558 -0.00238427 0.0799627 0.0990393 0.2624 -0.2624 -0.2704 0.2704 
0.117764 0.0278727 0.963185 0.267389 -0.999611 0.0268 0.00766108 0.000213017 -0.267499 0.963558 0.00238427 -0.0799627 0.0990393 0.2624 -0.2624 -0.2704 0.2704 
0.117764 0.999611 -0.0268 -0.00766109 0.0278727 0.963185 0.267389 0.000213021 -0.267499 0.963558 0.0799627 0.00238427 0.0990393 0.2624 -0.2624 -0.2704 0.2704 
0.117719 0.0325904 -0.963045 -0.267363 -0.999469 -0.0314597 -0.00851276 -0.000213016 0.267499 -0.963558 0.00245268 -0.0799606 -0.0990393 0.2796 -0.2796 -0.2536 0.2536 
0.117719 0.999469 0.0314597 0.00851276 0.0325904 -0.963044 -0.267363 -0.000213012 0.267499 -0.963558 0.0799606 0.00245268 -0.0990393 0.2796 -0.2796 -0.2536 0.2536 
0.117719 -0.0325904 0.963044 0.267363 0.999469 0.0314597 0.00851276 -0.000213017 0.267499 -0.963558 -0.00245268 0.0799606 -0.0990393 0.2796 -0.2796 -0.2536 0.2536 
0.117719 -0.999469 -0.0314597 -0.00851275 -0.0325904 0.963044 0.267363 -0.000213021 0.267499 -0.963558 -0.0799606 -0.00245268 -0.0990393 0.2796 -0.2796 -0.2536 0.2536 
0.0703362 0.999469 0.0314597 0.00851276 0.0325904 -0.963044 -0.267363 -0.000213012 0.267499 -0.963558 0.110249 -0.0066358 -0.109039 0.3844 -0.3844 0.0786 -0.0786 
0.0636004 -0.0278727 -0.963185 -0.267389 0.999611 -0.0268 -0.00766108 0.000213016 -0.267499 0.963558 0.00700652 0.100256 0.109039 -0.0812 0.0812 -0.3896 0.3896 
0.0635232 0.0278727 0.963185 0.267389 -0.999611 0.0268 0.00766108 0.000213017 -0.267499 0.963558 -0.00700652 -0.100256 0.109039 -0.0812 0.0812 -0.3896 0.3896 
0.0635232 0.999611 -0.0268 -0.00766109 0.0278727 0.963185 0.267389 0.000213021 -0.267499 0.963558 0.100256 -0.00700652 0.109039 -0.0812 0.0812 -0.3896 0.3896 
0.059136 0.999469 0.0314597 0.00851276 0.0325904 -0.963044 -0.267363 -0.000213012 0.267499 -0.963558 0.109947 0.00335963 -0.109039 0.1392 -0.1392 -0.1608 0.1608 
0.0574891 -0.999611 0.0268 0.00766108 -0.0278727 -0.963185 -0.267389 0.000213012 -0.267499 0.963558 -0.110251 0.00670421 0.109039 -0.0738 0.0738 -0.382 0.382 
0.0458896 -0.0278727 -0.963185 -0.267389 0.999611 -0.0268 -0.00766108 0.000213016 -0.267499 0.963558 -0.00298891 0.0999536 0.109039 0.1588 -0.1588 -0.1436 0.1436 
0.0458063 0.999611 -0.0268 -0.00766109 0.0278727 0.963185 0.267389 0.000213021 -0.267499 0.963558 0.0999536 0.00298891 0.109039 0.1588 -0.1588 -0.1436 0.1436 
0.0458062 0.0278727 0.963185 0.267389 -0.999611 0.0268 0.00766108 0.000213017 -0.267499 0.963558 0.00298891 -0.0999536 0.109039 0.1588 -0.1588 -0.1436 0.1436 
0.0452334 -0.999611 0.0268 0.00766108 -0.0278727 -0.963185 -0.267389 0.000213012 -0.267499 0.963558 -0.109949 -0.00329122 0.109039 0.1656 -0.1656 -0.1364 0.1364 
