8.77499 0.0109556 -0.96757 -0.252366 0.0721122 -0.250959 0.965308 -0.997336 -0.0287741 0.0670242 0.016566 0.00361471 -0.0898219 -0.2564 0.2564 -0.5326 0.5326 
8.65761 0.0109556 -0.96757 -0.252366 0.0721122 -0.250959 0.965308 -0.997336 -0.0287741 0.0670242 -0.0163871 -0.0114827 -0.101221 0.5348 -0.5348 0.2863 -0.2863 
8.22828 0.00622972 0.96761 0.252373 0.0717639 0.251294 -0.965247 -0.997402 0.0241245 -0.067874 0.0163005 -0.0136942 -0.101099 0.5208 -0.5208 0.2674 -0.2674 
8.21449 0.00622972 0.96761 0.252373 0.0717639 0.251294 -0.965247 -0.997402 0.0241245 -0.067874 -9.07093e-005 -0.0134281 -0.101221 0.1169 -0.1169 -0.1274 0.1274 
8.19861 0.0109556 -0.96757 -0.252366 0.0721122 -0.250959 0.965308 -0.997336 -0.0287741 0.0670242 0.0163953 -0.012015 -0.100977 -0.2578 0.2578 -0.5116 0.5116 
8.16389 0.00622972 0.96761 0.252373 0.0717639 0.251294 -0.965247 -0.997402 0.0241245 -0.067874 -0.0164819 -0.0131619 -0.101343 -0.2779 0.2779 -0.5246 0.5246 
8.14374 0.0109556 -0.96757 -0.252366 0.0721122 -0.250959 0.965308 -0.997336 -0.0287741 0.0670242 4.10106e-006 -0.0117489 -0.101099 0.1367 -0.1367 -0.1089 0.1089 
8.13085 0.00622972 0.96761 0.252373 0.0717639 0.251294 -0.965247 -0.997402 0.0241245 -0.067874 0.0167279 0.0182847 -0.0887624 0.5478 -0.5478 0.2738 -0.2738 
8.08188 -0.0132957 -0.965737 -0.259183 -0.997297 -0.00592443 0.0732347 -0.072261 0.259456 -0.963048 -0.00212791 -0.104307 -0.0165949 0.1324 -0.1324 -0.1141 0.1141 
8.0194 0.0109556 -0.96757 -0.252366 0.0721122 -0.250959 0.965308 -0.997336 -0.0287741 0.0670242 -0.0162163 0.00414702 -0.090066 0.5508 -0.5508 0.2746 -0.2746 
7.96719 0.00622972 0.96761 0.252373 0.0717639 0.251294 -0.965247 -0.997402 0.0241245 -0.067874 -0.0161404 0.0180976 -0.0790327 -0.2743 0.2743 -0.5334 0.5334 
7.96381 0.00622972 0.96761 0.252373 0.0717639 0.251294 -0.965247 -0.997402 0.0241245 -0.067874 -0.0163111 0.00246786 -0.0901879 -0.2668 0.2668 -0.5412 0.5412 
7.84643 -0.999814 -0.0147983 0.0123621 0.0166174 -0.336049 0.941698 -0.0097813 0.941728 0.336232 -0.0807337 -0.0164614 -0.0183442 -0.5414 0.5414 -0.2529 0.2529 
7.84055 -0.999814 -0.0147983 0.0123621 0.0166174 -0.336049 0.941698 -0.0097813 0.941728 0.336232 -0.0808746 -0.0176408 -0.00199346 -0.1244 0.1244 0.1414 -0.1414 
7.76964 0.00622972 0.96761 0.252373 0.0717639 0.251294 -0.965247 -0.997402 0.0241245 -0.067874 0.0164712 0.00193555 -0.0899439 0.5412 -0.5412 0.2646 -0.2646 
7.76421 0.00622972 0.96761 0.252373 0.0717639 0.251294 -0.965247 -0.997402 0.0241245 -0.067874 0.000593403 0.0349 -0.087703 0.1322 -0.1322 -0.1076 0.1076 
7.70447 0.0109556 -0.96757 -0.252366 0.0721122 -0.250959 0.965308 -0.997336 -0.0287741 0.0670242 0.0168227 0.0199638 -0.0886405 -0.2658 0.2658 -0.5392 0.5392 
7.69094 0.00622972 0.96761 0.252373 0.0717639 0.251294 -0.965247 -0.997402 0.0241245 -0.067874 8.00438e-005 0.0022017 -0.0900659 0.1239 -0.1239 -0.1286 0.1286 
7.58391 0.00622972 0.96761 0.252373 0.0717639 0.251294 -0.965247 -0.997402 0.0241245 -0.067874 0.0168986 0.0339144 -0.0776073 0.5498 -0.5498 0.2914 -0.2914 
7.58361 0.0109556 -0.96757 -0.252366 0.0721122 -0.250959 0.965308 -0.997336 -0.0287741 0.0670242 -0.0160456 0.0197768 -0.0789108 0.5414 -0.5414 0.2809 -0.2809 
7.5542 -0.999861 0.0101372 -0.013214 0.015853 0.336125 -0.941684 -0.00510449 -0.941763 -0.336239 -0.0809015 -0.019326 -0.00204662 -0.1343 0.1343 0.1328 -0.1328 
7.53496 0.0109556 -0.96757 -0.252366 0.0721122 -0.250959 0.965308 -0.997336 -0.0287741 0.0670242 0.00077414 0.0372985 -0.0975548 0.1162 -0.1162 -0.1229 0.1229 
7.51694 0.00622972 0.96761 0.252373 0.0717639 0.251294 -0.965247 -0.997402 0.0241245 -0.067874 -0.0157118 0.0358855 -0.0977987 -0.2619 0.2619 -0.5114 0.5114 
7.4792 -0.00623639 -0.959233 -0.282546 -0.0721888 0.282246 -0.956622 0.997371 0.0144308 -0.0710061 0.014993 -0.0110142 0.0895801 -0.2561 0.2561 -0.5382 0.5382 
7.41845 0.0109556 -0.96757 -0.252366 0.0721122 -0.250959 0.965308 -0.997336 -0.0287741 0.0670242 0.000174854 0.00388087 -0.089944 0.1369 -0.1369 -0.1162 0.1162 
7.38639 0.0109556 -0.96757 -0.252366 0.0721122 -0.250959 0.965308 -0.997336 -0.0287741 0.0670242 -0.0157889 0.0361259 -0.0777294 0.5304 -0.5304 0.2778 -0.2778 
7.37906 0.0109556 -0.96757 -0.252366 0.0721122 -0.250959 0.965308 -0.997336 -0.0287741 0.0670242 0.0169935 0.0355936 -0.0774853 -0.2851 0.2851 -0.5408 0.5408 
7.36098 -0.999861 0.0101372 -0.013214 0.015853 0.336125 -0.941684 -0.00510449 -0.941763 -0.336239 -0.0810424 -0.0205053 0.0143041 -0.5524 0.5524 -0.2619 0.2619 
7.33602 -0.999814 -0.0147983 0.0123621 0.0166174 -0.336049 0.941698 -0.0097813 0.941728 0.336232 -0.0810154 -0.0188201 0.0143572 0.2704 -0.2704 0.5611 -0.5611 
7.19947 0.00622972 0.96761 0.252373 0.0717639 0.251294 -0.965247 -0.997402 0.0241245 -0.067874 0.000336724 0.0185508 -0.0888844 0.1316 -0.1316 -0.1172 0.1172 
7.17888 -0.0109489 0.959193 0.282539 -0.0716873 -0.282582 0.956561 0.997367 -0.00978117 0.0718559 0.0149509 -0.00933281 0.089701 0.5492 -0.5492 0.2656 -0.2656 
7.13146 -0.00623639 -0.959233 -0.282546 -0.0721888 0.282246 -0.956622 0.997371 0.0144308 -0.0710061 -0.0175327 0.00586725 0.0905175 0.55 -0.55 0.2669 -0.2669 
7.06652 -0.0180185 0.965664 0.25917 -0.997251 0.00127525 -0.0740845 -0.0718712 -0.259792 0.962986 -0.00219511 -0.0956341 0.00215635 0.1237 -0.1237 -0.1276 0.1276 
7.0467 0.999821 0.0064218 0.0178111 -0.0161925 -0.197492 0.980171 0.009812 -0.980284 -0.197352 0.109091 -0.0207303 -0.000511068 -0.1261 0.1261 0.1403 -0.1403 
6.95451 -0.999814 -0.0147983 0.0123621 0.0166174 -0.336049 0.941698 -0.0097813 0.941728 0.336232 -0.0705037 0.0137158 0.0167945 0.2599 -0.2599 0.5443 -0.5443 
6.9483 -0.999861 0.0101372 -0.013214 0.015853 0.336125 -0.941684 -0.00510449 -0.941763 -0.336239 -0.0705306 0.0120306 0.0167414 -0.5361 0.5361 -0.2524 0.2524 
6.9287 0.0109556 -0.96757 -0.252366 0.0721122 -0.250959 0.965308 -0.997336 -0.0287741 0.0670242 0.000431534 0.02023 -0.0887625 0.1251 -0.1251 -0.1237 0.1237 
6.91356 -0.999814 -0.0147983 0.0123621 0.0166174 -0.336049 0.941698 -0.0097813 0.941728 0.336232 -0.0707603 -0.00263333 0.0156131 0.2637 -0.2637 0.5486 -0.5486 
6.90625 -0.999861 0.0101372 -0.013214 0.015853 0.336125 -0.941684 -0.00510449 -0.941763 -0.336239 -0.0707873 -0.00431853 0.0155599 -0.5401 0.5401 -0.2562 0.2562 
6.89587 -0.0132957 -0.965737 -0.259183 -0.997297 -0.00592443 0.0732347 -0.072261 0.259456 -0.963048 0.0141067 -0.114546 -0.0171936 -0.2624 0.2624 -0.5182 0.5182 
6.84831 -0.0109489 0.959193 0.282539 -0.0716873 -0.282582 0.956561 0.997367 -0.00978117 0.0718559 -0.0175747 0.00754864 0.0906384 -0.2578 0.2578 -0.5394 0.5394 
6.75542 0.0109556 -0.96757 -0.252366 0.0721122 -0.250959 0.965308 -0.997336 -0.0287741 0.0670242 -0.0167297 -0.0285513 -0.0924288 0.555 -0.555 0.2976 -0.2976 
6.73519 0.0109556 -0.96757 -0.252366 0.0721122 -0.250959 0.965308 -0.997336 -0.0287741 0.0670242 -0.000338505 -0.0288174 -0.0923068 0.1362 -0.1362 -0.0981 0.0981 
6.70027 -0.0109489 0.959193 0.282539 -0.0716873 -0.282582 0.956561 0.997367 -0.00978117 0.0718559 -0.00118354 0.00728248 0.0907605 0.1337 -0.1337 -0.1227 0.1227 
6.62581 -0.0132957 -0.965737 -0.259183 -0.997297 -0.00592443 0.0732347 -0.072261 0.259456 -0.963048 -0.0186756 -0.114014 -0.0174376 0.55 -0.55 0.2893 -0.2893 
6.59772 0.0109556 -0.96757 -0.252366 0.0721122 -0.250959 0.965308 -0.997336 -0.0287741 0.0670242 0.0161386 -0.0283642 -0.102159 -0.2573 0.2573 -0.4984 0.4984 
6.53141 0.999821 0.0064218 0.0178111 -0.0161925 -0.197492 0.980171 0.009812 -0.980284 -0.197352 0.0992335 -0.0193886 -0.0169362 0.2682 -0.2682 0.5583 -0.5583 
6.49339 0.00622972 0.96761 0.252373 0.0717639 0.251294 -0.965247 -0.997402 0.0241245 -0.067874 0.0159578 -0.0307627 -0.0923067 0.5198 -0.5198 0.2671 -0.2671 
6.48599 0.00622972 0.96761 0.252373 0.0717639 0.251294 -0.965247 -0.997402 0.0241245 -0.067874 -0.0168245 -0.0302304 -0.0925508 -0.2898 0.2898 -0.5452 0.5452 
6.46627 0.00622972 0.96761 0.252373 0.0717639 0.251294 -0.965247 -0.997402 0.0241245 -0.067874 -0.000347389 -0.0297772 -0.102402 0.1062 -0.1062 -0.1272 0.1272 
6.44815 -0.00623639 -0.959233 -0.282546 -0.0721888 0.282246 -0.956622 0.997371 0.0144308 -0.0710061 0.0145656 -0.0429931 0.0772435 -0.2759 0.2759 -0.518 0.518 
6.43968 -0.999814 -0.0147983 0.0123621 0.0166174 -0.336049 0.941698 -0.0097813 0.941728 0.336232 -0.0806179 -0.00129164 -0.000812018 -0.1206 0.1206 0.1311 -0.1311 
6.34481 -0.0109489 0.959193 0.282539 -0.0716873 -0.282582 0.956561 0.997367 -0.00978117 0.0718559 0.0145235 -0.0413117 0.0773644 0.5276 -0.5276 0.2829 -0.2829 
6.33812 -0.999861 0.0101372 -0.013214 0.015853 0.336125 -0.941684 -0.00510449 -0.941763 -0.336239 -0.0806448 -0.00297684 -0.000865178 -0.1228 0.1228 0.1288 -0.1288 
6.3254 0.999855 -0.00176067 -0.0169591 -0.0162779 0.197416 -0.980185 0.00507378 0.980318 0.197359 0.109065 -0.0224057 -0.000700751 -0.1308 0.1308 0.1406 -0.1406 
6.31882 -0.0109489 0.959193 0.282539 -0.0716873 -0.282582 0.956561 0.997367 -0.00978117 0.0718559 -0.00186766 -0.0410455 0.0772424 0.1011 -0.1011 -0.1064 0.1064 
6.28429 -0.0154644 -0.259213 0.965696 -0.997447 0.0713348 0.0031749 -0.0697107 -0.963182 -0.259655 0.00695436 -0.0951336 -0.00675755 -0.1206 0.1206 0.1263 -0.1263 
6.27662 0.999855 -0.00176067 -0.0169591 -0.0162779 0.197416 -0.980185 0.00507378 0.980318 0.197359 0.0992077 -0.021064 -0.0171259 -0.5483 0.5483 -0.2581 0.2581 
6.17637 -0.00623639 -0.959233 -0.282546 -0.0721888 0.282246 -0.956622 0.997371 0.0144308 -0.0710061 -0.0177893 -0.0104819 0.0893361 0.5548 -0.5548 0.2728 -0.2728 
6.09676 -0.00623639 -0.959233 -0.282546 -0.0721888 0.282246 -0.956622 0.997371 0.0144308 -0.0710061 -0.00182561 -0.0427269 0.0771215 0.1137 -0.1137 -0.0919 0.0919 
6.08471 -0.999814 -0.0147983 0.0123621 0.0166174 -0.336049 0.941698 -0.0097813 0.941728 0.336232 -0.100474 0.000212403 -0.0173116 -0.5338 0.5338 -0.2597 0.2597 
6.01508 -0.999814 -0.0147983 0.0123621 0.0166174 -0.336049 0.941698 -0.0097813 0.941728 0.336232 -0.110216 0.0167239 -0.0162046 -0.5486 0.5486 -0.2627 0.2627 
5.97853 -0.999861 0.0101372 -0.013214 0.015853 0.336125 -0.941684 -0.00510449 -0.941763 -0.336239 -0.110383 0.0138594 9.29727e-005 -0.1226 0.1226 0.1346 -0.1346 
5.9684 -0.999861 0.0101372 -0.013214 0.015853 0.336125 -0.941684 -0.00510449 -0.941763 -0.336239 -0.110499 -0.00131044 -0.0174392 0.2686 -0.2686 0.5546 -0.5546 
5.96233 -0.999814 -0.0147983 0.0123621 0.0166174 -0.336049 0.941698 -0.0097813 0.941728 0.336232 -0.110356 0.0155446 0.000146133 -0.1251 0.1251 0.1318 -0.1318 
5.94713 0.0158904 -0.275699 0.961113 0.99744 -0.062649 -0.0344621 0.0697139 0.9592 0.273998 0.0264775 0.104057 0.00770921 -0.1331 0.1331 0.1286 -0.1286 
5.93386 -0.999861 0.0101372 -0.013214 0.015853 0.336125 -0.941684 -0.00510449 -0.941763 -0.336239 -0.110243 0.0150387 -0.0162577 0.2722 -0.2722 0.5588 -0.5588 
5.86254 -0.999861 0.0101372 -0.013214 0.015853 0.336125 -0.941684 -0.00510449 -0.941763 -0.336239 -0.0807607 -0.0181466 -0.0183973 0.2589 -0.2589 0.5506 -0.5506 
5.83445 -0.0158498 0.25914 -0.96571 -0.997101 -0.075984 -0.00402465 -0.0744214 0.962846 0.259593 -0.0111208 -0.0948352 -0.00696037 -0.1133 0.1133 0.1346 -0.1346 
5.71561 -0.0109489 0.959193 0.282539 -0.0716873 -0.282582 0.956561 0.997367 -0.00978117 0.0718559 -0.00161098 -0.0246964 0.0784239 0.1134 -0.1134 -0.1097 0.1097 
5.64603 0.999821 0.0064218 0.0178111 -0.0161925 -0.197492 0.980171 0.009812 -0.980284 -0.197352 0.0694699 0.011438 0.0179048 -0.5451 0.5451 -0.2632 0.2632 
5.5899 0.999855 -0.00176067 -0.0169591 -0.0162779 0.197416 -0.980185 0.00507378 0.980318 0.197359 0.0694441 0.00976265 0.0177151 0.2707 -0.2707 0.5536 -0.5536 
5.58633 -0.0109489 0.959193 0.282539 -0.0716873 -0.282582 0.956561 0.997367 -0.00978117 0.0718559 -0.0180881 -0.0251496 0.0882756 -0.2706 0.2706 -0.546 0.546 
5.57786 -0.0180185 0.965664 0.25917 -0.997251 0.00127525 -0.0740845 -0.0718712 -0.259792 0.962986 0.0137263 -0.125819 0.000116381 0.5158 -0.5158 0.2683 -0.2683 
5.56985 -0.00623639 -0.959233 -0.282546 -0.0721888 0.282246 -0.956622 0.997371 0.0144308 -0.0710061 -0.018046 -0.026831 0.0881546 0.5558 -0.5558 0.2811 -0.2811 
5.45642 0.00622972 0.96761 0.252373 0.0717639 0.251294 -0.965247 -0.997402 0.0241245 -0.067874 0.0173272 0.0517023 -0.0963733 0.54 -0.54 0.2971 -0.2971 
5.39209 0.00622972 0.96761 0.252373 0.0717639 0.251294 -0.965247 -0.997402 0.0241245 -0.067874 -0.015627 0.0507959 -0.0766699 -0.2708 0.2708 -0.5128 0.5128 
5.37849 0.0132993 0.96114 0.275742 0.997328 -0.0325623 0.0653987 0.0718361 0.274135 -0.959004 0.00109161 0.105118 -0.00146178 0.1274 -0.1274 -0.1189 0.1189 
5.33839 0.0180148 -0.961067 -0.275729 0.997221 0.0372115 -0.0645489 0.0722961 -0.273799 0.959066 0.00100469 0.103817 0.0165699 0.1249 -0.1249 -0.1227 0.1227 
5.33625 -0.00623639 -0.959233 -0.282546 -0.0721888 0.282246 -0.956622 0.997371 0.0144308 -0.0710061 -0.0183027 -0.0431802 0.0869732 0.5498 -0.5498 0.2923 -0.2923 
5.27853 -0.0158498 0.25914 -0.96571 -0.997101 -0.075984 -0.00402465 -0.0744214 0.962846 0.259593 0.00527036 -0.0951013 -0.00683835 -0.1171 0.1171 0.1296 -0.1296 
5.2629 -0.0154644 -0.259213 0.965696 -0.997447 0.0713348 0.0031749 -0.0697107 -0.963182 -0.259655 0.0233455 -0.0953998 -0.00663553 -0.1258 0.1258 0.1351 -0.1351 
5.26167 0.00622972 0.96761 0.252373 0.0717639 0.251294 -0.965247 -0.997402 0.0241245 -0.067874 0.000764156 0.0505297 -0.0765478 0.1196 -0.1196 -0.0847 0.0847 
5.24865 -0.0109489 0.959193 0.282539 -0.0716873 -0.282582 0.956561 0.997367 -0.00978117 0.0718559 -0.0183447 -0.0414988 0.0870941 -0.2824 0.2824 -0.5402 0.5402 
5.20357 -0.0180185 0.965664 0.25917 -0.997251 0.00127525 -0.0740845 -0.0718712 -0.259792 0.962986 -0.019056 -0.125286 -0.000127654 -0.2893 0.2893 -0.5428 0.5428 
5.17413 -0.0109489 0.959193 0.282539 -0.0716873 -0.282582 0.956561 0.997367 -0.00978117 0.0718559 0.0147802 -0.0249626 0.0785459 0.5406 -0.5406 0.2796 -0.2796 
5.16264 0.0154238 0.275772 -0.961099 0.997108 0.0672982 0.0353118 0.0744182 -0.958864 -0.273937 -0.0243812 0.104878 0.00739888 -0.1291 0.1291 0.1321 -0.1321 
5.07725 0.999855 -0.00176067 -0.0169591 -0.0162779 0.197416 -0.980185 0.00507378 0.980318 0.197359 0.109463 -0.00487722 -0.01587 -0.5509 0.5509 -0.2657 0.2657 
5.04685 0.999821 0.0064218 0.0178111 -0.0161925 -0.197492 0.980171 0.009812 -0.980284 -0.197352 0.069495 -0.00255245 -0.015978 0.2644 -0.2644 0.5493 -0.5493 
5.04287 0.0109556 -0.96757 -0.252366 0.0721122 -0.250959 0.965308 -0.997336 -0.0287741 0.0670242 0.017422 0.0533815 -0.0962513 -0.2883 0.2883 -0.5296 0.5296 
5.02544 0.0109556 -0.96757 -0.252366 0.0721122 -0.250959 0.965308 -0.997336 -0.0287741 0.0670242 -0.0155322 0.0524751 -0.0765479 0.5194 -0.5194 0.2786 -0.2786 
4.94193 0.999821 0.0064218 0.0178111 -0.0161925 -0.197492 0.980171 0.009812 -0.980284 -0.197352 0.0697516 0.0137967 -0.0147966 0.2606 -0.2606 0.5449 -0.5449 
4.93093 -0.999861 0.0101372 -0.013214 0.015853 0.336125 -0.941684 -0.00510449 -0.941763 -0.336239 -0.0799906 0.0309008 -0.014853 0.2729 -0.2729 0.5791 -0.5791 
4.91709 0.999821 0.0064218 0.0178111 -0.0161925 -0.197492 0.980171 0.009812 -0.980284 -0.197352 0.109604 0.0119679 0.00185181 -0.1223 0.1223 0.1326 -0.1326 
4.88201 -0.0154644 -0.259213 0.965696 -0.997447 0.0713348 0.0031749 -0.0697107 -0.963182 -0.259655 -0.0094368 -0.0948675 -0.00687957 -0.1253 0.1253 0.1228 -0.1228 
4.87014 0.999855 -0.00176067 -0.0169591 -0.0162779 0.197416 -0.980185 0.00507378 0.980318 0.197359 0.0697259 0.0121213 -0.0149863 -0.5366 0.5366 -0.2532 0.2532 
4.86141 -0.999861 0.0101372 -0.013214 0.015853 0.336125 -0.941684 -0.00510449 -0.941763 -0.336239 -0.0902708 0.0287044 0.017774 -0.5373 0.5373 -0.2362 0.2362 
4.85967 -0.0154644 -0.259213 0.965696 -0.997447 0.0713348 0.0031749 -0.0697107 -0.963182 -0.259655 0.00665693 -0.106286 0.00887248 -0.5836 0.5836 -0.2629 0.2629 
4.8515 0.999821 0.0064218 0.0178111 -0.0161925 -0.197492 0.980171 0.009812 -0.980284 -0.197352 0.109348 -0.0043812 0.000670371 -0.1188 0.1188 0.1363 -0.1363 
4.83939 -0.999861 0.0101372 -0.013214 0.015853 0.336125 -0.941684 -0.00510449 -0.941763 -0.336239 -0.100128 0.0300461 0.00134884 -0.1203 0.1203 0.1581 -0.1581 
4.83391 0.999855 -0.00176067 -0.0169591 -0.0162779 0.197416 -0.980185 0.00507378 0.980318 0.197359 0.0899793 0.0281458 -0.013656 -0.5629 0.5629 -0.2592 0.2592 
4.80945 0.999855 -0.00176067 -0.0169591 -0.0162779 0.197416 -0.980185 0.00507378 0.980318 0.197359 0.0898385 0.0269664 0.00269471 -0.1426 0.1426 0.1353 -0.1353 
4.78477 0.999855 -0.00176067 -0.0169591 -0.0162779 0.197416 -0.980185 0.00507378 0.980318 0.197359 0.0896976 0.0257871 0.0190454 0.2522 -0.2522 0.5541 -0.5541 
4.78249 0.0158904 -0.275699 0.961113 0.99744 -0.062649 -0.0344621 0.0697139 0.9592 0.273998 0.0266184 0.105236 -0.00864149 -0.5666 0.5666 -0.2662 0.2662 
4.74358 0.999821 0.0064218 0.0178111 -0.0161925 -0.197492 0.980171 0.009812 -0.980284 -0.197352 0.0689566 -0.0212603 0.0155419 -0.5523 0.5523 -0.2559 0.2559 
4.71307 0.0109556 -0.96757 -0.252366 0.0721122 -0.250959 0.965308 -0.997336 -0.0287741 0.0670242 0.000858967 0.0522089 -0.0764259 0.0907 -0.0907 -0.1119 0.1119 
4.64554 0.0154238 0.275772 -0.961099 0.997108 0.0672982 0.0353118 0.0744182 -0.958864 -0.273937 0.00855771 0.114318 0.00836357 -0.1218 0.1218 0.1531 -0.1531 
4.64276 0.0154238 0.275772 -0.961099 0.997108 0.0672982 0.0353118 0.0744182 -0.958864 -0.273937 -0.00783345 0.114585 0.00824156 -0.1253 0.1253 0.1496 -0.1496 
4.62573 0.0158904 -0.275699 0.961113 0.99744 -0.062649 -0.0344621 0.0697139 0.9592 0.273998 0.0102429 0.114296 0.00830785 -0.1433 0.1433 0.1311 -0.1311 
4.62449 0.0158904 -0.275699 0.961113 0.99744 -0.062649 -0.0344621 0.0697139 0.9592 0.273998 -0.00614827 0.114562 0.00818584 -0.1396 0.1396 0.1346 -0.1346 
4.61093 -0.00623639 -0.959233 -0.282546 -0.0721888 0.282246 -0.956622 0.997371 0.0144308 -0.0710061 -0.017276 0.0222164 0.091699 0.539 -0.539 0.2634 -0.2634 
4.57682 0.999855 -0.00176067 -0.0169591 -0.0162779 0.197416 -0.980185 0.00507378 0.980318 0.197359 0.0693283 -0.00540715 0.000182971 -0.1286 0.1286 0.1423 -0.1423 
4.52963 -0.00623639 -0.959233 -0.282546 -0.0721888 0.282246 -0.956622 0.997371 0.0144308 -0.0710061 -0.000884815 0.0219502 0.091821 0.1222 -0.1222 -0.1292 0.1292 
4.43777 0.0154238 0.275772 -0.961099 0.997108 0.0672982 0.0353118 0.0744182 -0.958864 -0.273937 -0.0245221 0.103699 0.0237496 -0.5503 0.5503 -0.2607 0.2607 
4.43353 0.0109556 -0.96757 -0.252366 0.0721122 -0.250959 0.965308 -0.997336 -0.0287741 0.0670242 -0.000509258 -0.0444472 -0.103462 0.1249 -0.1249 -0.0772 0.0772 
4.403 -0.0158498 0.25914 -0.96571 -0.997101 -0.075984 -0.00402465 -0.0744214 0.962846 0.259593 -0.027512 -0.094569 -0.00708239 -0.1289 0.1289 0.1319 -0.1319 
4.38036 -0.999814 -0.0147983 0.0123621 0.0166174 -0.336049 0.941698 -0.0097813 0.941728 0.336232 -0.0899621 0.0327483 -0.0148743 -0.5768 0.5768 -0.2632 0.2632 
4.31876 -0.0109489 0.959193 0.282539 -0.0716873 -0.282582 0.956561 0.997367 -0.00978117 0.0718559 0.0142668 -0.0576608 0.076183 0.505 -0.505 0.2888 -0.2888 
4.30661 0.0109556 -0.96757 -0.252366 0.0721122 -0.250959 0.965308 -0.997336 -0.0287741 0.0670242 0.0157101 -0.0461521 -0.0833925 -0.2709 0.2709 -0.4886 0.4886 
4.27673 -0.999814 -0.0147983 0.0123621 0.0166174 -0.336049 0.941698 -0.0097813 0.941728 0.336232 -0.0902438 0.0303896 0.0178271 0.2382 -0.2382 0.5511 -0.5511 
4.27514 0.999855 -0.00176067 -0.0169591 -0.0162779 0.197416 -0.980185 0.00507378 0.980318 0.197359 0.0689308 -0.0229356 0.0153522 0.2634 -0.2634 0.5633 -0.5633 
4.25841 0.999821 0.0064218 0.0178111 -0.0161925 -0.197492 0.980171 0.009812 -0.980284 -0.197352 0.0897234 0.0274624 0.0192351 -0.5476 0.5476 -0.2376 0.2376 
4.22775 0.0109556 -0.96757 -0.252366 0.0721122 -0.250959 0.965308 -0.997336 -0.0287741 0.0670242 -0.0170723 -0.0456198 -0.0836366 0.5408 -0.5408 0.3186 -0.3186 
4.22316 0.999821 0.0064218 0.0178111 -0.0161925 -0.197492 0.980171 0.009812 -0.980284 -0.197352 0.0998627 0.0284794 0.00295882 -0.1298 0.1298 0.1578 -0.1578 
4.21762 -0.00623639 -0.959233 -0.282546 -0.0721888 0.282246 -0.956622 0.997371 0.0144308 -0.0710061 0.0148222 -0.026644 0.078425 -0.2726 0.2726 -0.5306 0.5306 
4.20617 -0.999814 -0.0147983 0.0123621 0.0166174 -0.336049 0.941698 -0.0097813 0.941728 0.336232 -0.0801045 0.0314066 0.00155086 -0.1573 0.1573 0.1336 -0.1336 
4.19892 0.999855 -0.00176067 -0.0169591 -0.0162779 0.197416 -0.980185 0.00507378 0.980318 0.197359 0.069585 0.010942 0.00136441 -0.1251 0.1251 0.1458 -0.1458 
4.15306 0.999821 0.0064218 0.0178111 -0.0161925 -0.197492 0.980171 0.009812 -0.980284 -0.197352 0.0900051 0.0298211 -0.0134663 0.2639 -0.2639 0.5806 -0.5806 
4.0855 -0.0109489 0.959193 0.282539 -0.0716873 -0.282582 0.956561 0.997367 -0.00978117 0.0718559 -0.000926865 0.0236316 0.0919419 0.1384 -0.1384 -0.1132 0.1132 
4.03218 0.00622972 0.96761 0.252373 0.0717639 0.251294 -0.965247 -0.997402 0.0241245 -0.067874 -0.0170812 -0.0465796 -0.0937322 -0.3123 0.3123 -0.5308 0.5308 
4.02087 0.00622972 0.96761 0.252373 0.0717639 0.251294 -0.965247 -0.997402 0.0241245 -0.067874 -0.000604069 -0.0461263 -0.103584 0.0844 -0.0844 -0.1149 0.1149 
3.9512 0.0154238 0.275772 -0.961099 0.997108 0.0672982 0.0353118 0.0744182 -0.958864 -0.273937 -0.0242403 0.106057 -0.00895182 0.2649 -0.2649 0.5653 -0.5653 
3.88821 0.999855 -0.00176067 -0.0169591 -0.0162779 0.197416 -0.980185 0.00507378 0.980318 0.197359 0.109181 -0.0072359 0.0168314 0.2674 -0.2674 0.5656 -0.5656 
3.87803 0.0154238 0.275772 -0.961099 0.997108 0.0672982 0.0353118 0.0744182 -0.958864 -0.273937 0.00854201 0.105525 -0.00870778 0.2784 -0.2784 0.5606 -0.5606 
3.86432 0.00622972 0.96761 0.252373 0.0717639 0.251294 -0.965247 -0.997402 0.0241245 -0.067874 0.0157012 -0.0471119 -0.0934882 0.4948 -0.4948 0.2799 -0.2799 
3.7896 -0.0109489 0.959193 0.282539 -0.0716873 -0.282582 0.956561 0.997367 -0.00978117 0.0718559 -0.017318 0.0238978 0.0918199 -0.2541 0.2541 -0.5284 0.5284 
3.71709 -0.0109489 0.959193 0.282539 -0.0716873 -0.282582 0.956561 0.997367 -0.00978117 0.0718559 -0.00144022 -0.00906665 0.089579 0.1309 -0.1309 -0.1272 0.1272 
3.69428 -0.0109489 0.959193 0.282539 -0.0716873 -0.282582 0.956561 0.997367 -0.00978117 0.0718559 -0.0178314 -0.0088005 0.089457 -0.2636 0.2636 -0.5448 0.5448 
3.49344 0.999821 0.0064218 0.0178111 -0.0161925 -0.197492 0.980171 0.009812 -0.980284 -0.197352 0.109207 -0.00556054 0.0170211 -0.5536 0.5536 -0.2577 0.2577 
3.47958 0.0158904 -0.275699 0.961113 0.99744 -0.062649 -0.0344621 0.0697139 0.9592 0.273998 0.0102272 0.105503 -0.00876351 -0.5496 0.5496 -0.2682 0.2682 
3.38812 -0.00623639 -0.959233 -0.282546 -0.0721888 0.282246 -0.956622 0.997371 0.0144308 -0.0710061 -0.0171052 0.0378461 0.102854 0.5106 -0.5106 0.2751 -0.2751 
3.38378 -0.0109489 0.959193 0.282539 -0.0716873 -0.282582 0.956561 0.997367 -0.00978117 0.0718559 -0.00212434 -0.0573947 0.076061 0.0839 -0.0839 -0.1022 0.1022 
3.36756 -0.00623639 -0.959233 -0.282546 -0.0721888 0.282246 -0.956622 0.997371 0.0144308 -0.0710061 -0.00139817 -0.010748 0.0894581 0.1359 -0.1359 -0.1214 0.1214 
3.32475 -0.00623639 -0.959233 -0.282546 -0.0721888 0.282246 -0.956622 0.997371 0.0144308 -0.0710061 -0.000714062 0.03758 0.102976 0.1144 -0.1144 -0.1232 0.1232 
3.30635 -0.0109489 0.959193 0.282539 -0.0716873 -0.282582 0.956561 0.997367 -0.00978117 0.0718559 -0.0171473 0.0395275 0.102975 -0.2648 0.2648 -0.5014 0.5014 
3.22246 0.0158904 -0.275699 0.961113 0.99744 -0.062649 -0.0344621 0.0697139 0.9592 0.273998 -0.0060074 0.115741 -0.00816486 -0.5918 0.5918 -0.2599 0.2599 
3.18923 0.0154238 0.275772 -0.961099 0.997108 0.0672982 0.0353118 0.0744182 -0.958864 -0.273937 -0.00813089 0.103432 0.0238716 -0.5421 0.5421 -0.2651 0.2651 
3.16663 -0.00623639 -0.959233 -0.282546 -0.0721888 0.282246 -0.956622 0.997371 0.0144308 -0.0710061 0.0143089 -0.0593422 0.0760621 -0.2818 0.2818 -0.4938 0.4938 
3.14914 0.0109556 -0.96757 -0.252366 0.0721122 -0.250959 0.965308 -0.997336 -0.0287741 0.0670242 -0.0151037 0.070263 -0.0953139 0.4908 -0.4908 0.2751 -0.2751 
3.09295 0.0132993 0.96114 0.275742 0.997328 -0.0325623 0.0653987 0.0718361 0.274135 -0.959004 -0.0149864 0.12533 -0.000142471 -0.2636 0.2636 -0.5186 0.5186 
3.0576 -0.0154644 -0.259213 0.965696 -0.997447 0.0713348 0.0031749 -0.0697107 -0.963182 -0.259655 0.0233298 -0.104193 -0.0237069 0.2417 -0.2417 0.5579 -0.5579 
3.0116 -0.0158498 0.25914 -0.96571 -0.997101 -0.075984 -0.00402465 -0.0744214 0.962846 0.259593 -0.0276842 -0.113335 -0.0248744 -0.5561 0.5561 -0.2139 0.2139 
2.94155 0.0158904 -0.275699 0.961113 0.99744 -0.062649 -0.0344621 0.0697139 0.9592 0.273998 -0.0064457 0.10341 0.0238159 0.2747 -0.2747 0.5523 -0.5523 
2.85963 -0.00623639 -0.959233 -0.282546 -0.0721888 0.282246 -0.956622 0.997371 0.0144308 -0.0710061 -0.00216821 -0.0597955 0.0859138 0.1187 -0.1187 -0.0819 0.0819 
2.83657 -0.0109489 0.959193 0.282539 -0.0716873 -0.282582 0.956561 0.997367 -0.00978117 0.0718559 -0.0186014 -0.0578479 0.0859127 -0.3033 0.3033 -0.5258 0.5258 
2.81882 0.0154238 0.275772 -0.961099 0.997108 0.0672982 0.0353118 0.0744182 -0.958864 -0.273937 0.00841685 0.113139 0.0247143 -0.5509 0.5509 -0.2389 0.2389 
2.75416 0.0158904 -0.275699 0.961113 0.99744 -0.062649 -0.0344621 0.0697139 0.9592 0.273998 0.010102 0.113117 0.0246586 0.2487 -0.2487 0.5616 -0.5616 
2.7389 -0.00623639 -0.959233 -0.282546 -0.0721888 0.282246 -0.956622 0.997371 0.0144308 -0.0710061 -0.0185594 -0.0595293 0.0857918 0.5348 -0.5348 0.3148 -0.3148 
2.59505 -0.00623639 -0.959233 -0.282546 -0.0721888 0.282246 -0.956622 0.997371 0.0144308 -0.0710061 -0.00174078 -0.0278166 0.0982504 0.1357 -0.1357 -0.1137 0.1137 
2.43777 0.0180148 -0.961067 -0.275729 0.997221 0.0372115 -0.0645489 0.0722961 -0.273799 0.959066 -0.0149168 0.134001 0.0186098 0.5074 -0.5074 0.2669 -0.2669 
2.41972 0.0154238 0.275772 -0.961099 0.997108 0.0672982 0.0353118 0.0744182 -0.958864 -0.273937 -0.00769258 0.115764 -0.00810914 0.2694 -0.2694 0.6033 -0.6033 
2.25828 0.0180148 -0.961067 -0.275729 0.997221 0.0372115 -0.0645489 0.0722961 -0.273799 0.959066 0.0178656 0.133469 0.0188539 -0.2926 0.2926 -0.5452 0.5452 
2.2317 -0.0109489 0.959193 0.282539 -0.0716873 -0.282582 0.956561 0.997367 -0.00978117 0.0718559 0.015721 0.0397146 0.0932453 0.5522 -0.5522 0.2913 -0.2913 
2.22153 0.0132993 0.96114 0.275742 0.997328 -0.0325623 0.0653987 0.0718361 0.274135 -0.959004 0.0179525 0.13477 0.000822227 0.5506 -0.5506 0.2988 -0.2988 
2.12604 -0.00623639 -0.959233 -0.282546 -0.0721888 0.282246 -0.956622 0.997371 0.0144308 -0.0710061 0.015763 0.0380332 0.0931244 -0.2814 0.2814 -0.5424 0.5424 
1.98427 0.999821 0.0064218 0.0178111 -0.0161925 -0.197492 0.980171 0.009812 -0.980284 -0.197352 0.0688407 -0.0364301 -0.00199022 -0.1796 0.1796 0.1483 -0.1483 
1.85098 -0.00623639 -0.959233 -0.282546 -0.0721888 0.282246 -0.956622 0.997371 0.0144308 -0.0710061 0.0161056 0.0551017 0.0843322 -0.3056 0.3056 -0.5334 0.5334 
1.7161 -0.00623639 -0.959233 -0.282546 -0.0721888 0.282246 -0.956622 0.997371 0.0144308 -0.0710061 -0.000371456 0.0546485 0.0941839 0.0926 -0.0926 -0.1176 0.1176 
1.65344 0.999855 -0.00176067 -0.0169591 -0.0162779 0.197416 -0.980185 0.00507378 0.980318 0.197359 0.0700983 0.0436403 0.00372729 -0.1866 0.1866 0.1706 -0.1706 
1.54114 -0.999861 0.0101372 -0.013214 0.015853 0.336125 -0.941684 -0.00510449 -0.941763 -0.336239 -0.110011 0.0453783 0.0188065 -0.5814 0.5814 -0.1906 0.1906 
1.528 0.999855 -0.00176067 -0.0169591 -0.0162779 0.197416 -0.980185 0.00507378 0.980318 0.197359 0.0702392 0.0448196 -0.0126234 -0.6168 0.6168 -0.2237 0.2237 
1.51014 0.0158904 -0.275699 0.961113 0.99744 -0.062649 -0.0344621 0.0697139 0.9592 0.273998 0.0264932 0.11285 0.0247806 0.2341 -0.2341 0.5669 -0.5669 
1.49062 0.999821 0.0064218 0.0178111 -0.0161925 -0.197492 0.980171 0.009812 -0.980284 -0.197352 0.0701241 0.0453156 0.00391697 -0.1649 0.1649 0.1951 -0.1951 
1.41641 -0.0158498 0.25914 -0.96571 -0.997101 -0.075984 -0.00402465 -0.0744214 0.962846 0.259593 -0.0278094 -0.105721 0.00854765 0.2657 -0.2657 0.6064 -0.6064 
1.40614 0.999821 0.0064218 0.0178111 -0.0161925 -0.197492 0.980171 0.009812 -0.980284 -0.197352 0.070265 0.046495 -0.0124337 0.2294 -0.2294 0.6273 -0.6273 
1.38203 -0.999814 -0.0147983 0.0123621 0.0166174 -0.336049 0.941698 -0.0097813 0.941728 0.336232 -0.109984 0.0470635 0.0188597 0.1994 -0.1994 0.5949 -0.5949 
1.27544 0.00622972 0.96761 0.252373 0.0717639 0.251294 -0.965247 -0.997402 0.0241245 -0.067874 -0.0151985 0.0685838 -0.0954359 -0.2611 0.2611 -0.4834 0.4834 
1.26471 -0.0109489 0.959193 0.282539 -0.0716873 -0.282582 0.956561 0.997367 -0.00978117 0.0718559 0.0160636 0.0567831 0.0844531 0.5382 -0.5382 0.3148 -0.3148 
1.26004 0.00622972 0.96761 0.252373 0.0717639 0.251294 -0.965247 -0.997402 0.0241245 -0.067874 0.0174979 0.0673321 -0.0852181 0.5518 -0.5518 0.3189 -0.3189 
1.23495 -0.00623639 -0.959233 -0.282546 -0.0721888 0.282246 -0.956622 0.997371 0.0144308 -0.0710061 -0.0167626 0.0549147 0.0940618 0.505 -0.505 0.2769 -0.2769 
1.222 0.00622972 0.96761 0.252373 0.0717639 0.251294 -0.965247 -0.997402 0.0241245 -0.067874 0.00110676 0.0675983 -0.0853401 0.1332 -0.1332 -0.0777 0.0777 
1.17069 0.999821 0.0064218 0.0178111 -0.0161925 -0.197492 0.980171 0.009812 -0.980284 -0.197352 0.0689816 -0.0352507 -0.0183409 0.2149 -0.2149 0.5649 -0.5649 
1.16898 -0.0109489 0.959193 0.282539 -0.0716873 -0.282582 0.956561 0.997367 -0.00978117 0.0718559 -0.000584259 0.0407001 0.0831496 0.1237 -0.1237 -0.0934 0.0934 
1.05118 -0.0158498 0.25914 -0.96571 -0.997101 -0.075984 -0.00402465 -0.0744214 0.962846 0.259593 -0.0112931 -0.113601 -0.0247524 -0.5479 0.5479 -0.2194 0.2194 
1.04701 0.0109556 -0.96757 -0.252366 0.0721122 -0.250959 0.965308 -0.997336 -0.0287741 0.0670242 0.0175927 0.0690113 -0.0850962 -0.3116 0.3116 -0.5376 0.5376 
1.04127 0.0109556 -0.96757 -0.252366 0.0721122 -0.250959 0.965308 -0.997336 -0.0287741 0.0670242 0.00120157 0.0692774 -0.0852182 0.0847 -0.0847 -0.1207 0.1207 
1.01009 0.999821 0.0064218 0.0178111 -0.0161925 -0.197492 0.980171 0.009812 -0.980284 -0.197352 0.108719 -0.0522493 -0.0192246 0.2324 -0.2324 0.5943 -0.5943 
0.872023 0.999821 0.0064218 0.0178111 -0.0161925 -0.197492 0.980171 0.009812 -0.980284 -0.197352 0.108578 -0.0534286 -0.00287394 -0.1618 0.1618 0.1636 -0.1636 
0.86071 0.999855 -0.00176067 -0.0169591 -0.0162779 0.197416 -0.980185 0.00507378 0.980318 0.197359 0.0699575 0.0424609 0.020078 0.2077 -0.2077 0.5869 -0.5869 
0.82992 -0.0109489 0.959193 0.282539 -0.0716873 -0.282582 0.956561 0.997367 -0.00978117 0.0718559 -0.000327579 0.0570493 0.084331 0.1169 -0.1169 -0.0754 0.0754 
0.789923 -0.999861 0.0101372 -0.013214 0.015853 0.336125 -0.941684 -0.00510449 -0.941763 -0.336239 -0.10987 0.0465576 0.00245585 -0.1506 0.1506 0.2031 -0.2031 
0.722754 -0.999814 -0.0147983 0.0123621 0.0166174 -0.336049 0.941698 -0.0097813 0.941728 0.336232 -0.109843 0.0482428 0.00250901 -0.1943 0.1943 0.1626 -0.1626 
0.593997 -0.0154644 -0.259213 0.965696 -0.997447 0.0713348 0.0031749 -0.0697107 -0.963182 -0.259655 -0.00989081 -0.115992 0.0080298 -0.5939 0.5939 -0.2602 0.2602 
0.591471 -0.999814 -0.0147983 0.0123621 0.0166174 -0.336049 0.941698 -0.0097813 0.941728 0.336232 -0.0894487 0.0654466 -0.0125114 -0.6256 0.6256 -0.2127 0.2127 
0.572653 0.999821 0.0064218 0.0178111 -0.0161925 -0.197492 0.980171 0.009812 -0.980284 -0.197352 0.0902368 0.0601607 0.021598 -0.6056 0.6056 -0.196 0.196 
0.568349 -0.0109489 0.959193 0.282539 -0.0716873 -0.282582 0.956561 0.997367 -0.00978117 0.0718559 -0.0167187 0.0573154 0.084209 -0.2739 0.2739 -0.4944 0.4944 
0.556926 0.999821 0.0064218 0.0178111 -0.0161925 -0.197492 0.980171 0.009812 -0.980284 -0.197352 0.0903776 0.06134 0.00524727 -0.1789 0.1789 0.1981 -0.1981 
0.532324 -0.999861 0.0101372 -0.013214 0.015853 0.336125 -0.941684 -0.00510449 -0.941763 -0.336239 -0.0994741 0.0639238 -0.012639 0.2219 -0.2219 0.6381 -0.6381 
0.505636 -0.0154644 -0.259213 0.965696 -0.997447 0.0713348 0.0031749 -0.0697107 -0.963182 -0.259655 0.0230481 -0.106552 0.0089945 -0.5936 0.5936 -0.2592 0.2592 
0.488098 0.999855 -0.00176067 -0.0169591 -0.0162779 0.197416 -0.980185 0.00507378 0.980318 0.197359 0.0803534 0.059827 0.00498315 -0.1889 0.1889 0.1866 -0.1866 
0.484032 -0.999861 0.0101372 -0.013214 0.015853 0.336125 -0.941684 -0.00510449 -0.941763 -0.336239 -0.109613 0.0629068 0.00363729 -0.1713 0.1713 0.2086 -0.2086 
0.420751 -0.999814 -0.0147983 0.0123621 0.0166174 -0.336049 0.941698 -0.0097813 0.941728 0.336232 -0.0997288 0.0632503 0.0201156 0.1982 -0.1982 0.6103 -0.6103 
0.368749 -0.999814 -0.0147983 0.0123621 0.0166174 -0.336049 0.941698 -0.0097813 0.941728 0.336232 -0.099588 0.0644296 0.00376488 -0.1951 0.1951 0.1819 -0.1819 
0.27206 0.999821 0.0064218 0.0178111 -0.0161925 -0.197492 0.980171 0.009812 -0.980284 -0.197352 0.0805201 0.0626817 -0.0111779 0.2136 -0.2136 0.6283 -0.6283 
0.230456 0.999855 -0.00176067 -0.0169591 -0.0162779 0.197416 -0.980185 0.00507378 0.980318 0.197359 0.0804943 0.0610064 -0.0113675 -0.6178 0.6178 -0.2072 0.2072 
0.193806 -0.999861 0.0101372 -0.013214 0.015853 0.336125 -0.941684 -0.00510449 -0.941763 -0.336239 -0.109729 0.047737 -0.0138948 0.2431 -0.2431 0.6429 -0.6429 
0.167661 -0.999814 -0.0147983 0.0123621 0.0166174 -0.336049 0.941698 -0.0097813 0.941728 0.336232 -0.109702 0.0494222 -0.0138417 -0.6321 0.6321 -0.231 0.231 
0.101798 -0.00623639 -0.959233 -0.282546 -0.0721888 0.282246 -0.956622 0.997371 0.0144308 -0.0710061 -0.00122742 0.00488171 0.100613 0.1322 -0.1322 -0.1239 0.1239 
0.0645006 -0.00623639 -0.959233 -0.282546 -0.0721888 0.282246 -0.956622 0.997371 0.0144308 -0.0710061 0.0152497 0.00533494 0.0907616 -0.2629 0.2629 -0.541 0.541 
0.027977 0.999855 -0.00176067 -0.0169591 -0.0162779 0.197416 -0.980185 0.00507378 0.980318 0.197359 0.0881575 -0.0723077 0.0119568 0.2157 -0.2157 0.5913 -0.5913 
