8.22564 0.198061 0.0442092 -0.979192 0.689 0.704261 0.17116 0.697174 -0.708563 0.109027 0.0181849 0.0467634 -0.839451 -0.1678 0.1678 -0.9038 0.9038 
8.17668 0.198061 0.0442092 -0.979192 0.689 0.704261 0.17116 0.697174 -0.708563 0.109027 0.00741158 0.0687788 -0.872626 0.9056 -0.9056 0.1716 -0.1716 
8.14332 0.198061 0.0442092 -0.979192 0.689 0.704261 0.17116 0.697174 -0.708563 0.109027 0.0147757 0.0646782 -0.849083 0.315 -0.315 -0.3126 0.3126 
7.90299 0.198061 0.0442092 -0.979192 0.689 0.704261 0.17116 0.697174 -0.708563 0.109027 0.0265256 0.0692453 -0.878524 0.9088 -0.9088 0.1749 -0.1749 
7.90119 0.197431 -0.0432873 0.979361 0.692421 -0.701041 -0.170572 0.693956 0.711806 -0.108434 0.0246669 0.0692498 -0.878 -0.1688 0.1688 -0.8996 0.8996 
6.9544 0.197431 -0.0432873 0.979361 0.692421 -0.701041 -0.170572 0.693956 0.711806 -0.108434 0.0290648 0.0547886 -0.86489 0.3148 -0.3148 -0.3106 0.3106 
6.51101 0.198061 0.0442092 -0.979192 0.689 0.704261 0.17116 0.697174 -0.708563 0.109027 0.0372989 0.04723 -0.845348 -0.1661 0.1661 -0.9024 0.9024 
6.50762 0.197431 -0.0432873 0.979361 0.692421 -0.701041 -0.170572 0.693956 0.711806 -0.108434 0.00995083 0.054322 -0.858992 0.316 -0.316 -0.3078 0.3078 
6.44735 0.197431 -0.0432873 0.979361 0.692421 -0.701041 -0.170572 0.693956 0.711806 -0.108434 0.0143487 0.0398607 -0.845882 0.913 -0.913 0.1754 -0.1754 
6.32975 -0.197024 -0.467792 0.861599 -0.692411 0.688565 0.215511 -0.694081 -0.55412 -0.459568 -0.00255889 -0.0557724 -0.976133 0.3172 -0.3172 -0.3142 0.3142 
6.12694 0.197431 -0.0432873 0.979361 0.692421 -0.701041 -0.170572 0.693956 0.711806 -0.108434 0.0334627 0.0403273 -0.85178 0.9112 -0.9112 0.1733 -0.1733 
6.10122 -0.197024 -0.467792 0.861599 -0.692411 0.688565 0.215511 -0.694081 -0.55412 -0.459568 0.00183903 -0.0702337 -0.963023 -0.1661 0.1661 -0.9048 0.9048 
6.08551 -0.220064 -0.065512 0.973283 0.721127 0.660986 0.207542 -0.656923 0.747533 -0.0982171 -0.00147994 0.0747374 -0.962311 0.4126 -0.4126 0.6091 -0.6091 
6.06942 -0.197024 -0.467792 0.861599 -0.692411 0.688565 0.215511 -0.694081 -0.55412 -0.459568 -0.00794553 -0.0447647 -0.992721 0.9114 -0.9114 0.1698 -0.1698 
6.04508 -0.198468 0.46687 -0.861767 -0.689009 -0.691785 -0.216099 -0.697048 0.550877 0.458975 -0.0198443 -0.0561445 -0.970849 0.321 -0.321 -0.3106 0.3106 
5.93941 -0.198468 0.46687 -0.861767 -0.689009 -0.691785 -0.216099 -0.697048 0.550877 0.458975 -0.0242422 -0.0416833 -0.983959 -0.1626 0.1626 -0.9006 0.9006 
5.89974 -0.198468 0.46687 -0.861767 -0.689009 -0.691785 -0.216099 -0.697048 0.550877 0.458975 -0.0164351 -0.0740593 -0.961217 0.9136 -0.9136 0.1723 -0.1723 
5.88768 0.198061 0.0442092 -0.979192 0.689 0.704261 0.17116 0.697174 -0.708563 0.109027 0.0309235 0.0547841 -0.865414 0.3166 -0.3166 -0.3088 0.3088 
5.79247 -0.198468 0.46687 -0.861767 -0.689009 -0.691785 -0.216099 -0.697048 0.550877 0.458975 -0.00468525 -0.0694922 -0.990658 0.3206 -0.3206 -0.3116 0.3116 
5.76783 -0.198468 0.46687 -0.861767 -0.689009 -0.691785 -0.216099 -0.697048 0.550877 0.458975 0.00169013 -0.0770463 -0.970592 0.9104 -0.9104 0.1713 -0.1713 
5.726 -0.220064 -0.065512 0.973283 0.721127 0.660986 0.207542 -0.656923 0.747533 -0.0982171 -0.0194949 0.070657 -0.953137 0.4134 -0.4134 0.5941 -0.5941 
5.71284 0.197431 -0.0432873 0.979361 0.692421 -0.701041 -0.170572 0.693956 0.711806 -0.108434 0.00654165 0.0722368 -0.868625 -0.1643 0.1643 -0.8966 0.8966 
5.69315 -0.197024 -0.467792 0.861599 -0.692411 0.688565 0.215511 -0.694081 -0.55412 -0.459568 -0.0216729 -0.056239 -0.970236 0.3162 -0.3162 -0.3154 0.3154 
5.55797 -0.198468 0.46687 -0.861767 -0.689009 -0.691785 -0.216099 -0.697048 0.550877 0.458975 -0.00512823 -0.0412167 -0.989857 -0.1639 0.1639 -0.9032 0.9032 
5.40836 -0.197024 -0.467792 0.861599 -0.692411 0.688565 0.215511 -0.694081 -0.55412 -0.459568 -0.0182637 -0.0741538 -0.960604 -0.1668 0.1668 -0.905 0.905 
5.28571 -0.197024 -0.467792 0.861599 -0.692411 0.688565 0.215511 -0.694081 -0.55412 -0.459568 -0.0260708 -0.0417778 -0.983346 0.9088 -0.9088 0.1681 -0.1681 
4.62727 0.198061 0.0442092 -0.979192 0.689 0.704261 0.17116 0.697174 -0.708563 0.109027 -0.0278502 0.0782063 -0.850398 0.8876 -0.8876 0.1678 -0.1678 
4.33848 0.197431 -0.0432873 0.979361 0.692421 -0.701041 -0.170572 0.693956 0.711806 -0.108434 0.0672928 0.0557217 -0.876684 0.315 -0.315 -0.3134 0.3134 
4.02864 0.198061 0.0442092 -0.979192 0.689 0.704261 0.17116 0.697174 -0.708563 0.109027 0.0691515 0.0557173 -0.877208 0.3194 -0.3194 -0.309 0.309 
3.99979 -0.219538 0.0644873 -0.97347 0.724377 -0.657617 -0.206926 -0.653515 -0.750587 0.0976588 -0.0270895 0.074998 -0.983956 -0.0763 0.0763 0.0836 -0.0836 
3.8521 -0.219538 0.0644873 -0.97347 0.724377 -0.657617 -0.206926 -0.653515 -0.750587 0.0976588 -0.0299471 0.0575641 -0.994597 0.4127 -0.4127 0.5954 -0.5954 
3.85008 0.197431 -0.0432873 0.979361 0.692421 -0.701041 -0.170572 0.693956 0.711806 -0.108434 -0.00476526 0.0393941 -0.839985 0.9152 -0.9152 0.1773 -0.1773 
3.82221 -0.219538 0.0644873 -0.97347 0.724377 -0.657617 -0.206926 -0.653515 -0.750587 0.0976588 -0.0176378 0.0707493 -0.953658 -0.5856 0.5856 -0.4066 0.4066 
3.35863 0.219131 0.446592 -0.867489 -0.724387 0.670093 0.161987 0.65364 0.592901 0.470343 0.0102626 -0.0479149 -0.872618 -0.0781 0.0781 0.1124 -0.1124 
3.32602 -0.220064 -0.065512 0.973283 0.721127 0.660986 0.207542 -0.656923 0.747533 -0.0982171 0.0108198 0.0439499 -0.992766 -0.5928 0.5928 -0.3954 0.3954 
3.25998 -0.220064 -0.065512 0.973283 0.721127 0.660986 0.207542 -0.656923 0.747533 -0.0982171 0.0147765 0.05777 -0.978849 -0.0813 0.0813 0.0928 -0.0928 
3.21795 0.198061 0.0442092 -0.979192 0.689 0.704261 0.17116 0.697174 -0.708563 0.109027 -0.00730451 0.0538509 -0.853619 0.3118 -0.3118 -0.3142 0.3142 
3.18423 0.197431 -0.0432873 0.979361 0.692421 -0.701041 -0.170572 0.693956 0.711806 -0.108434 0.055543 0.0511546 -0.847244 0.8978 -0.8978 0.1728 -0.1728 
3.07313 0.198061 0.0442092 -0.979192 0.689 0.704261 0.17116 0.697174 -0.708563 0.109027 0.0574016 0.0511501 -0.847768 -0.1653 0.1653 -0.8892 0.8892 
2.98796 -0.219538 0.0644873 -0.97347 0.724377 -0.657617 -0.206926 -0.653515 -0.750587 0.0976588 -0.00401883 0.0892847 -0.975936 -0.6021 0.6021 -0.4026 0.4026 
2.89146 0.198061 0.0442092 -0.979192 0.689 0.704261 0.17116 0.697174 -0.708563 0.109027 -0.00972496 0.0752193 -0.859773 0.9038 -0.9038 0.1691 -0.1691 
2.81085 -0.220064 -0.065512 0.973283 0.721127 0.660986 0.207542 -0.656923 0.747533 -0.0982171 -0.0296062 0.0502443 -0.987524 -0.5861 0.5861 -0.4058 0.4058 
2.78681 0.197431 -0.0432873 0.979361 0.692421 -0.701041 -0.170572 0.693956 0.711806 -0.108434 -0.00619698 0.0642161 -0.842662 0.3214 -0.3214 -0.307 0.307 
2.70918 0.197431 -0.0432873 0.979361 0.692421 -0.701041 -0.170572 0.693956 0.711806 -0.108434 -0.0115836 0.0752238 -0.859249 -0.1631 0.1631 -0.8942 0.8942 
2.61607 -0.220064 -0.065512 0.973283 0.721127 0.660986 0.207542 -0.656923 0.747533 -0.0982171 -0.0256496 0.0640644 -0.973607 -0.0758 0.0758 0.0829 -0.0829 
2.585 0.198061 0.0442092 -0.979192 0.689 0.704261 0.17116 0.697174 -0.708563 0.109027 -0.0029066 0.0393897 -0.840509 -0.1716 0.1716 -0.9064 0.9064 
2.52282 0.198061 0.0442092 -0.979192 0.689 0.704261 0.17116 0.697174 -0.708563 0.109027 0.0476171 0.076619 -0.877465 0.9096 -0.9096 0.1713 -0.1713 
2.46931 0.197431 -0.0432873 0.979361 0.692421 -0.701041 -0.170572 0.693956 0.711806 -0.108434 0.0491676 0.0587087 -0.867309 0.3178 -0.3178 -0.3112 0.3112 
2.46639 0.197431 -0.0432873 0.979361 0.692421 -0.701041 -0.170572 0.693956 0.711806 -0.108434 0.0457584 0.0766235 -0.876941 -0.1656 0.1656 -0.8998 0.8998 
2.45841 -0.219538 0.0644873 -0.97347 0.724377 -0.657617 -0.206926 -0.653515 -0.750587 0.0976588 0.0313516 0.072784 -0.998372 -0.1228 0.1228 0.0956 -0.0956 
2.434 0.198061 0.0442092 -0.979192 0.689 0.704261 0.17116 0.697174 -0.708563 0.109027 0.0539924 0.0690649 -0.8574 0.3178 -0.3178 -0.311 0.311 
2.2219 0.197431 -0.0432873 0.979361 0.692421 -0.701041 -0.170572 0.693956 0.711806 -0.108434 0.0864069 0.0561883 -0.882582 0.3106 -0.3106 -0.3164 0.3164 
2.2072 -0.197024 -0.467792 0.861599 -0.692411 0.688565 0.215511 -0.694081 -0.55412 -0.459568 0.0189756 -0.0766742 -0.975876 -0.1638 0.1638 -0.8992 0.8992 
2.13931 -0.198468 0.46687 -0.861767 -0.689009 -0.691785 -0.216099 -0.697048 0.550877 0.458975 0.0144288 -0.0690256 -0.996555 0.3164 -0.3164 -0.3134 0.3134 
2.10839 0.197431 -0.0432873 0.979361 0.692421 -0.701041 -0.170572 0.693956 0.711806 -0.108434 0.0628949 0.070183 -0.889794 -0.1698 0.1698 -0.904 0.904 
2.1002 -0.198468 0.46687 -0.861767 -0.689009 -0.691785 -0.216099 -0.697048 0.550877 0.458975 -0.0365379 -0.0779795 -0.958798 0.9166 -0.9166 0.1746 -0.1746 
2.02608 0.198061 0.0442092 -0.979192 0.689 0.704261 0.17116 0.697174 -0.708563 0.109027 0.0882655 0.0561838 -0.883106 0.3226 -0.3226 -0.3032 0.3032 
2.02265 -0.197024 -0.467792 0.861599 -0.692411 0.688565 0.215511 -0.694081 -0.55412 -0.459568 0.0121572 -0.0408446 -0.99514 0.9134 -0.9134 0.1706 -0.1706 
2.01016 0.198061 0.0442092 -0.979192 0.689 0.704261 0.17116 0.697174 -0.708563 0.109027 0.0647536 0.0701785 -0.890318 0.9134 -0.9134 0.1758 -0.1758 
1.9504 -0.198468 0.46687 -0.861767 -0.689009 -0.691785 -0.216099 -0.697048 0.550877 0.458975 0.0227816 -0.0696726 -0.969534 0.9124 -0.9124 0.1703 -0.1703 
1.93135 0.197431 -0.0432873 0.979361 0.692421 -0.701041 -0.170572 0.693956 0.711806 -0.108434 -0.0238793 0.0389276 -0.834088 0.9176 -0.9176 0.1786 -0.1786 
1.88218 -0.197024 -0.467792 0.861599 -0.692411 0.688565 0.215511 -0.694081 -0.55412 -0.459568 0.0126002 -0.0691201 -0.995942 0.3206 -0.3206 -0.3096 0.3096 
1.82511 -0.198468 0.46687 -0.861767 -0.689009 -0.691785 -0.216099 -0.697048 0.550877 0.458975 0.0139858 -0.0407501 -0.995754 -0.1649 0.1649 -0.9058 0.9058 
1.76601 -0.198468 0.46687 -0.861767 -0.689009 -0.691785 -0.216099 -0.697048 0.550877 0.458975 -0.0453337 -0.049057 -0.985018 -0.1606 0.1606 -0.8964 0.8964 
1.70547 0.197431 -0.0432873 0.979361 0.692421 -0.701041 -0.170572 0.693956 0.711806 -0.108434 0.0716908 0.0412605 -0.863574 0.9102 -0.9102 0.1701 -0.1701 
1.6986 -0.197024 -0.467792 0.861599 -0.692411 0.688565 0.215511 -0.694081 -0.55412 -0.459568 0.0317142 -0.0686535 -1.00184 0.3242 -0.3242 -0.3102 0.3102 
1.6951 -0.220064 -0.065512 0.973283 0.721127 0.660986 0.207542 -0.656923 0.747533 -0.0982171 0.01104 0.0968866 -0.987865 0.4036 -0.4036 0.6433 -0.6433 
1.69108 0.198061 0.0442092 -0.979192 0.689 0.704261 0.17116 0.697174 -0.708563 0.109027 0.0838676 0.0706451 -0.896216 0.917 -0.917 0.1801 -0.1801 
1.64067 -0.197024 -0.467792 0.861599 -0.692411 0.688565 0.215511 -0.694081 -0.55412 -0.459568 0.0390783 -0.0727541 -0.978296 -0.1603 0.1603 -0.9004 0.9004 
1.62889 -0.197024 -0.467792 0.861599 -0.692411 0.688565 0.215511 -0.694081 -0.55412 -0.459568 -0.0451848 -0.0422443 -0.977448 0.9062 -0.9062 0.1666 -0.1666 
1.60892 0.197431 -0.0432873 0.979361 0.692421 -0.701041 -0.170572 0.693956 0.711806 -0.108434 0.0820089 0.0706496 -0.895692 -0.1741 0.1741 -0.9082 0.9082 
1.60572 -0.198468 0.46687 -0.861767 -0.689009 -0.691785 -0.216099 -0.697048 0.550877 0.458975 -0.0389583 -0.0566111 -0.964952 0.3228 -0.3228 -0.3092 0.3092 
1.59664 0.197431 -0.0432873 0.979361 0.692421 -0.701041 -0.170572 0.693956 0.711806 -0.108434 -0.0429933 0.038461 -0.82819 0.9202 -0.9202 0.1831 -0.1831 
1.50243 -0.197024 -0.467792 0.861599 -0.692411 0.688565 0.215511 -0.694081 -0.55412 -0.459568 -0.0383665 -0.078074 -0.958184 -0.1681 0.1681 -0.9074 0.9074 
1.49998 0.198061 0.0442092 -0.979192 0.689 0.704261 0.17116 0.697174 -0.708563 0.109027 -0.0455325 0.0529178 -0.841824 0.3066 -0.3066 -0.316 0.316 
1.49781 0.219131 0.446592 -0.867489 -0.724387 0.670093 0.161987 0.65364 0.592901 0.470343 0.010702 -0.0761901 -0.873431 -0.5863 0.5863 -0.4054 0.4054 
1.49155 0.198061 0.0442092 -0.979192 0.689 0.704261 0.17116 0.697174 -0.708563 0.109027 -0.0264185 0.0533843 -0.847722 0.3114 -0.3114 -0.315 0.315 
1.48181 0.198061 0.0442092 -0.979192 0.689 0.704261 0.17116 0.697174 -0.708563 0.109027 -0.0411346 0.0384565 -0.828714 -0.1769 0.1769 -0.9116 0.9116 
1.48151 0.198061 0.0442092 -0.979192 0.689 0.704261 0.17116 0.697174 -0.708563 0.109027 -0.0200431 0.0458302 -0.827656 -0.1704 0.1704 -0.9076 0.9076 
1.44018 0.197431 -0.0432873 0.979361 0.692421 -0.701041 -0.170572 0.693956 0.711806 -0.108434 -0.0282772 0.0533888 -0.847198 0.321 -0.321 -0.305 0.305 
1.40359 -0.219538 0.0644873 -0.97347 0.724377 -0.657617 -0.206926 -0.653515 -0.750587 0.0976588 -0.0635589 0.0951125 -0.964796 -0.6456 0.6456 -0.405 0.405 
1.396 -0.197024 -0.467792 0.861599 -0.692411 0.688565 0.215511 -0.694081 -0.55412 -0.459568 -0.0407869 -0.0567056 -0.964338 0.3148 -0.3148 -0.3172 0.3172 
1.37452 0.197431 -0.0432873 0.979361 0.692421 -0.701041 -0.170572 0.693956 0.711806 -0.108434 0.0908048 0.0417271 -0.869472 0.9072 -0.9072 0.1678 -0.1678 
1.35747 -0.219538 0.0644873 -0.97347 0.724377 -0.657617 -0.206926 -0.653515 -0.750587 0.0976588 0.00937996 0.0548835 -1.00312 0.4054 -0.4054 0.6013 -0.6013 
1.33405 0.197431 -0.0432873 0.979361 0.692421 -0.701041 -0.170572 0.693956 0.711806 -0.108434 -0.0306976 0.0747572 -0.853352 -0.1613 0.1613 -0.8922 0.8922 
1.3316 -0.219538 0.0644873 -0.97347 0.724377 -0.657617 -0.206926 -0.653515 -0.750587 0.0976588 0.0122376 0.0723174 -0.992475 -0.0833 0.0833 0.0886 -0.0886 
1.3194 0.198061 0.0442092 -0.979192 0.689 0.704261 0.17116 0.697174 -0.708563 0.109027 0.0926634 0.0417226 -0.869996 -0.1621 0.1621 -0.897 0.897 
1.26799 -0.220064 -0.065512 0.973283 0.721127 0.660986 0.207542 -0.656923 0.747533 -0.0982171 -0.065416 0.0950202 -0.964275 0.413 -0.413 0.6546 -0.6546 
1.19153 0.197431 -0.0432873 0.979361 0.692421 -0.701041 -0.170572 0.693956 0.711806 -0.108434 -0.0473912 0.0529222 -0.8413 0.3224 -0.3224 -0.3004 0.3004 
1.17346 0.198061 0.0442092 -0.979192 0.689 0.704261 0.17116 0.697174 -0.708563 0.109027 0.0755269 0.0481631 -0.857143 -0.1621 0.1621 -0.8988 0.8988 
1.17284 0.219131 0.446592 -0.867489 -0.724387 0.670093 0.161987 0.65364 0.592901 0.470343 0.0175162 -0.044936 -0.848873 0.4132 -0.4132 0.5948 -0.5948 
1.10256 -0.198468 0.46687 -0.861767 -0.689009 -0.691785 -0.216099 -0.697048 0.550877 0.458975 0.0409069 -0.0726596 -0.978909 0.9102 -0.9102 0.1658 -0.1658 
1.08793 -0.198468 0.46687 -0.861767 -0.689009 -0.691785 -0.216099 -0.697048 0.550877 0.458975 0.0335428 -0.068559 -1.00245 0.3184 -0.3184 -0.317 0.317 
1.05575 -0.220064 -0.065512 0.973283 0.721127 0.660986 0.207542 -0.656923 0.747533 -0.0982171 -0.0796946 0.0518234 -0.946086 -0.0736 0.0736 0.1338 -0.1338 
0.927351 0.198061 0.0442092 -0.979192 0.689 0.704261 0.17116 0.697174 -0.708563 0.109027 -0.0489417 0.0708326 -0.851456 0.8962 -0.8962 0.1656 -0.1656 
0.898901 -0.198468 0.46687 -0.861767 -0.689009 -0.691785 -0.216099 -0.697048 0.550877 0.458975 -0.0580723 -0.0570777 -0.959055 0.3246 -0.3246 -0.308 0.308 
0.81566 -0.198468 0.46687 -0.861767 -0.689009 -0.691785 -0.216099 -0.697048 0.550877 0.458975 -0.0556519 -0.0784461 -0.9529 0.9168 -0.9168 0.1759 -0.1759 
0.774951 0.197431 -0.0432873 0.979361 0.692421 -0.701041 -0.170572 0.693956 0.711806 -0.108434 -0.0508004 0.070837 -0.850932 -0.1598 0.1598 -0.8868 0.8868 
0.759511 -0.198468 0.46687 -0.861767 -0.689009 -0.691785 -0.216099 -0.697048 0.550877 0.458975 0.0522138 -0.039817 -1.00755 -0.1663 0.1663 -0.9074 0.9074 
0.724683 -0.197024 -0.467792 0.861599 -0.692411 0.688565 0.215511 -0.694081 -0.55412 -0.459568 0.0503852 -0.0399114 -1.00694 0.9168 -0.9168 0.1718 -0.1718 
0.71124 -0.198468 0.46687 -0.861767 -0.689009 -0.691785 -0.216099 -0.697048 0.550877 0.458975 -0.0624702 -0.0426165 -0.972165 -0.1601 0.1601 -0.8956 0.8956 
0.695424 -0.197024 -0.467792 0.861599 -0.692411 0.688565 0.215511 -0.694081 -0.55412 -0.459568 -0.0599009 -0.0571722 -0.958441 0.3138 -0.3138 -0.3184 0.3184 
0.68512 -0.220064 -0.065512 0.973283 0.721127 0.660986 0.207542 -0.656923 0.747533 -0.0982171 -0.0924433 0.0669134 -0.986212 -0.5858 0.5858 -0.349 0.349 
0.683292 -0.197024 -0.467792 0.861599 -0.692411 0.688565 0.215511 -0.694081 -0.55412 -0.459568 0.0537944 -0.0578262 -0.997303 0.3218 -0.3218 -0.3118 0.3118 
0.621076 -0.198468 0.46687 -0.861767 -0.689009 -0.691785 -0.216099 -0.697048 0.550877 0.458975 -0.0771863 -0.0575443 -0.953157 0.3202 -0.3202 -0.3076 0.3076 
0.612647 -0.197024 -0.467792 0.861599 -0.692411 0.688565 0.215511 -0.694081 -0.55412 -0.459568 -0.0834128 -0.0431775 -0.965654 0.9036 -0.9036 0.1708 -0.1708 
0.599529 -0.197024 -0.467792 0.861599 -0.692411 0.688565 0.215511 -0.694081 -0.55412 -0.459568 -0.0642988 -0.0427109 -0.971551 0.9046 -0.9046 0.1656 -0.1656 
0.576066 -0.197024 -0.467792 0.861599 -0.692411 0.688565 0.215511 -0.694081 -0.55412 -0.459568 0.0581923 -0.0722875 -0.984193 -0.1619 0.1619 -0.9016 0.9016 
0.572233 -0.219538 0.0644873 -0.97347 0.724377 -0.657617 -0.206926 -0.653515 -0.750587 0.0976588 0.0183922 0.07891 -0.972005 -0.5958 0.5958 -0.4002 0.4002 
0.561688 -0.197024 -0.467792 0.861599 -0.692411 0.688565 0.215511 -0.694081 -0.55412 -0.459568 -0.0574805 -0.0785405 -0.952287 -0.1691 0.1691 -0.9064 0.9064 
0.538679 -0.198468 0.46687 -0.861767 -0.689009 -0.691785 -0.216099 -0.697048 0.550877 0.458975 0.0600209 -0.072193 -0.984807 0.9098 -0.9098 0.1681 -0.1681 
0.537679 -0.197024 -0.467792 0.861599 -0.692411 0.688565 0.215511 -0.694081 -0.55412 -0.459568 -0.0819811 -0.0679994 -0.962977 0.314 -0.314 -0.313 0.313 
0.53309 -0.198468 0.46687 -0.861767 -0.689009 -0.691785 -0.216099 -0.697048 0.550877 0.458975 -0.082573 -0.0465366 -0.969745 -0.1633 0.1633 -0.895 0.895 
0.498131 -0.198468 0.46687 -0.861767 -0.689009 -0.691785 -0.216099 -0.697048 0.550877 0.458975 -0.0747659 -0.0789127 -0.947003 0.9098 -0.9098 0.1763 -0.1763 
0.486466 -0.198468 0.46687 -0.861767 -0.689009 -0.691785 -0.216099 -0.697048 0.550877 0.458975 0.055623 -0.0577318 -0.997917 0.3178 -0.3178 -0.3154 0.3154 
0.368784 -0.197024 -0.467792 0.861599 -0.692411 0.688565 0.215511 -0.694081 -0.55412 -0.459568 -0.074617 -0.0721 -0.939434 -0.1706 0.1706 -0.9048 0.9048 
0.31936 -0.219538 0.0644873 -0.97347 0.724377 -0.657617 -0.206926 -0.653515 -0.750587 0.0976588 -0.0826729 0.0946459 -0.958899 -0.6513 0.6513 -0.4064 0.4064 
0.31072 -0.220064 -0.065512 0.973283 0.721127 0.660986 0.207542 -0.656923 0.747533 -0.0982171 -0.08453 0.0945537 -0.958378 0.4146 -0.4146 0.6603 -0.6603 
0.13329 -0.220064 -0.065512 0.973283 0.721127 0.660986 0.207542 -0.656923 0.747533 -0.0982171 -0.0605806 0.0522899 -0.951984 -0.0748 0.0748 0.0881 -0.0881 
0.106024 -0.197024 -0.467792 0.861599 -0.692411 0.688565 0.215511 -0.694081 -0.55412 -0.459568 0.0312712 -0.040378 -1.00104 0.919 -0.919 0.1711 -0.1711 
0.0558049 -0.220064 -0.065512 0.973283 0.721127 0.660986 0.207542 -0.656923 0.747533 -0.0982171 0.0666234 0.0772386 -1.01292 -0.0956 0.0956 0.1204 -0.1204 
0.0377243 0.220471 -0.445567 0.867676 -0.721117 -0.673462 -0.162603 0.656798 -0.589847 -0.469785 0.0189831 -0.0557751 -0.838428 -0.5848 0.5848 -0.4072 0.4072 
