7.6114 0.0125473 -0.303664 0.952697 0.982868 -0.171468 -0.0675987 0.183884 0.937223 0.29631 0.0101225 0.104361 0.0166839 0.0067 -0.0067 0.0048 -0.0048 
7.5521 0.0119433 0.303721 -0.952686 0.982 0.176048 0.0684358 0.188504 -0.936355 -0.296152 -0.00688524 0.11912 -0.00636157 0.6278 -0.6278 0.6399 -0.6399 
7.36989 0.0119433 0.303721 -0.952686 0.982 0.176048 0.0684358 0.188504 -0.936355 -0.296152 -0.00875873 0.109915 0.0423277 -0.6388 0.6388 -0.627 0.627 
7.30955 -0.0121216 -0.230911 0.972899 -0.982876 0.181664 0.0308709 -0.18387 -0.955865 -0.229159 0.00785459 -0.0773988 -0.0176943 0.0081 -0.0081 0.0061 -0.0061 
7.16038 -0.0121216 -0.230911 0.972899 -0.982876 0.181664 0.0308709 -0.18387 -0.955865 -0.229159 0.0070403 -0.0721766 0.00851229 -0.6241 0.6241 -0.6264 0.6264 
7.1515 0.0125473 -0.303664 0.952697 0.982868 -0.171468 -0.0675987 0.183884 0.937223 0.29631 0.0110593 0.108963 -0.00766077 -0.6251 0.6251 -0.6274 0.6274 
7.09703 -0.0121216 -0.230911 0.972899 -0.982876 0.181664 0.0308709 -0.18387 -0.955865 -0.229159 0.00891379 -0.0629722 -0.040177 0.6426 -0.6426 0.6399 -0.6399 
7.08813 0.0125473 -0.303664 0.952697 0.982868 -0.171468 -0.0675987 0.183884 0.937223 0.29631 0.00918578 0.099759 0.0410285 0.6416 -0.6416 0.6389 -0.6389 
6.99455 0.0125473 -0.303664 0.952697 0.982868 -0.171468 -0.0675987 0.183884 0.937223 0.29631 -0.0135922 0.11926 -0.00666276 -0.6348 0.6348 -0.617 0.617 
6.67279 0.0119433 0.303721 -0.952686 0.982 0.176048 0.0684358 0.188504 -0.936355 -0.296152 0.0168295 0.104221 0.0169851 0.0029 -0.0029 -0.0032 0.0032 
6.64128 0.0125473 -0.303664 0.952697 0.982868 -0.171468 -0.0675987 0.183884 0.937223 0.29631 -0.0154657 0.110056 0.0420265 0.6322 -0.6322 0.6513 -0.6513 
6.39163 -0.012369 0.230854 -0.97291 -0.981992 -0.186244 -0.031708 -0.188519 0.954997 0.229001 0.0145668 -0.0775141 -0.0175275 0.0037 -0.0037 -0.0024 0.0024 
6.28103 0.0119433 0.303721 -0.952686 0.982 0.176048 0.0684358 0.188504 -0.936355 -0.296152 0.017705 0.103911 -0.00829056 0.6364 -0.6364 0.6289 -0.6289 
6.22233 0.0119433 0.303721 -0.952686 0.982 0.176048 0.0684358 0.188504 -0.936355 -0.296152 0.0158316 0.0947062 0.0403987 -0.6298 0.6298 -0.6376 0.6376 
6.20194 -0.012369 0.230854 -0.97291 -0.981992 -0.186244 -0.031708 -0.188519 0.954997 0.229001 0.0138137 -0.0673797 0.00961004 0.6368 -0.6368 0.6293 -0.6293 
6.14447 -0.012369 0.230854 -0.97291 -0.981992 -0.186244 -0.031708 -0.188519 0.954997 0.229001 0.0156872 -0.0581753 -0.0390792 -0.6296 0.6296 -0.6374 0.6374 
5.77085 0.0119433 0.303721 -0.952686 0.982 0.176048 0.0684358 0.188504 -0.936355 -0.296152 -0.00794444 0.104693 0.0161211 0.0149 -0.0149 -0.0016 0.0016 
5.59439 -0.012369 0.230854 -0.97291 -0.981992 -0.186244 -0.031708 -0.188519 0.954997 0.229001 -0.009148 -0.062615 -0.0408741 -0.6161 0.6161 -0.6348 0.6348 
5.48416 -0.012369 0.230854 -0.97291 -0.981992 -0.186244 -0.031708 -0.188519 0.954997 0.229001 -0.0100235 -0.062305 -0.0155985 0.0084 -0.0084 0.0026 -0.0026 
4.67227 -0.0121216 -0.230911 0.972899 -0.982876 0.181664 0.0308709 -0.18387 -0.955865 -0.229159 -0.0167357 -0.0621897 -0.0157653 0.0042 -0.0042 -0.0024 0.0024 
4.39867 -0.0121216 -0.230911 0.972899 -0.982876 0.181664 0.0308709 -0.18387 -0.955865 -0.229159 0.0326286 -0.0778713 -0.0168304 0.0156 -0.0156 -0.0016 0.0016 
4.34608 0.0125473 -0.303664 0.952697 0.982868 -0.171468 -0.0675987 0.183884 0.937223 0.29631 0.035772 0.103579 -0.0077278 -0.6161 0.6161 -0.637 0.637 
4.34301 -0.012369 0.230854 -0.97291 -0.981992 -0.186244 -0.031708 -0.188519 0.954997 0.229001 -0.0109603 -0.0669072 0.0087461 0.652 -0.652 0.6296 -0.6296 
4.3327 -0.0121216 -0.230911 0.972899 -0.982876 0.181664 0.0308709 -0.18387 -0.955865 -0.229159 0.0318755 -0.067737 0.0103072 -0.6153 0.6153 -0.6362 0.6362 
4.32767 0.0125473 -0.303664 0.952697 0.982868 -0.171468 -0.0675987 0.183884 0.937223 0.29631 0.0349577 0.108801 0.0184788 0.0146 -0.0146 -0.0026 0.0026 
4.3091 0.0125473 -0.303664 0.952697 0.982868 -0.171468 -0.0675987 0.183884 0.937223 0.29631 0.0338985 0.0943743 0.0409615 0.6508 -0.6508 0.6293 -0.6293 
4.28078 -0.0121216 -0.230911 0.972899 -0.982876 0.181664 0.0308709 -0.18387 -0.955865 -0.229159 0.033749 -0.0585326 -0.0383821 0.6516 -0.6516 0.6301 -0.6301 
3.84593 -0.012369 0.230854 -0.97291 -0.981992 -0.186244 -0.031708 -0.188519 0.954997 0.229001 0.0393407 -0.0779866 -0.0166636 0.0111 -0.0111 -0.0099 0.0099 
3.83229 -0.012369 0.230854 -0.97291 -0.981992 -0.186244 -0.031708 -0.188519 0.954997 0.229001 0.0385264 -0.0727644 0.00954301 0.6462 -0.6462 0.6203 -0.6203 
3.81174 0.0119433 0.303721 -0.952686 0.982 0.176048 0.0684358 0.188504 -0.936355 -0.296152 0.042479 0.103438 -0.00742662 0.6458 -0.6458 0.6199 -0.6199 
3.80141 -0.012369 0.230854 -0.97291 -0.981992 -0.186244 -0.031708 -0.188519 0.954997 0.229001 0.0403999 -0.06356 -0.0391463 -0.6201 0.6201 -0.6464 0.6464 
3.79647 0.0119433 0.303721 -0.952686 0.982 0.176048 0.0684358 0.188504 -0.936355 -0.296152 0.0416647 0.10866 0.01878 0.0109 -0.0109 -0.0102 0.0102 
3.78199 0.0119433 0.303721 -0.952686 0.982 0.176048 0.0684358 0.188504 -0.936355 -0.296152 0.040728 0.104058 0.0431246 -0.6198 0.6198 -0.646 0.646 
2.32425 0.0379658 -0.255401 0.96609 0.183298 0.952163 0.244515 -0.982324 0.167799 0.082964 -0.0366311 0.045032 -0.0981382 0.2931 -0.2931 0.3143 -0.3143 
2.22313 0.0375979 0.255577 -0.966057 0.187943 -0.951297 -0.244357 -0.98146 -0.172377 -0.0838006 -0.0309799 0.0169008 -0.08287 0.2992 -0.2992 0.3173 -0.3173 
2.15798 -0.0375401 -0.279175 0.959506 -0.183306 -0.941967 -0.281243 0.982339 -0.186441 -0.015813 -0.0441865 0.0079757 0.09825 -0.2999 0.2999 -0.2797 0.2797 
2.15729 0.0375979 0.255577 -0.966057 0.187943 -0.951297 -0.244357 -0.98146 -0.172377 -0.0838006 -0.0306763 0.0412589 -0.0782536 -0.3013 0.3013 -0.2832 0.2832 
2.14699 -0.0375401 -0.279175 0.959506 -0.183306 -0.941967 -0.281243 0.982339 -0.186441 -0.015813 -0.0444901 -0.0163824 0.0936336 0.301 -0.301 0.3213 -0.3213 
2.12798 0.0379658 -0.255401 0.96609 0.183298 0.952163 0.244515 -0.982324 0.167799 0.082964 -0.0369347 0.020674 -0.102755 -0.3078 0.3078 -0.2864 0.2864 
1.98191 -0.0380236 0.278999 -0.959538 -0.187935 0.941101 0.281085 0.981445 0.191019 0.0166496 -0.0374778 0.00778049 0.0984713 0.2891 -0.2891 0.3008 -0.3008 
1.96976 -0.0380236 0.278999 -0.959538 -0.187935 0.941101 0.281085 0.981445 0.191019 0.0166496 -0.0377814 -0.0165776 0.0938548 -0.3118 0.3118 -0.3001 0.3001 
1.71915 0.0119433 0.303721 -0.952686 0.982 0.176048 0.0684358 0.188504 -0.936355 -0.296152 -0.0335327 0.110388 0.0414638 -0.6569 0.6569 -0.6188 0.6188 
1.70403 0.0119433 0.303721 -0.952686 0.982 0.176048 0.0684358 0.188504 -0.936355 -0.296152 0.0655632 0.108498 0.0449195 -0.6088 0.6088 -0.6386 0.6386 
1.55403 -0.012369 0.230854 -0.97291 -0.981992 -0.186244 -0.031708 -0.188519 0.954997 0.229001 -0.0347975 -0.0618325 -0.0164625 0.0037 -0.0037 -0.0027 0.0027 
1.54923 0.0119433 0.303721 -0.952686 0.982 0.176048 0.0684358 0.188504 -0.936355 -0.296152 -0.0316592 0.119592 -0.00722551 0.621 -0.621 0.6583 -0.6583 
1.45271 -0.0121216 -0.230911 0.972899 -0.982876 0.181664 0.0308709 -0.18387 -0.955865 -0.229159 -0.0415097 -0.0617172 -0.0166293 0.0087 -0.0087 0.0029 -0.0029 
1.38752 -0.012369 0.230854 -0.97291 -0.981992 -0.186244 -0.031708 -0.188519 0.954997 0.229001 -0.0855271 -0.0851384 0.00243039 0.6014 -0.6014 0.6678 -0.6678 
1.35432 -0.0375401 -0.279175 0.959506 -0.183306 -0.941967 -0.281243 0.982339 -0.186441 -0.015813 0.104228 -0.0417194 0.0843819 0.9284 -0.9284 0.2881 -0.2881 
1.3394 -0.012369 0.230854 -0.97291 -0.981992 -0.186244 -0.031708 -0.188519 0.954997 0.229001 -0.0836536 -0.075934 -0.0462589 -0.6651 0.6651 -0.6044 0.6044 
1.31348 -0.0121216 -0.230911 0.972899 -0.982876 0.181664 0.0308709 -0.18387 -0.955865 -0.229159 0.0812397 -0.0834186 0.00924216 -0.4748 0.4748 -0.8026 0.8026 
1.2991 0.0379658 -0.255401 0.96609 0.183298 0.952163 0.244515 -0.982324 0.167799 0.082964 0.110879 0.0366282 -0.0634978 1.1194 -1.1194 0.4068 -0.4068 
1.29062 -0.0375401 -0.279175 0.959506 -0.183306 -0.941967 -0.281243 0.982339 -0.186441 -0.015813 0.104531 -0.0173613 0.0889983 0.2157 -0.2157 -0.3128 0.3128 
1.28986 0.0379658 -0.255401 0.96609 0.183298 0.952163 0.244515 -0.982324 0.167799 0.082964 0.111331 0.0159826 -0.0877521 0.3146 -0.3146 -0.2162 0.2162 
1.28787 -0.0121216 -0.230911 0.972899 -0.982876 0.181664 0.0308709 -0.18387 -0.955865 -0.229159 -0.0158602 -0.0624997 -0.0410409 0.677 -0.677 0.5876 -0.5876 
1.25518 0.0125473 -0.303664 0.952697 0.982868 -0.171468 -0.0675987 0.183884 0.937223 0.29631 -0.0384274 0.114821 -0.00845767 -0.5989 0.5989 -0.6462 0.6462 
1.1239 0.0379658 -0.255401 0.96609 0.183298 0.952163 0.244515 -0.982324 0.167799 0.082964 0.111028 -0.00837547 -0.0923685 -0.2863 0.2863 -0.9314 0.9314 
1.12176 0.0125473 -0.303664 0.952697 0.982868 -0.171468 -0.0675987 0.183884 0.937223 0.29631 -0.014529 0.114658 0.0176819 0.0329 -0.0329 -0.0319 0.0319 
1.10125 -0.012369 0.230854 -0.97291 -0.981992 -0.186244 -0.031708 -0.188519 0.954997 0.229001 -0.0357342 -0.0664347 0.00788216 0.703 -0.703 0.5858 -0.5858 
1.08076 0.0125473 -0.303664 0.952697 0.982868 -0.171468 -0.0675987 0.183884 0.937223 0.29631 -0.0403009 0.105616 0.0402316 0.659 -0.659 0.6144 -0.6144 
1.07766 0.0125473 -0.303664 0.952697 0.982868 -0.171468 -0.0675987 0.183884 0.937223 0.29631 -0.039303 0.115131 0.0168179 0.0399 -0.0399 -0.0287 0.0287 
1.07672 -0.012369 0.230854 -0.97291 -0.981992 -0.186244 -0.031708 -0.188519 0.954997 0.229001 -0.0338607 -0.0572303 -0.0408071 -0.5816 0.5816 -0.6978 0.6978 
1.05373 0.0119433 0.303721 -0.952686 0.982 0.176048 0.0684358 0.188504 -0.936355 -0.296152 -0.032596 0.11499 0.0171191 0.0382 -0.0382 -0.0304 0.0304 
1.02319 -0.0121216 -0.230911 0.972899 -0.982876 0.181664 0.0308709 -0.18387 -0.955865 -0.229159 -0.0177337 -0.0717041 0.00764835 -0.5873 0.5873 -0.6842 0.6842 
1.01353 -0.0121216 -0.230911 0.972899 -0.982876 0.181664 0.0308709 -0.18387 -0.955865 -0.229159 -0.0424464 -0.0663194 0.00771538 -0.5791 0.5791 -0.6952 0.6952 
0.973935 -0.0121216 -0.230911 0.972899 -0.982876 0.181664 0.0308709 -0.18387 -0.955865 -0.229159 -0.0405729 -0.057115 -0.0409739 0.7056 -0.7056 0.5884 -0.5884 
0.947322 -0.0375401 -0.279175 0.959506 -0.183306 -0.941967 -0.281243 0.982339 -0.186441 -0.015813 0.105591 0.0107092 0.0739768 -0.4076 0.4076 -1.121 1.121 
0.824434 -0.012369 0.230854 -0.97291 -0.981992 -0.186244 -0.031708 -0.188519 0.954997 0.229001 0.0898254 -0.0743295 -0.0392803 -0.4741 0.4741 -0.8018 0.8018 
0.775578 -0.012369 0.230854 -0.97291 -0.981992 -0.186244 -0.031708 -0.188519 0.954997 0.229001 -0.0605082 -0.0659622 0.00701822 0.6786 -0.6786 0.5981 -0.5981 
0.769879 -0.012369 0.230854 -0.97291 -0.981992 -0.186244 -0.031708 -0.188519 0.954997 0.229001 -0.0586347 -0.0567578 -0.041671 -0.5993 0.5993 -0.6844 0.6844 
0.752642 -0.0121216 -0.230911 0.972899 -0.982876 0.181664 0.0308709 -0.18387 -0.955865 -0.229159 0.0831132 -0.0742142 -0.0394471 0.8128 -0.8128 0.4828 -0.4828 
0.74247 0.0119433 0.303721 -0.952686 0.982 0.176048 0.0684358 0.188504 -0.936355 -0.296152 -0.0584291 0.101036 0.0387379 -0.5909 0.5909 -0.664 0.664 
0.73463 0.0375979 0.255577 -0.966057 0.187943 -0.951297 -0.244357 -0.98146 -0.172377 -0.0838006 0.0929641 -0.00796368 -0.0929857 0.9966 -0.9966 0.2889 -0.2889 
0.716287 0.0119433 0.303721 -0.952686 0.982 0.176048 0.0684358 0.188504 -0.936355 -0.296152 -0.0566168 0.105328 -0.0108824 0.6914 -0.6914 0.5693 -0.5693 
0.681297 0.0375979 0.255577 -0.966057 0.187943 -0.951297 -0.244357 -0.98146 -0.172377 -0.0838006 0.0930788 0.0154663 -0.0834598 0.2594 -0.2594 -0.3118 0.3118 
0.669642 -0.0380236 0.278999 -0.959538 -0.187935 0.941101 0.281085 0.981445 0.191019 0.0166496 0.0875255 0.0109865 0.0733341 1.122 -1.122 0.3761 -0.3761 
0.65255 -0.0375401 -0.279175 0.959506 -0.183306 -0.941967 -0.281243 0.982339 -0.186441 -0.015813 0.0794539 -0.0412468 0.0835179 1.0026 -1.0026 0.2931 -0.2931 
0.645428 0.0119433 0.303721 -0.952686 0.982 0.176048 0.0684358 0.188504 -0.936355 -0.296152 -0.0574311 0.11055 0.0153242 0.0447 -0.0447 -0.0429 0.0429 
0.638042 -0.0380236 0.278999 -0.959538 -0.187935 0.941101 0.281085 0.981445 0.191019 0.0166496 0.0862773 -0.0180121 0.0932651 0.3156 -0.3156 -0.2457 0.2457 
0.636614 -0.012369 0.230854 -0.97291 -0.981992 -0.186244 -0.031708 -0.188519 0.954997 0.229001 -0.0596327 -0.0662721 -0.0182574 0.0149 -0.0149 -0.0164 0.0164 
0.611841 -0.012369 0.230854 -0.97291 -0.981992 -0.186244 -0.031708 -0.188519 0.954997 0.229001 0.0879519 -0.0835339 0.00940894 0.8136 -0.8136 0.4833 -0.4833 
0.588844 0.0379658 -0.255401 0.96609 0.183298 0.952163 0.244515 -0.982324 0.167799 0.082964 0.0861052 0.0371008 -0.0643617 1.1308 -1.1308 0.3586 -0.3586 
0.55255 -0.012369 0.230854 -0.97291 -0.981992 -0.186244 -0.031708 -0.188519 0.954997 0.229001 0.0889499 -0.0740195 -0.0140047 0.1346 -0.1346 -0.1269 0.1269 
0.498067 0.0119433 0.303721 -0.952686 0.982 0.176048 0.0684358 0.188504 -0.936355 -0.296152 0.0912126 0.107715 0.0205078 0.1356 -0.1356 -0.1254 0.1254 
0.489046 0.0125473 -0.303664 0.952697 0.982868 -0.171468 -0.0675987 0.183884 0.937223 0.29631 -0.0640769 0.115603 0.015954 0.0151 -0.0151 -0.0009 0.0009 
0.482813 -0.0121216 -0.230911 0.972899 -0.982876 0.181664 0.0308709 -0.18387 -0.955865 -0.229159 0.0822377 -0.0739042 -0.0141715 0.1339 -0.1339 -0.1276 0.1276 
0.449698 -0.0121216 -0.230911 0.972899 -0.982876 0.181664 0.0308709 -0.18387 -0.955865 -0.229159 -0.0654693 -0.0664668 -0.0436998 0.6898 -0.6898 0.5938 -0.5938 
0.449014 0.0125473 -0.303664 0.952697 0.982868 -0.171468 -0.0675987 0.183884 0.937223 0.29631 0.0833852 0.0885171 0.0417584 0.8126 -0.8126 0.4826 -0.4826 
0.447306 0.0125473 -0.303664 0.952697 0.982868 -0.171468 -0.0675987 0.183884 0.937223 0.29631 0.084322 0.0931193 0.0174137 0.1349 -0.1349 -0.1279 0.1279 
0.444403 0.0119433 0.303721 -0.952686 0.982 0.176048 0.0684358 0.188504 -0.936355 -0.296152 0.0900922 0.0883764 0.0420596 -0.4743 0.4743 -0.8018 0.8018 
0.444361 0.0119433 0.303721 -0.952686 0.982 0.176048 0.0684358 0.188504 -0.936355 -0.296152 0.0919045 0.0926686 -0.00756069 0.8132 -0.8132 0.4831 -0.4831 
0.443785 0.0125473 -0.303664 0.952697 0.982868 -0.171468 -0.0675987 0.183884 0.937223 0.29631 0.0851975 0.0928093 -0.00786187 -0.4753 0.4753 -0.8032 0.8032 
0.401893 0.0125473 -0.303664 0.952697 0.982868 -0.171468 -0.0675987 0.183884 0.937223 0.29631 -0.0632626 0.110381 -0.0102526 -0.5986 0.5986 -0.6446 0.6446 
0.400105 0.0125473 -0.303664 0.952697 0.982868 -0.171468 -0.0675987 0.183884 0.937223 0.29631 -0.0651361 0.101177 0.0384367 0.6606 -0.6606 0.6158 -0.6158 
0.390401 -0.0380236 0.278999 -0.959538 -0.187935 0.941101 0.281085 0.981445 0.191019 0.0166496 0.0615034 -0.0175396 0.0924011 0.1806 -0.1806 -0.2816 0.2816 
0.389068 0.0379658 -0.255401 0.96609 0.183298 0.952163 0.244515 -0.982324 0.167799 0.082964 0.0867462 0.0173832 -0.0935255 0.32 -0.32 -0.2641 0.2641 
0.3809 -0.0380236 0.278999 -0.959538 -0.187935 0.941101 0.281085 0.981445 0.191019 0.0166496 0.0859737 -0.0423702 0.0886486 -0.2851 0.2851 -0.953 0.953 
0.353754 0.0375979 0.255577 -0.966057 0.187943 -0.951297 -0.244357 -0.98146 -0.172377 -0.0838006 0.0928157 0.03704 -0.064115 -0.3644 0.3644 -1.1192 1.1192 
0.331154 -0.0121216 -0.230911 0.972899 -0.982876 0.181664 0.0308709 -0.18387 -0.955865 -0.229159 -0.0664673 -0.0759812 -0.0202861 0.0444 -0.0444 -0.0314 0.0314 
0.330537 -0.0375401 -0.279175 0.959506 -0.183306 -0.941967 -0.281243 0.982339 -0.186441 -0.015813 0.0799464 -0.0159607 0.0832249 0.2637 -0.2637 -0.3076 0.3076 
0.328952 0.0375979 0.255577 -0.966057 0.187943 -0.951297 -0.244357 -0.98146 -0.172377 -0.0838006 -0.0556392 0.0408033 -0.0742081 -0.3436 0.3436 -0.1664 0.1664 
0.319093 -0.0121216 -0.230911 0.972899 -0.982876 0.181664 0.0308709 -0.18387 -0.955865 -0.229159 -0.0672204 -0.0658469 0.00685144 -0.6046 0.6046 -0.6562 0.6562 
0.288502 0.0375979 0.255577 -0.966057 0.187943 -0.951297 -0.244357 -0.98146 -0.172377 -0.0838006 0.0680012 -0.00841926 -0.0889402 1.073 -1.073 0.4259 -0.4259 
0.228573 -0.0121216 -0.230911 0.972899 -0.982876 0.181664 0.0308709 -0.18387 -0.955865 -0.229159 0.0575862 -0.0636073 -0.0131735 0.0427 -0.0427 -0.0299 0.0299 
0.186816 -0.0380236 0.278999 -0.959538 -0.187935 0.941101 0.281085 0.981445 0.191019 0.0166496 0.0615776 -0.0400414 0.0779658 -0.4251 0.4251 -1.0498 1.0498 
0.129284 0.0375979 0.255577 -0.966057 0.187943 -0.951297 -0.244357 -0.98146 -0.172377 -0.0838006 -0.105039 -0.00325537 -0.104807 0.4142 -0.4142 0.4216 -0.4216 
0.08943 -0.0380236 0.278999 -0.959538 -0.187935 0.941101 0.281085 0.981445 0.191019 0.0166496 -0.111537 -0.0123757 0.0765346 0.185 -0.185 0.1918 -0.1918 
0.0757443 0.0375979 0.255577 -0.966057 0.187943 -0.951297 -0.244357 -0.98146 -0.172377 -0.0838006 -0.104546 0.0220308 -0.1051 -0.1903 0.1903 -0.1834 0.1834 
0.0713168 -0.0375401 -0.279175 0.959506 -0.183306 -0.941967 -0.281243 0.982339 -0.186441 -0.015813 0.0808167 0.0111817 0.0731129 -0.3593 0.3593 -1.1098 1.1098 
0.0666914 0.0375979 0.255577 -0.966057 0.187943 -0.951297 -0.244357 -0.98146 -0.172377 -0.0838006 -0.0557539 0.0173733 -0.083734 0.2634 -0.2634 0.4416 -0.4416 
0.0603851 0.0379658 -0.255401 0.96609 0.183298 0.952163 0.244515 -0.982324 0.167799 0.082964 0.0860648 -0.00883105 -0.088323 -0.2808 0.2808 -1.0204 1.0204 
0.0441199 -0.0380236 0.278999 -0.959538 -0.187935 0.941101 0.281085 0.981445 0.191019 0.0166496 -0.0629332 -0.0179613 0.10281 -0.4403 0.4403 -0.2482 0.2482 
0.0361965 -0.0380236 0.278999 -0.959538 -0.187935 0.941101 0.281085 0.981445 0.191019 0.0166496 -0.112218 -0.03859 0.0817371 -0.4198 0.4198 -0.4126 0.4126 
0.0218604 0.0119433 0.303721 -0.952686 0.982 0.176048 0.0684358 0.188504 -0.936355 -0.296152 0.0660101 0.0738024 0.0131271 -0.1153 0.1153 0.1106 -0.1106 
