0.13236 0.00464771 -0.233036 0.972457 -0.99919 -0.0399591 -0.0048002 0.0399772 -0.971647 -0.233033 -0.0110944 -0.0996371 0.0029643 0.2784 -0.2784 -0.2656 0.2656 
0.131991 0.00438987 0.233057 -0.972453 -0.999369 0.0353006 0.00394874 0.0352485 0.971822 0.233065 0.000821703 -0.0995699 0.00331775 0.276 -0.276 -0.2684 0.2684 
0.131947 0.00464771 -0.233036 0.972457 -0.99919 -0.0399591 -0.0048002 0.0399772 -0.971647 -0.233033 0.00889271 -0.0995201 0.00367193 0.2772 -0.2772 -0.2684 0.2684 
0.131831 -0.00422196 -0.301617 0.95342 0.999192 0.0368289 0.0160756 -0.0399621 0.952718 0.301218 -0.00191179 0.0802861 -0.00352043 0.274 -0.274 -0.2672 0.2672 
0.131749 -0.00481563 0.301596 -0.953424 0.999366 -0.0321704 -0.0152241 -0.0352635 -0.952893 -0.30125 0.00999947 0.0803585 -0.00303028 0.2756 -0.2756 -0.2652 0.2652 
0.131717 0.00438987 0.233057 -0.972453 -0.999369 0.0353006 0.00394874 0.0352485 0.971822 0.233065 -0.00917186 -0.0996284 0.00296393 0.2752 -0.2752 -0.2696 0.2696 
0.131588 -0.00422196 -0.301617 0.95342 0.999192 0.0368289 0.0160756 -0.0399621 0.952718 0.301218 -0.0119054 0.0802276 -0.00387424 0.2728 -0.2728 -0.2672 0.2672 
0.131466 -0.00481563 0.301596 -0.953424 0.999366 -0.0321704 -0.0152241 -0.0352635 -0.952893 -0.30125 5.89851e-006 0.0803 -0.0033841 0.2756 -0.2756 -0.2656 0.2656 
0.131282 0.00438987 0.233057 -0.972453 -0.999369 0.0353006 0.00394874 0.0352485 0.971822 0.233065 0.0108153 -0.0995114 0.00367156 0.2772 -0.2772 -0.2676 0.2676 
0.131238 0.00464771 -0.233036 0.972457 -0.99919 -0.0399591 -0.0048002 0.0399772 -0.971647 -0.233033 0.0188863 -0.0994616 0.00402575 0.274 -0.274 -0.2668 0.2668 
0.131087 -0.00481563 0.301596 -0.953424 0.999366 -0.0321704 -0.0152241 -0.0352635 -0.952893 -0.30125 -0.00998767 0.0802414 -0.00373791 0.2768 -0.2768 -0.2644 0.2644 
0.131045 0.0357997 -0.271598 0.961745 -0.0397858 0.961211 0.272928 -0.998567 -0.0480345 0.0236054 -0.0186924 -0.00279885 -0.0810751 0.3988 -0.3988 -0.3984 0.3984 
0.131031 -0.00481563 0.301596 -0.953424 0.999366 -0.0321704 -0.0152241 -0.0352635 -0.952893 -0.30125 -0.0199812 0.0801829 -0.00409173 0.2752 -0.2752 -0.2612 0.2612 
0.130992 -0.00422196 -0.301617 0.95342 0.999192 0.0368289 0.0160756 -0.0399621 0.952718 0.301218 0.00808178 0.0803447 -0.00316661 0.2744 -0.2744 -0.2668 0.2668 
0.130838 -0.00422196 -0.301617 0.95342 0.999192 0.0368289 0.0160756 -0.0399621 0.952718 0.301218 0.0180753 0.0804032 -0.0028128 0.2728 -0.2728 -0.264 0.264 
0.130714 -0.0357784 0.26289 -0.964162 0.0350692 0.964516 0.261685 0.998744 -0.0244498 -0.0437282 0.00680477 0.00412498 0.0998106 0.3964 -0.3964 -0.3996 0.3996 
0.130679 0.00464771 -0.233036 0.972457 -0.99919 -0.0399591 -0.0048002 0.0399772 -0.971647 -0.233033 -0.00110085 -0.0995786 0.00331812 0.2776 -0.2776 -0.2664 0.2664 
0.130654 0.0357997 -0.271598 0.961745 -0.0397858 0.961211 0.272928 -0.998567 -0.0480345 0.0236054 -0.00869888 -0.00274034 -0.0807213 0.3996 -0.3996 -0.3992 0.3992 
0.130592 0.00438987 0.233057 -0.972453 -0.999369 0.0353006 0.00394874 0.0352485 0.971822 0.233065 0.0208088 -0.0994529 0.00402538 0.2756 -0.2756 -0.2644 0.2644 
0.130478 0.0357997 -0.271598 0.961745 -0.0397858 0.961211 0.272928 -0.998567 -0.0480345 0.0236054 0.0312754 -0.0025063 -0.0793061 0.3916 -0.3916 -0.398 0.398 
0.130457 0.00438987 0.233057 -0.972453 -0.999369 0.0353006 0.00394874 0.0352485 0.971822 0.233065 -0.029159 -0.0997454 0.0022563 0.2648 -0.2648 -0.264 0.264 
0.130388 -0.00481563 0.301596 -0.953424 0.999366 -0.0321704 -0.0152241 -0.0352635 -0.952893 -0.30125 0.019993 0.080417 -0.00267646 0.2716 -0.2716 -0.2628 0.2628 
0.130276 -0.0357784 0.26289 -0.964162 0.0350692 0.964516 0.261685 0.998744 -0.0244498 -0.0437282 0.0167983 0.00418349 0.100164 0.3944 -0.3944 -0.398 0.398 
0.130144 -0.0357784 0.26289 -0.964162 0.0350692 0.964516 0.261685 0.998744 -0.0244498 -0.0437282 -0.0331695 0.00389094 0.0983954 0.396 -0.396 -0.3968 0.3968 
0.129978 0.00438987 0.233057 -0.972453 -0.999369 0.0353006 0.00394874 0.0352485 0.971822 0.233065 0.0308024 -0.0993944 0.0043792 0.2688 -0.2688 -0.2556 0.2556 
0.129837 0.00464771 -0.233036 0.972457 -0.99919 -0.0399591 -0.0048002 0.0399772 -0.971647 -0.233033 0.0288798 -0.099403 0.00437956 0.2668 -0.2668 -0.2616 0.2616 
0.129772 0.0357997 -0.271598 0.961745 -0.0397858 0.961211 0.272928 -0.998567 -0.0480345 0.0236054 -0.028686 -0.00285736 -0.081429 0.3968 -0.3968 -0.3968 0.3968 
0.129743 0.00464771 -0.233036 0.972457 -0.99919 -0.0399591 -0.0048002 0.0399772 -0.971647 -0.233033 -0.021088 -0.0996956 0.00261048 0.2768 -0.2768 -0.262 0.262 
0.129689 -0.00422196 -0.301617 0.95342 0.999192 0.0368289 0.0160756 -0.0399621 0.952718 0.301218 -0.0218989 0.0801691 -0.00422806 0.2692 -0.2692 -0.2656 0.2656 
0.129641 -0.00422196 -0.301617 0.95342 0.999192 0.0368289 0.0160756 -0.0399621 0.952718 0.301218 0.0280689 0.0804617 -0.00245898 0.2672 -0.2672 -0.256 0.256 
0.129557 -0.0357784 0.26289 -0.964162 0.0350692 0.964516 0.261685 0.998744 -0.0244498 -0.0437282 0.0275034 0.00349342 0.0805449 0.3948 -0.3948 -0.3992 0.3992 
0.129494 -0.00481563 0.301596 -0.953424 0.999366 -0.0321704 -0.0152241 -0.0352635 -0.952893 -0.30125 -0.0299748 0.0801244 -0.00444555 0.2708 -0.2708 -0.254 0.254 
0.1293 0.00464771 -0.233036 0.972457 -0.99919 -0.0399591 -0.0048002 0.0399772 -0.971647 -0.233033 -0.0310816 -0.0997541 0.00225667 0.2716 -0.2716 -0.2532 0.2532 
0.129016 0.0357997 -0.271598 0.961745 -0.0397858 0.961211 0.272928 -0.998567 -0.0480345 0.0236054 0.051974 -0.00313786 -0.0985717 0.3844 -0.3844 -0.3932 0.3932 
0.128716 0.00438987 0.233057 -0.972453 -0.999369 0.0353006 0.00394874 0.0352485 0.971822 0.233065 -0.0192106 -0.0896941 0.00223399 0.2644 -0.2644 -0.258 0.258 
0.128393 -0.0357784 0.26289 -0.964162 0.0350692 0.964516 0.261685 0.998744 -0.0244498 -0.0437282 0.0474906 0.00361044 0.0812526 0.3848 -0.3848 -0.3936 0.3936 
0.127667 0.0357997 -0.271598 0.961745 -0.0397858 0.961211 0.272928 -0.998567 -0.0480345 0.0236054 0.041269 -0.00244779 -0.0789522 0.3868 -0.3868 -0.3968 0.3968 
0.127273 -0.0357784 0.26289 -0.964162 0.0350692 0.964516 0.261685 0.998744 -0.0244498 -0.0437282 -0.0231759 0.00394945 0.0987492 0.3972 -0.3972 -0.3984 0.3984 
0.127222 -0.00481563 0.301596 -0.953424 0.999366 -0.0321704 -0.0152241 -0.0352635 -0.952893 -0.30125 0.0299866 0.0804755 -0.00232265 0.2624 -0.2624 -0.2568 0.2568 
0.127155 -0.00422196 -0.301617 0.95342 0.999192 0.0368289 0.0160756 -0.0399621 0.952718 0.301218 -0.0318925 0.0801106 -0.00458188 0.2604 -0.2604 -0.2608 0.2608 
0.126492 -0.035374 -0.263055 0.964132 0.0397883 -0.964342 -0.261653 0.998582 0.0291054 0.0445791 0.0559195 0.00335181 0.0715492 0.3472 -0.3472 -0.296 0.296 
0.126226 -0.0357784 0.26289 -0.964162 0.0350692 0.964516 0.261685 0.998744 -0.0244498 -0.0437282 0.0578399 0.00329466 0.0716197 0.306 -0.306 -0.334 0.334 
0.125782 0.0357997 -0.271598 0.961745 -0.0397858 0.961211 0.272928 -0.998567 -0.0480345 0.0236054 -0.0386796 -0.00291587 -0.0817828 0.3928 -0.3928 -0.396 0.396 
0.125741 0.00438987 0.233057 -0.972453 -0.999369 0.0353006 0.00394874 0.0352485 0.971822 0.233065 -0.0391526 -0.0998039 0.00190248 0.2508 -0.2508 -0.2512 0.2512 
0.125737 -0.0357784 0.26289 -0.964162 0.0350692 0.964516 0.261685 0.998744 -0.0244498 -0.0437282 0.037497 0.00355193 0.0808988 0.3916 -0.3916 -0.398 0.398 
0.12566 -0.0357784 0.26289 -0.964162 0.0350692 0.964516 0.261685 0.998744 -0.0244498 -0.0437282 -0.0620829 0.00259255 0.0673739 0.306 -0.306 -0.3352 0.3352 
0.125072 0.0357997 -0.271598 0.961745 -0.0397858 0.961211 0.272928 -0.998567 -0.0480345 0.0236054 0.0609003 -0.00195649 -0.068258 0.306 -0.306 -0.3392 0.3392 
0.124718 0.0353526 0.271764 -0.961714 -0.0350717 -0.961386 -0.27296 -0.998759 0.0433788 -0.0244563 0.0628201 -0.00187685 -0.0681925 0.3384 -0.3384 -0.2936 0.2936 
0.124121 -0.0357784 0.26289 -0.964162 0.0350692 0.964516 0.261685 0.998744 -0.0244498 -0.0437282 -0.0131824 0.00400796 0.099103 0.3984 -0.3984 -0.3996 0.3996 
0.124063 0.00438987 0.233057 -0.972453 -0.999369 0.0353006 0.00394874 0.0352485 0.971822 0.233065 0.040796 -0.0993359 0.00473301 0.254 -0.254 -0.2404 0.2404 
0.12398 -0.00422196 -0.301617 0.95342 0.999192 0.0368289 0.0160756 -0.0399621 0.952718 0.301218 -0.0419312 0.0900449 -0.00531182 0.2452 -0.2452 -0.242 0.242 
0.123772 0.0357997 -0.271598 0.961745 -0.0397858 0.961211 0.272928 -0.998567 -0.0480345 0.0236054 -0.058311 -0.00340717 -0.0924771 0.3752 -0.3752 -0.3956 0.3956 
0.123315 0.00464771 -0.233036 0.972457 -0.99919 -0.0399591 -0.0048002 0.0399772 -0.971647 -0.233033 -0.0410751 -0.0998126 0.00190285 0.256 -0.256 -0.2384 0.2384 
0.123309 -0.00481563 0.301596 -0.953424 0.999366 -0.0321704 -0.0152241 -0.0352635 -0.952893 -0.30125 0.039935 0.0905268 -0.00234496 0.248 -0.248 -0.2408 0.2408 
0.122834 -0.00422196 -0.301617 0.95342 0.999192 0.0368289 0.0160756 -0.0399621 0.952718 0.301218 0.0380173 0.090513 -0.00248129 0.2532 -0.2532 -0.2424 0.2424 
0.122675 0.00464771 -0.233036 0.972457 -0.99919 -0.0399591 -0.0048002 0.0399772 -0.971647 -0.233033 0.0388734 -0.0993445 0.00473338 0.254 -0.254 -0.2492 0.2492 
0.12202 -0.035374 -0.263055 0.964132 0.0397883 -0.964342 -0.261653 0.998582 0.0291054 0.0445791 -0.0640033 0.0026497 0.0673034 0.3388 -0.3388 -0.2928 0.2928 
0.121746 0.0353526 0.271764 -0.961714 -0.0350717 -0.961386 -0.27296 -0.998759 0.0433788 -0.0244563 0.0728137 -0.00181835 -0.0678387 0.3076 -0.3076 -0.266 0.266 
0.121477 -0.00481563 0.301596 -0.953424 0.999366 -0.0321704 -0.0152241 -0.0352635 -0.952893 -0.30125 -0.0400136 0.0900587 -0.00517549 0.2544 -0.2544 -0.24 0.24 
0.121051 -0.0357784 0.26289 -0.964162 0.0350692 0.964516 0.261685 0.998744 -0.0244498 -0.0437282 -0.0720765 0.00253404 0.0670201 0.2792 -0.2792 -0.3112 0.3112 
0.120871 -0.0357784 0.26289 -0.964162 0.0350692 0.964516 0.261685 0.998744 -0.0244498 -0.0437282 -0.0431631 0.00383244 0.0980415 0.3924 -0.3924 -0.3956 0.3956 
0.120679 -0.035374 -0.263055 0.964132 0.0397883 -0.964342 -0.261653 0.998582 0.0291054 0.0445791 -0.0739969 0.00259119 0.0669496 0.306 -0.306 -0.2652 0.2652 
0.120399 0.0357997 -0.271598 0.961745 -0.0397858 0.961211 0.272928 -0.998567 -0.0480345 0.0236054 -0.069016 -0.00271711 -0.0728576 0.2752 -0.2752 -0.3044 0.3044 
0.11955 0.0357997 -0.271598 0.961745 -0.0397858 0.961211 0.272928 -0.998567 -0.0480345 0.0236054 -0.0479616 -0.00372295 -0.10211 0.3748 -0.3748 -0.3996 0.3996 
0.119528 0.00464771 -0.233036 0.972457 -0.99919 -0.0399591 -0.0048002 0.0399772 -0.971647 -0.233033 0.0488218 -0.0892932 0.00471107 0.2224 -0.2224 -0.2168 0.2168 
0.119356 -0.00422196 -0.301617 0.95342 0.999192 0.0368289 0.0160756 -0.0399621 0.952718 0.301218 -0.0519248 0.0899864 -0.00566564 0.2228 -0.2228 -0.218 0.218 
0.119304 -0.00481563 0.301596 -0.953424 0.999366 -0.0321704 -0.0152241 -0.0352635 -0.952893 -0.30125 0.0499285 0.0905853 -0.00199115 0.2228 -0.2228 -0.2156 0.2156 
0.119088 -0.00481563 0.301596 -0.953424 0.999366 -0.0321704 -0.0152241 -0.0352635 -0.952893 -0.30125 -0.0500071 0.0900002 -0.00552931 0.2324 -0.2324 -0.2188 0.2188 
0.119064 0.00438987 0.233057 -0.972453 -0.999369 0.0353006 0.00394874 0.0352485 0.971822 0.233065 -0.0491913 -0.0898696 0.00117254 0.2196 -0.2196 -0.2188 0.2188 
0.118917 -0.0357784 0.26289 -0.964162 0.0350692 0.964516 0.261685 0.998744 -0.0244498 -0.0437282 -0.0531566 0.00377393 0.0976877 0.386 -0.386 -0.3948 0.3948 
0.118293 0.00438987 0.233057 -0.972453 -0.999369 0.0353006 0.00394874 0.0352485 0.971822 0.233065 0.0507444 -0.0892845 0.0047107 0.2208 -0.2208 -0.2076 0.2076 
0.117544 0.00464771 -0.233036 0.972457 -0.99919 -0.0399591 -0.0048002 0.0399772 -0.971647 -0.233033 -0.0510687 -0.0998711 0.00154904 0.2308 -0.2308 -0.212 0.212 
0.116915 -0.035374 -0.263055 0.964132 0.0397883 -0.964342 -0.261653 0.998582 0.0291054 0.0445791 -0.00475347 0.00374933 0.0893996 0.3996 -0.3996 -0.3936 0.3936 
0.116823 -0.00422196 -0.301617 0.95342 0.999192 0.0368289 0.0160756 -0.0399621 0.952718 0.301218 0.0480109 0.0905715 -0.00212748 0.2304 -0.2304 -0.2192 0.2192 
0.114387 -0.0357784 0.26289 -0.964162 0.0350692 0.964516 0.261685 0.998744 -0.0244498 -0.0437282 0.0678335 0.00335317 0.0719736 0.2724 -0.2724 -0.3016 0.3016 
0.113019 0.0353526 0.271764 -0.961714 -0.0350717 -0.961386 -0.27296 -0.998759 0.0433788 -0.0244563 -0.0760225 -0.00381885 -0.103106 0.2684 -0.2684 -0.238 0.238 
0.110187 -0.00481563 0.301596 -0.953424 0.999366 -0.0321704 -0.0152241 -0.0352635 -0.952893 -0.30125 -0.0702596 0.0702719 0.00450198 -0.1492 0.1492 -0.382 0.382 
0.108796 -0.00481563 0.301596 -0.953424 0.999366 -0.0321704 -0.0152241 -0.0352635 -0.952893 -0.30125 0.0600125 0.0706582 -0.000885071 0.1156 -0.1156 -0.1056 0.1056 
0.108739 -0.00422196 -0.301617 0.95342 0.999192 0.0368289 0.0160756 -0.0399621 0.952718 0.301218 0.0580044 0.09063 -0.00177366 0.1928 -0.1928 -0.1836 0.1836 
0.108647 -0.035374 -0.263055 0.964132 0.0397883 -0.964342 -0.261653 0.998582 0.0291054 0.0445791 0.0755508 0.00384312 0.0822435 0.262 -0.262 -0.24 0.24 
0.108581 0.00438987 0.233057 -0.972453 -0.999369 0.0353006 0.00394874 0.0352485 0.971822 0.233065 0.0707315 -0.0891675 0.00541833 0.1 -0.1 -0.0916 0.0916 
0.108292 0.00438987 0.233057 -0.972453 -0.999369 0.0353006 0.00394874 0.0352485 0.971822 0.233065 -0.0591849 -0.0899281 0.000818721 0.1852 -0.1852 -0.1836 0.1836 
0.10829 0.00464771 -0.233036 0.972457 -0.99919 -0.0399591 -0.0048002 0.0399772 -0.971647 -0.233033 -0.0611074 -0.0899368 0.00081909 0.1828 -0.1828 -0.1672 0.1672 
0.108152 -0.00422196 -0.301617 0.95342 0.999192 0.0368289 0.0160756 -0.0399621 0.952718 0.301218 -0.061828 0.0699423 -0.0052672 0.112 -0.112 -0.108 0.108 
0.107599 0.00464771 -0.233036 0.972457 -0.99919 -0.0399591 -0.0048002 0.0399772 -0.971647 -0.233033 0.0687637 -0.0791834 0.00504257 0.0852 -0.0852 -0.086 0.086 
0.107565 -0.00481563 0.301596 -0.953424 0.999366 -0.0321704 -0.0152241 -0.0352635 -0.952893 -0.30125 -0.0600007 0.0899417 -0.00588312 0.1956 -0.1956 -0.1824 0.1824 
0.106982 0.00464771 -0.233036 0.972457 -0.99919 -0.0399591 -0.0048002 0.0399772 -0.971647 -0.233033 0.0691195 -0.0795577 -0.00494409 0.3392 -0.3392 0.1532 -0.1532 
0.106665 0.00464771 -0.233036 0.972457 -0.99919 -0.0399591 -0.0048002 0.0399772 -0.971647 -0.233033 -0.071502 -0.0796282 0.0100758 -0.1506 0.1506 -0.3136 0.3136 
0.106356 -0.00422196 -0.301617 0.95342 0.999192 0.0368289 0.0160756 -0.0399621 0.952718 0.301218 -0.0723129 0.100237 0.00323726 0.3304 -0.3304 0.1616 -0.1616 
0.10632 -0.00422196 -0.301617 0.95342 0.999192 0.0368289 0.0160756 -0.0399621 0.952718 0.301218 -0.0715562 0.0894951 -0.0163599 -0.1296 0.1296 -0.34 0.34 
0.106064 0.0353526 0.271764 -0.961714 -0.0350717 -0.961386 -0.27296 -0.998759 0.0433788 -0.0244563 -0.0656732 -0.00413463 -0.112739 0.278 -0.278 -0.2408 0.2408 
0.10535 -0.00422196 -0.301617 0.95342 0.999192 0.0368289 0.0160756 -0.0399621 0.952718 0.301218 0.0684441 0.0703286 -0.0106542 -0.1516 0.1516 -0.3956 0.3956 
0.105011 -0.00481563 0.301596 -0.953424 0.999366 -0.0321704 -0.0152241 -0.0352635 -0.952893 -0.30125 -0.0695481 0.0695233 -0.0154713 0.3772 -0.3772 0.1588 -0.1588 
0.104856 -0.00481563 0.301596 -0.953424 0.999366 -0.0321704 -0.0152241 -0.0352635 -0.952893 -0.30125 0.0703618 0.0703424 -0.0105179 0.3892 -0.3892 0.1676 -0.1676 
0.104752 -0.00422196 -0.301617 0.95342 0.999192 0.0368289 0.0160756 -0.0399621 0.952718 0.301218 0.0680884 0.0707029 -0.000667585 0.0872 -0.0872 -0.0824 0.0824 
0.104492 -0.00422196 -0.301617 0.95342 0.999192 0.0368289 0.0160756 -0.0399621 0.952718 0.301218 0.0677326 0.0710772 0.00931907 0.3676 -0.3676 0.1566 -0.1566 
0.104295 -0.00481563 0.301596 -0.953424 0.999366 -0.0321704 -0.0152241 -0.0352635 -0.952893 -0.30125 0.0698705 0.100695 -0.00165964 0.0936 -0.0936 -0.0752 0.0752 
0.103803 0.0353526 0.271764 -0.961714 -0.0350717 -0.961386 -0.27296 -0.998759 0.0433788 -0.0244563 -0.0556796 -0.00407612 -0.112385 0.2812 -0.2812 -0.2488 0.2488 
0.101468 0.00438987 0.233057 -0.972453 -0.999369 0.0353006 0.00394874 0.0352485 0.971822 0.233065 0.0607379 -0.089226 0.00506452 0.1784 -0.1784 -0.1672 0.1672 
0.100595 0.00464771 -0.233036 0.972457 -0.99919 -0.0399591 -0.0048002 0.0399772 -0.971647 -0.233033 -0.0707904 -0.0803768 -0.00989751 0.3368 -0.3368 0.1716 -0.1716 
0.100008 0.00464771 -0.233036 0.972457 -0.99919 -0.0399591 -0.0048002 0.0399772 -0.971647 -0.233033 -0.0711462 -0.0800025 8.91442e-005 0.0888 -0.0888 -0.0664 0.0664 
0.09909 0.00464771 -0.233036 0.972457 -0.99919 -0.0399591 -0.0048002 0.0399772 -0.971647 -0.233033 0.0286145 -0.119014 0.0151185 -0.1162 0.1162 -0.3436 0.3436 
0.0982105 0.00438987 0.233057 -0.972453 -0.999369 0.0353006 0.00394874 0.0352485 0.971822 0.233065 -0.0692236 -0.0799938 8.87751e-005 0.0816 -0.0816 -0.0888 0.0888 
0.0980601 -0.00481563 0.301596 -0.953424 0.999366 -0.0321704 -0.0152241 -0.0352635 -0.952893 -0.30125 -0.0700846 0.109869 -0.0069892 0.0676 -0.0676 -0.0604 0.0604 
0.0980382 0.00464771 -0.233036 0.972457 -0.99919 -0.0399591 -0.0048002 0.0399772 -0.971647 -0.233033 0.0786669 -0.0591392 0.00464413 -0.0436 0.0436 0.0416 -0.0416 
0.098036 0.00464771 -0.233036 0.972457 -0.99919 -0.0399591 -0.0048002 0.0399772 -0.971647 -0.233033 0.068408 -0.0788091 0.0150292 -0.1516 0.1516 -0.3348 0.3348 
0.0968345 -0.00422196 -0.301617 0.95342 0.999192 0.0368289 0.0160756 -0.0399621 0.952718 0.301218 0.0779464 0.10074 -0.00144216 0.0408 -0.0408 -0.0424 0.0424 
0.0967535 -0.00481563 0.301596 -0.953424 0.999366 -0.0321704 -0.0152241 -0.0352635 -0.952893 -0.30125 0.0696503 0.071091 0.0094554 -0.1556 0.1556 -0.3388 0.3388 
0.0963012 -0.00422196 -0.301617 0.95342 0.999192 0.0368289 0.0160756 -0.0399621 0.952718 0.301218 -0.0720023 0.109855 -0.00712553 0.0636 -0.0636 -0.0508 0.0508 
0.0959264 -0.00481563 0.301596 -0.953424 0.999366 -0.0321704 -0.0152241 -0.0352635 -0.952893 -0.30125 -0.0796773 0.0994432 -0.0169535 0.2864 -0.2864 0.2006 -0.2006 
0.0948871 0.00438987 0.233057 -0.972453 -0.999369 0.0353006 0.00394874 0.0352485 0.971822 0.233065 -0.0694438 -0.109598 0.0112038 0.3264 -0.3264 0.1462 -0.1462 
0.094689 -0.035374 -0.263055 0.964132 0.0397883 -0.964342 -0.261653 0.998582 0.0291054 0.0445791 -0.014747 0.00369082 0.0890458 0.3984 -0.3984 -0.398 0.398 
0.0946647 -0.00422196 -0.301617 0.95342 0.999192 0.0368289 0.0160756 -0.0399621 0.952718 0.301218 0.0776358 0.0911213 0.00892063 0.2852 -0.2852 0.1956 -0.1956 
0.0946647 -0.00422196 -0.301617 0.95342 0.999192 0.0368289 0.0160756 -0.0399621 0.952718 0.301218 0.0783473 0.0903728 -0.0110527 -0.1966 0.1966 -0.2876 0.2876 
0.0945711 0.00438987 0.233057 -0.972453 -0.999369 0.0353006 0.00394874 0.0352485 0.971822 0.233065 -0.0790816 -0.110031 0.000863347 0.0388 -0.0388 -0.0456 0.0456 
0.094516 0.00464771 -0.233036 0.972457 -0.99919 -0.0399591 -0.0048002 0.0399772 -0.971647 -0.233033 0.0588154 -0.0892347 0.00506488 0.1872 -0.1872 -0.1804 0.1804 
0.094309 -0.00481563 0.301596 -0.953424 0.999366 -0.0321704 -0.0152241 -0.0352635 -0.952893 -0.30125 -0.0799878 0.0898247 -0.00659076 0.0472 -0.0472 -0.0416 0.0416 
0.0940578 0.00438987 0.233057 -0.972453 -0.999369 0.0353006 0.00394874 0.0352485 0.971822 0.233065 0.0711324 -0.0995346 -0.0041922 -0.1372 0.1372 -0.3368 0.3368 
0.093775 0.0357997 -0.271598 0.961745 -0.0397858 0.961211 0.272928 -0.998567 -0.0480345 0.0236054 0.0819548 -0.00296234 -0.0975103 0.2388 -0.2388 -0.2604 0.2604 
0.0909381 -0.00422196 -0.301617 0.95342 0.999192 0.0368289 0.0160756 -0.0399621 0.952718 0.301218 -0.0616078 0.0995464 -0.0163822 -0.0776 0.0776 -0.3928 0.3928 
0.0902811 0.00438987 0.233057 -0.972453 -0.999369 0.0353006 0.00394874 0.0352485 0.971822 0.233065 -0.0687323 -0.110347 -0.0087695 -0.1532 0.1532 -0.336 0.336 
0.0892272 0.00438987 0.233057 -0.972453 -0.999369 0.0353006 0.00394874 0.0352485 0.971822 0.233065 -0.0788615 -0.0804266 -0.0102517 -0.2022 0.2022 -0.2884 0.2884 
0.0883133 -0.00481563 0.301596 -0.953424 0.999366 -0.0321704 -0.0152241 -0.0352635 -0.952893 -0.30125 -0.0404597 0.110419 0.00405891 -0.0602 0.0602 -0.3932 0.3932 
0.0872213 0.00438987 0.233057 -0.972453 -0.999369 0.0353006 0.00394874 0.0352485 0.971822 0.233065 -0.079573 -0.079678 0.00972162 0.28 -0.28 0.1976 -0.1976 
0.0858914 0.00464771 -0.233036 0.972457 -0.99919 -0.0399591 -0.0048002 0.0399772 -0.971647 -0.233033 0.0791131 -0.0794991 -0.00459027 0.2824 -0.2824 0.2016 -0.2016 
0.0852898 -0.0357784 0.26289 -0.964162 0.0350692 0.964516 0.261685 0.998744 -0.0244498 -0.0437282 -0.0824258 0.00284982 0.076653 0.2352 -0.2352 -0.2716 0.2716 
0.0850836 0.00438987 0.233057 -0.972453 -0.999369 0.0353006 0.00394874 0.0352485 0.971822 0.233065 0.0704661 -0.108779 0.0161572 0.3352 -0.3352 0.1686 -0.1686 
0.0838079 0.00464771 -0.233036 0.972457 -0.99919 -0.0399591 -0.0048002 0.0399772 -0.971647 -0.233033 -0.0615084 -0.0795697 0.0104296 -0.0948 0.0948 -0.3908 0.3908 
0.0832087 -0.00422196 -0.301617 0.95342 0.999192 0.0368289 0.0160756 -0.0399621 0.952718 0.301218 -0.0423774 0.110405 0.00392258 0.3992 -0.3992 0.0726 -0.0726 
0.0804276 -0.00481563 0.301596 -0.953424 0.999366 -0.0321704 -0.0152241 -0.0352635 -0.952893 -0.30125 -0.0497417 0.109612 -0.0162682 0.3836 -0.3836 0.0938 -0.0938 
0.0803219 -0.00481563 0.301596 -0.953424 0.999366 -0.0321704 -0.0152241 -0.0352635 -0.952893 -0.30125 0.0501939 0.110197 -0.0127301 0.3812 -0.3812 0.1018 -0.1018 
0.0796227 -0.00481563 0.301596 -0.953424 0.999366 -0.0321704 -0.0152241 -0.0352635 -0.952893 -0.30125 -0.080434 0.110185 0.00264364 -0.2218 0.2218 -0.2532 0.2532 
0.0777064 0.00464771 -0.233036 0.972457 -0.99919 -0.0399591 -0.0048002 0.0399772 -0.971647 -0.233033 -0.0413405 -0.119424 0.0126418 -0.1156 0.1156 -0.3272 0.3272 
0.0776949 0.00464771 -0.233036 0.972457 -0.99919 -0.0399591 -0.0048002 0.0399772 -0.971647 -0.233033 -0.0213534 -0.119307 0.0133494 -0.1058 0.1058 -0.3388 0.3388 
0.0774546 -0.00422196 -0.301617 0.95342 0.999192 0.0368289 0.0160756 -0.0399621 0.952718 0.301218 -0.0416659 0.109656 -0.0160507 -0.0666 0.0666 -0.39 0.39 
0.0773896 -0.00422196 -0.301617 0.95342 0.999192 0.0368289 0.0160756 -0.0399621 0.952718 0.301218 0.0375712 0.110873 0.00675311 0.398 -0.398 0.0672 -0.0672 
0.0761335 0.00464771 -0.233036 0.972457 -0.99919 -0.0399591 -0.0048002 0.0399772 -0.971647 -0.233033 0.0784467 -0.0887434 0.0157592 -0.1952 0.1952 -0.2876 0.2876 
0.0759162 -0.00481563 0.301596 -0.953424 0.999366 -0.0321704 -0.0152241 -0.0352635 -0.952893 -0.30125 -0.0504533 0.11036 0.00370509 -0.0826 0.0826 -0.372 0.372 
0.0749351 -0.00422196 -0.301617 0.95342 0.999192 0.0368289 0.0160756 -0.0399621 0.952718 0.301218 0.0382827 0.110124 -0.0132202 -0.0646 0.0646 -0.3968 0.3968 
0.074636 -0.00481563 0.301596 -0.953424 0.999366 -0.0321704 -0.0152241 -0.0352635 -0.952893 -0.30125 0.0494824 0.110945 0.00724325 -0.0856 0.0856 -0.3632 0.3632 
0.0741283 -0.00422196 -0.301617 0.95342 0.999192 0.0368289 0.0160756 -0.0399621 0.952718 0.301218 0.0582246 0.120234 -0.0128887 -0.2162 0.2162 -0.266 0.266 
0.0733288 -0.00422196 -0.301617 0.95342 0.999192 0.0368289 0.0160756 -0.0399621 0.952718 0.301218 -0.0516594 0.109598 -0.0164046 -0.0902 0.0902 -0.3676 0.3676 
0.0722494 0.00464771 -0.233036 0.972457 -0.99919 -0.0399591 -0.0048002 0.0399772 -0.971647 -0.233033 0.00862733 -0.119131 0.0144108 -0.1066 0.1066 -0.3448 0.3448 
0.072241 -0.00422196 -0.301617 0.95342 0.999192 0.0368289 0.0160756 -0.0399621 0.952718 0.301218 0.0575583 0.11099 0.00746074 0.344 -0.344 0.1246 -0.1246 
0.0718967 -0.00422196 -0.301617 0.95342 0.999192 0.0368289 0.0160756 -0.0399621 0.952718 0.301218 0.0475195 0.120924 0.00673079 0.2792 -0.2792 0.1926 -0.1926 
0.0710391 0.00438987 0.233057 -0.972453 -0.999369 0.0353006 0.00394874 0.0352485 0.971822 0.233065 0.0112614 -0.119871 -0.00556284 -0.1062 0.1062 -0.3432 0.3432 
0.0710298 -0.00422196 -0.301617 0.95342 0.999192 0.0368289 0.0160756 -0.0399621 0.952718 0.301218 -0.0524161 0.120339 0.00319263 0.2868 -0.2868 0.2052 -0.2052 
0.0705299 -0.00481563 0.301596 -0.953424 0.999366 -0.0321704 -0.0152241 -0.0352635 -0.952893 -0.30125 0.0601875 0.110255 -0.0123762 0.3448 -0.3448 0.1432 -0.1432 
0.0704626 0.00438987 0.233057 -0.972453 -0.999369 0.0353006 0.00394874 0.0352485 0.971822 0.233065 0.0505242 -0.118889 0.0158257 0.3388 -0.3388 0.1522 -0.1522 
0.0700852 0.00438987 0.233057 -0.972453 -0.999369 0.0353006 0.00394874 0.0352485 0.971822 0.233065 0.000556316 -0.119181 0.0140567 0.3532 -0.3532 0.1126 -0.1126 
0.0692407 -0.00481563 0.301596 -0.953424 0.999366 -0.0321704 -0.0152241 -0.0352635 -0.952893 -0.30125 -0.0597805 0.119546 -0.0169982 0.266 -0.266 0.2168 -0.2168 
0.0691316 -0.00422196 -0.301617 0.95342 0.999192 0.0368289 0.0160756 -0.0399621 0.952718 0.301218 0.0482762 0.110183 -0.0128664 -0.0866 0.0866 -0.3776 0.3776 
0.0688514 0.00464771 -0.233036 0.972457 -0.99919 -0.0399591 -0.0048002 0.0399772 -0.971647 -0.233033 0.0186209 -0.119073 0.0147647 -0.1142 0.1142 -0.3436 0.3436 
0.0684489 0.00438987 0.233057 -0.972453 -0.999369 0.0353006 0.00394874 0.0352485 0.971822 0.233065 0.0405306 -0.118947 0.0154719 0.3476 -0.3476 0.1372 -0.1372 
0.0683307 -0.00481563 0.301596 -0.953424 0.999366 -0.0321704 -0.0152241 -0.0352635 -0.952893 -0.30125 -0.060492 0.120294 0.00297515 -0.2116 0.2116 -0.2624 0.2624 
0.0679117 0.00438987 0.233057 -0.972453 -0.999369 0.0353006 0.00394874 0.0352485 0.971822 0.233065 0.0604725 -0.108837 0.0158034 0.382 -0.382 0.1016 -0.1016 
0.065048 0.00464771 -0.233036 0.972457 -0.99919 -0.0399591 -0.0048002 0.0399772 -0.971647 -0.233033 0.0393196 -0.119704 -0.00450102 0.3412 -0.3412 0.1282 -0.1282 
0.064863 0.00464771 -0.233036 0.972457 -0.99919 -0.0399591 -0.0048002 0.0399772 -0.971647 -0.233033 0.05855 -0.108846 0.0158038 -0.0826 0.0826 -0.3844 0.3844 
0.0647701 0.00438987 0.233057 -0.972453 -0.999369 0.0353006 0.00394874 0.0352485 0.971822 0.233065 0.030537 -0.119006 0.0151181 0.3536 -0.3536 0.1272 -0.1272 
0.0626778 0.00438987 0.233057 -0.972453 -0.999369 0.0353006 0.00394874 0.0352485 0.971822 0.233065 0.0611841 -0.109586 -0.00416988 -0.0826 0.0826 -0.364 0.364 
0.0623138 -0.035374 -0.263055 0.964132 0.0397883 -0.964342 -0.261653 0.998582 0.0291054 0.0445791 0.06449 0.00490747 0.11185 0.2732 -0.2732 -0.24 0.24 
0.0622242 0.00464771 -0.233036 0.972457 -0.99919 -0.0399591 -0.0048002 0.0399772 -0.971647 -0.233033 0.0592615 -0.109595 -0.00416952 0.3824 -0.3824 0.0822 -0.0822 
0.0619562 -0.00422196 -0.301617 0.95342 0.999192 0.0368289 0.0160756 -0.0399621 0.952718 0.301218 -0.0623645 0.110288 0.00321495 0.3412 -0.3412 0.1388 -0.1388 
0.0613858 0.0357997 -0.271598 0.961745 -0.0397858 0.961211 0.272928 -0.998567 -0.0480345 0.0236054 0.0723169 -0.00339513 -0.107851 0.25 -0.25 -0.266 0.266 
0.0604793 0.00438987 0.233057 -0.972453 -0.999369 0.0353006 0.00394874 0.0352485 0.971822 0.233065 -0.0587388 -0.110288 -0.00841568 -0.0816 0.0816 -0.3848 0.3848 
0.060357 0.00464771 -0.233036 0.972457 -0.99919 -0.0399591 -0.0048002 0.0399772 -0.971647 -0.233033 -0.0606613 -0.110297 -0.00841531 0.3844 -0.3844 0.1018 -0.1018 
0.0596052 0.00438987 0.233057 -0.972453 -0.999369 0.0353006 0.00394874 0.0352485 0.971822 0.233065 -0.0594503 -0.109539 0.0115576 0.382 -0.382 0.0812 -0.0812 
0.0594206 0.00438987 0.233057 -0.972453 -0.999369 0.0353006 0.00394874 0.0352485 0.971822 0.233065 0.00126784 -0.11993 -0.00591665 -0.1032 0.1032 -0.3452 0.3452 
0.0590768 -0.00481563 0.301596 -0.953424 0.999366 -0.0321704 -0.0152241 -0.0352635 -0.952893 -0.30125 0.0594308 0.120997 0.00722094 -0.2052 0.2052 -0.2488 0.2488 
0.0579439 -0.00481563 0.301596 -0.953424 0.999366 -0.0321704 -0.0152241 -0.0352635 -0.952893 -0.30125 0.0301616 0.120072 -0.0138138 0.324 -0.324 0.1562 -0.1562 
0.0567669 -0.0357784 0.26289 -0.964162 0.0350692 0.964516 0.261685 0.998744 -0.0244498 -0.0437282 -0.00354456 0.00444076 0.109443 0.3304 -0.3304 -0.334 0.334 
0.0561333 0.0357997 -0.271598 0.961745 -0.0397858 0.961211 0.272928 -0.998567 -0.0480345 0.0236054 0.00236197 -0.0038047 -0.110327 0.3252 -0.3252 -0.3304 0.3304 
0.0553741 -0.00481563 0.301596 -0.953424 0.999366 -0.0321704 -0.0152241 -0.0352635 -0.952893 -0.30125 0.0294501 0.120821 0.00615949 -0.1378 0.1378 -0.302 0.302 
0.0547054 0.00438987 0.233057 -0.972453 -0.999369 0.0353006 0.00394874 0.0352485 0.971822 0.233065 -0.0387064 -0.120164 -0.00733192 -0.1282 0.1282 -0.3412 0.3412 
0.0546929 -0.00422196 -0.301617 0.95342 0.999192 0.0368289 0.0160756 -0.0399621 0.952718 0.301218 0.0275324 0.120807 0.00602316 0.3148 -0.3148 0.1442 -0.1442 
0.0546504 -0.035374 -0.263055 0.964132 0.0397883 -0.964342 -0.261653 0.998582 0.0291054 0.0445791 -0.0447277 0.0035153 0.0879843 0.3976 -0.3976 -0.3868 0.3868 
0.0533642 -0.00422196 -0.301617 0.95342 0.999192 0.0368289 0.0160756 -0.0399621 0.952718 0.301218 -0.0024483 0.120632 0.00496171 0.3416 -0.3416 0.1188 -0.1188 
0.0496944 0.0357997 -0.271598 0.961745 -0.0397858 0.961211 0.272928 -0.998567 -0.0480345 0.0236054 0.0212818 -0.00256481 -0.0796599 0.396 -0.396 -0.3992 0.3992 
0.0496744 0.00438987 0.233057 -0.972453 -0.999369 0.0353006 0.00394874 0.0352485 0.971822 0.233065 -0.0487 -0.120222 -0.00768573 -0.1406 0.1406 -0.3332 0.3332 
0.0480133 0.00464771 -0.233036 0.972457 -0.99919 -0.0399591 -0.0048002 0.0399772 -0.971647 -0.233033 -0.0306354 -0.120114 -0.00697773 0.3564 -0.3564 0.1322 -0.1322 
0.0479409 -0.00422196 -0.301617 0.95342 0.999192 0.0368289 0.0160756 -0.0399621 0.952718 0.301218 0.0175388 0.120749 0.00566935 0.3276 -0.3276 0.1318 -0.1318 
0.0468416 -0.00481563 0.301596 -0.953424 0.999366 -0.0321704 -0.0152241 -0.0352635 -0.952893 -0.30125 -0.00981266 0.119838 -0.0152291 0.3388 -0.3388 0.1286 -0.1286 
0.046747 0.00464771 -0.233036 0.972457 -0.99919 -0.0399591 -0.0048002 0.0399772 -0.971647 -0.233033 0.00933885 -0.11988 -0.00556247 0.3536 -0.3536 0.1166 -0.1166 
0.0418783 -0.00481563 0.301596 -0.953424 0.999366 -0.0321704 -0.0152241 -0.0352635 -0.952893 -0.30125 0.0101745 0.119955 -0.0145215 0.3404 -0.3404 0.1346 -0.1346 
0.0416208 -0.00481563 0.301596 -0.953424 0.999366 -0.0321704 -0.0152241 -0.0352635 -0.952893 -0.30125 0.000180909 0.119897 -0.0148753 0.3448 -0.3448 0.1236 -0.1236 
0.0415066 0.00438987 0.233057 -0.972453 -0.999369 0.0353006 0.00394874 0.0352485 0.971822 0.233065 -0.0287129 -0.120105 -0.0069781 -0.1202 0.1202 -0.3468 0.3468 
0.0411104 -0.035374 -0.263055 0.964132 0.0397883 -0.964342 -0.261653 0.998582 0.0291054 0.0445791 -0.0247406 0.00363232 0.088692 0.3972 -0.3972 -0.3964 0.3964 
0.0400697 -0.00481563 0.301596 -0.953424 0.999366 -0.0321704 -0.0152241 -0.0352635 -0.952893 -0.30125 -0.0105242 0.120587 0.00474423 -0.1152 0.1152 -0.3292 0.3292 
0.039912 -0.00422196 -0.301617 0.95342 0.999192 0.0368289 0.0160756 -0.0399621 0.952718 0.301218 -0.032429 0.120456 0.00390026 0.3192 -0.3192 0.1516 -0.1516 
0.0380391 -0.035374 -0.263055 0.964132 0.0397883 -0.964342 -0.261653 0.998582 0.0291054 0.0445791 -0.0554328 0.00420537 0.107604 0.282 -0.282 -0.278 0.278 
0.0361885 0.00464771 -0.233036 0.972457 -0.99919 -0.0399591 -0.0048002 0.0399772 -0.971647 -0.233033 0.038608 -0.118956 0.0154723 -0.1252 0.1252 -0.3388 0.3388 
0.0356628 0.00464771 -0.233036 0.972457 -0.99919 -0.0399591 -0.0048002 0.0399772 -0.971647 -0.233033 -0.040629 -0.120173 -0.00733155 0.3496 -0.3496 0.1406 -0.1406 
0.0355371 -0.00481563 0.301596 -0.953424 0.999366 -0.0321704 -0.0152241 -0.0352635 -0.952893 -0.30125 0.0394888 0.110887 0.00688944 -0.0616 0.0616 -0.3856 0.3856 
0.0352665 0.00438987 0.233057 -0.972453 -0.999369 0.0353006 0.00394874 0.0352485 0.971822 0.233065 -0.0494115 -0.119474 0.0122876 0.3268 -0.3268 0.1332 -0.1332 
0.0310041 0.00438987 0.233057 -0.972453 -0.999369 0.0353006 0.00394874 0.0352485 0.971822 0.233065 0.0412421 -0.119696 -0.00450139 -0.1186 0.1186 -0.3304 0.3304 
0.027499 -0.00422196 -0.301617 0.95342 0.999192 0.0368289 0.0160756 -0.0399621 0.952718 0.301218 0.0282439 0.120059 -0.0139502 -0.1432 0.1432 -0.3176 0.3176 
0.0274016 0.00438987 0.233057 -0.972453 -0.999369 0.0353006 0.00394874 0.0352485 0.971822 0.233065 -0.0893012 -0.0601252 -0.00137112 -0.1576 0.1576 0.1552 -0.1552 
0.0271549 0.00438987 0.233057 -0.972453 -0.999369 0.0353006 0.00394874 0.0352485 0.971822 0.233065 -0.088855 -0.0804851 -0.0106055 -0.2906 0.2906 -0.1916 0.1916 
0.0155016 -0.00422196 -0.301617 0.95342 0.999192 0.0368289 0.0160756 -0.0399621 0.952718 0.301218 0.0182504 0.12 -0.014304 -0.1328 0.1328 -0.3272 0.3272 
0.0139943 -0.00422196 -0.301617 0.95342 0.999192 0.0368289 0.0160756 -0.0399621 0.952718 0.301218 0.00825679 0.119942 -0.0146578 -0.1222 0.1222 -0.3316 0.3316 
