7.79867 6.34136e-07 -0.000796327 1 0.00238898 -0.999998 -0.000796326 0.999997 0.00238898 1.26827e-06 5.70723e-08 0.000215008 0.0899997 0.4976 -0.4976 -0.4984 0.4984 
7.79867 6.34136e-07 -0.000796327 1 -0.00238898 0.999998 0.000796326 -0.999997 -0.00238898 -1.26827e-06 5.70723e-08 -0.000215008 -0.0899997 0.4976 -0.4976 -0.4984 0.4984 
7.79867 -6.34136e-07 0.000796327 -1 0.00238898 -0.999998 -0.000796326 -0.999997 -0.00238898 -1.26827e-06 -5.70723e-08 0.000215008 -0.0899997 0.4976 -0.4976 -0.4984 0.4984 
7.79867 -6.34136e-07 0.000796327 -1 -0.00238898 0.999998 0.000796326 0.999997 0.00238898 1.26827e-06 -5.70723e-08 -0.000215008 0.0899997 0.4976 -0.4976 -0.4984 0.4984 
7.7986 0.999997 0.00238898 1.26827e-06 0.00238898 -0.999998 -0.000796326 -6.34136e-07 0.000796327 -1 0.0899997 0.000215008 -5.70723e-08 0.4976 -0.4976 -0.4984 0.4984 
7.7986 -0.999997 -0.00238898 -1.26827e-06 -0.00238898 0.999998 0.000796326 -6.34136e-07 0.000796327 -1 -0.0899997 -0.000215008 -5.70723e-08 0.4976 -0.4976 -0.4984 0.4984 
7.7986 0.999997 0.00238898 1.26827e-06 -0.00238898 0.999998 0.000796326 6.34136e-07 -0.000796327 1 0.0899997 -0.000215008 5.70723e-08 0.4976 -0.4976 -0.4984 0.4984 
7.7986 -0.999997 -0.00238898 -1.26827e-06 0.00238898 -0.999998 -0.000796326 6.34136e-07 -0.000796327 1 -0.0899997 0.000215008 5.70723e-08 0.4976 -0.4976 -0.4984 0.4984 
6.52882 0.00238898 -0.999998 -0.000796326 0.999997 0.00238898 1.26827e-06 6.34136e-07 -0.000796327 1 0.000215008 0.0899997 5.70723e-08 0.1199 -0.1199 -0.1202 0.1202 
6.52882 -0.00238898 0.999998 0.000796326 -0.999997 -0.00238898 -1.26827e-06 6.34136e-07 -0.000796327 1 -0.000215008 -0.0899997 5.70723e-08 0.1199 -0.1199 -0.1202 0.1202 
6.52882 -0.00238898 0.999998 0.000796326 0.999997 0.00238898 1.26827e-06 -6.34136e-07 0.000796327 -1 -0.000215008 0.0899997 -5.70723e-08 0.1199 -0.1199 -0.1202 0.1202 
6.52882 0.00238898 -0.999998 -0.000796326 -0.999997 -0.00238898 -1.26827e-06 -6.34136e-07 0.000796327 -1 0.000215008 -0.0899997 -5.70723e-08 0.1199 -0.1199 -0.1202 0.1202 
6.52106 -0.00238898 0.999998 0.000796326 6.34136e-07 -0.000796327 1 0.999997 0.00238898 1.26827e-06 -0.000215008 5.70723e-08 0.0899997 0.1199 -0.1199 -0.1202 0.1202 
6.52106 -0.00238898 0.999998 0.000796326 -6.34136e-07 0.000796327 -1 -0.999997 -0.00238898 -1.26827e-06 -0.000215008 -5.70723e-08 -0.0899997 0.1199 -0.1199 -0.1202 0.1202 
6.52106 0.00238898 -0.999998 -0.000796326 -6.34136e-07 0.000796327 -1 0.999997 0.00238898 1.26827e-06 0.000215008 -5.70723e-08 0.0899997 0.1199 -0.1199 -0.1202 0.1202 
6.52106 0.00238898 -0.999998 -0.000796326 6.34136e-07 -0.000796327 1 -0.999997 -0.00238898 -1.26827e-06 0.000215008 5.70723e-08 -0.0899997 0.1199 -0.1199 -0.1202 0.1202 
5.22772 6.34136e-07 -0.000796327 1 -0.999997 -0.00238898 -1.26827e-06 0.00238898 -0.999998 -0.000796326 5.70723e-08 -0.0899997 0.000215008 0.0002 -0.0002 -0.0004 0.0004 
5.22772 -6.34136e-07 0.000796327 -1 0.999997 0.00238898 1.26827e-06 0.00238898 -0.999998 -0.000796326 -5.70723e-08 0.0899997 0.000215008 0.0002 -0.0002 -0.0004 0.0004 
5.22772 6.34136e-07 -0.000796327 1 0.999997 0.00238898 1.26827e-06 -0.00238898 0.999998 0.000796326 5.70723e-08 0.0899997 -0.000215008 0.0002 -0.0002 -0.0004 0.0004 
5.22772 -6.34136e-07 0.000796327 -1 -0.999997 -0.00238898 -1.26827e-06 -0.00238898 0.999998 0.000796326 -5.70723e-08 -0.0899997 -0.000215008 0.0002 -0.0002 -0.0004 0.0004 
5.22217 -0.999997 -0.00238898 -1.26827e-06 -6.34136e-07 0.000796327 -1 0.00238898 -0.999998 -0.000796326 -0.0899997 -5.70723e-08 0.000215008 0.0002 -0.0002 -0.0004 0.0004 
5.22217 0.999997 0.00238898 1.26827e-06 -6.34136e-07 0.000796327 -1 -0.00238898 0.999998 0.000796326 0.0899997 -5.70723e-08 -0.000215008 0.0002 -0.0002 -0.0004 0.0004 
5.22217 -0.999997 -0.00238898 -1.26827e-06 6.34136e-07 -0.000796327 1 -0.00238898 0.999998 0.000796326 -0.0899997 5.70723e-08 -0.000215008 0.0002 -0.0002 -0.0004 0.0004 
5.22217 0.999997 0.00238898 1.26827e-06 6.34136e-07 -0.000796327 1 0.00238898 -0.999998 -0.000796326 0.0899997 5.70723e-08 0.000215008 0.0002 -0.0002 -0.0004 0.0004 
