7.21334 -6.34136e-07 0.000796327 -1 0.00238898 -0.999998 -0.000796326 -0.999997 -0.00238898 -1.26827e-06 -5.70723e-08 0.000215008 -0.0899997 0.2412 -0.2412 -0.2416 0.2416 
7.21334 -6.34136e-07 0.000796327 -1 -0.00238898 0.999998 0.000796326 0.999997 0.00238898 1.26827e-06 -5.70723e-08 -0.000215008 0.0899997 0.2412 -0.2412 -0.2416 0.2416 
7.21334 6.34136e-07 -0.000796327 1 -0.00238898 0.999998 0.000796326 -0.999997 -0.00238898 -1.26827e-06 5.70723e-08 -0.000215008 -0.0899997 0.2412 -0.2412 -0.2416 0.2416 
7.21334 6.34136e-07 -0.000796327 1 0.00238898 -0.999998 -0.000796326 0.999997 0.00238898 1.26827e-06 5.70723e-08 0.000215008 0.0899997 0.2412 -0.2412 -0.2416 0.2416 
7.21303 -0.999997 -0.00238898 -1.26827e-06 0.00238898 -0.999998 -0.000796326 6.34136e-07 -0.000796327 1 -0.0899997 0.000215008 5.70723e-08 0.2412 -0.2412 -0.2416 0.2416 
7.21303 0.999997 0.00238898 1.26827e-06 -0.00238898 0.999998 0.000796326 6.34136e-07 -0.000796327 1 0.0899997 -0.000215008 5.70723e-08 0.2412 -0.2412 -0.2416 0.2416 
7.21303 0.999997 0.00238898 1.26827e-06 0.00238898 -0.999998 -0.000796326 -6.34136e-07 0.000796327 -1 0.0899997 0.000215008 -5.70723e-08 0.2412 -0.2412 -0.2416 0.2416 
7.21303 -0.999997 -0.00238898 -1.26827e-06 -0.00238898 0.999998 0.000796326 -6.34136e-07 0.000796327 -1 -0.0899997 -0.000215008 -5.70723e-08 0.2412 -0.2412 -0.2416 0.2416 
6.52679 0.00238898 -0.999998 -0.000796326 -0.999997 -0.00238898 -1.26827e-06 -6.34136e-07 0.000796327 -1 0.000215008 -0.0899997 -5.70723e-08 0.1199 -0.1199 -0.1202 0.1202 
6.52679 0.00238898 -0.999998 -0.000796326 0.999997 0.00238898 1.26827e-06 6.34136e-07 -0.000796327 1 0.000215008 0.0899997 5.70723e-08 0.1199 -0.1199 -0.1202 0.1202 
6.52679 -0.00238898 0.999998 0.000796326 -0.999997 -0.00238898 -1.26827e-06 6.34136e-07 -0.000796327 1 -0.000215008 -0.0899997 5.70723e-08 0.1199 -0.1199 -0.1202 0.1202 
6.52679 -0.00238898 0.999998 0.000796326 0.999997 0.00238898 1.26827e-06 -6.34136e-07 0.000796327 -1 -0.000215008 0.0899997 -5.70723e-08 0.1199 -0.1199 -0.1202 0.1202 
6.52289 0.00238898 -0.999998 -0.000796326 -6.34136e-07 0.000796327 -1 0.999997 0.00238898 1.26827e-06 0.000215008 -5.70723e-08 0.0899997 0.1199 -0.1199 -0.1202 0.1202 
6.52289 -0.00238898 0.999998 0.000796326 6.34136e-07 -0.000796327 1 0.999997 0.00238898 1.26827e-06 -0.000215008 5.70723e-08 0.0899997 0.1199 -0.1199 -0.1202 0.1202 
6.52289 0.00238898 -0.999998 -0.000796326 6.34136e-07 -0.000796327 1 -0.999997 -0.00238898 -1.26827e-06 0.000215008 5.70723e-08 -0.0899997 0.1199 -0.1199 -0.1202 0.1202 
6.52289 -0.00238898 0.999998 0.000796326 -6.34136e-07 0.000796327 -1 -0.999997 -0.00238898 -1.26827e-06 -0.000215008 -5.70723e-08 -0.0899997 0.1199 -0.1199 -0.1202 0.1202 
5.22616 -6.34136e-07 0.000796327 -1 0.999997 0.00238898 1.26827e-06 0.00238898 -0.999998 -0.000796326 -5.70723e-08 0.0899997 0.000215008 0.0002 -0.0002 -0.0004 0.0004 
5.22616 6.34136e-07 -0.000796327 1 -0.999997 -0.00238898 -1.26827e-06 0.00238898 -0.999998 -0.000796326 5.70723e-08 -0.0899997 0.000215008 0.0002 -0.0002 -0.0004 0.0004 
5.22616 6.34136e-07 -0.000796327 1 0.999997 0.00238898 1.26827e-06 -0.00238898 0.999998 0.000796326 5.70723e-08 0.0899997 -0.000215008 0.0002 -0.0002 -0.0004 0.0004 
5.22616 -6.34136e-07 0.000796327 -1 -0.999997 -0.00238898 -1.26827e-06 -0.00238898 0.999998 0.000796326 -5.70723e-08 -0.0899997 -0.000215008 0.0002 -0.0002 -0.0004 0.0004 
5.22365 -0.999997 -0.00238898 -1.26827e-06 6.34136e-07 -0.000796327 1 -0.00238898 0.999998 0.000796326 -0.0899997 5.70723e-08 -0.000215008 0.0002 -0.0002 -0.0004 0.0004 
5.22365 -0.999997 -0.00238898 -1.26827e-06 -6.34136e-07 0.000796327 -1 0.00238898 -0.999998 -0.000796326 -0.0899997 -5.70723e-08 0.000215008 0.0002 -0.0002 -0.0004 0.0004 
5.22365 0.999997 0.00238898 1.26827e-06 -6.34136e-07 0.000796327 -1 -0.00238898 0.999998 0.000796326 0.0899997 -5.70723e-08 -0.000215008 0.0002 -0.0002 -0.0004 0.0004 
5.22365 0.999997 0.00238898 1.26827e-06 6.34136e-07 -0.000796327 1 0.00238898 -0.999998 -0.000796326 0.0899997 5.70723e-08 0.000215008 0.0002 -0.0002 -0.0004 0.0004
